# 1,2,3, 4    , 5    , 6    , 7    , 8    , 9    , 10   , 11   , 12    
# x,y,z, Bx_vi, By_vi, Bz_vi, Bx_si, By_si, Bz_si, Bx_th, By_th, Bz_th 
1.002300e+02 1.247790e+02 1.000000e+00 1.318623e-01 -1.798202e+00 -5.761496e+00 1.318622e-08 -1.798202e-07 -5.761495e-07 0.000000e+00 0.000000e+00 0.000000e+00 
1.012943e+02 1.247790e+02 1.000000e+00 1.252678e-01 -1.800478e+00 -5.749551e+00 1.252681e-08 -1.800477e-07 -5.749550e-07 0.000000e+00 0.000000e+00 0.000000e+00 
1.023587e+02 1.247790e+02 1.000000e+00 1.188037e-01 -1.802652e+00 -5.738209e+00 1.188042e-08 -1.802652e-07 -5.738208e-07 0.000000e+00 0.000000e+00 0.000000e+00 
1.034230e+02 1.247790e+02 1.000000e+00 1.124623e-01 -1.804726e+00 -5.727458e+00 1.124627e-08 -1.804726e-07 -5.727458e-07 0.000000e+00 0.000000e+00 0.000000e+00 
1.044874e+02 1.247790e+02 1.000000e+00 1.062363e-01 -1.806699e+00 -5.717289e+00 1.062364e-08 -1.806698e-07 -5.717290e-07 0.000000e+00 0.000000e+00 0.000000e+00 
1.055517e+02 1.247790e+02 1.000000e+00 1.001182e-01 -1.808571e+00 -5.707692e+00 1.001179e-08 -1.808570e-07 -5.707692e-07 0.000000e+00 0.000000e+00 0.000000e+00 
1.066161e+02 1.247790e+02 1.000000e+00 9.410095e-02 -1.810342e+00 -5.698657e+00 9.410048e-09 -1.810342e-07 -5.698657e-07 0.000000e+00 0.000000e+00 0.000000e+00 
1.076804e+02 1.247790e+02 1.000000e+00 8.817769e-02 -1.812013e+00 -5.690176e+00 8.817733e-09 -1.812013e-07 -5.690176e-07 0.000000e+00 0.000000e+00 0.000000e+00 
1.087448e+02 1.247790e+02 1.000000e+00 8.234207e-02 -1.813584e+00 -5.682240e+00 8.234199e-09 -1.813584e-07 -5.682239e-07 0.000000e+00 0.000000e+00 0.000000e+00 
1.098091e+02 1.247790e+02 1.000000e+00 7.658800e-02 -1.815055e+00 -5.674842e+00 7.658820e-09 -1.815054e-07 -5.674841e-07 0.000000e+00 0.000000e+00 0.000000e+00 
1.108735e+02 1.247790e+02 1.000000e+00 7.090952e-02 -1.816425e+00 -5.667974e+00 7.090983e-09 -1.816425e-07 -5.667974e-07 0.000000e+00 0.000000e+00 0.000000e+00 
1.119378e+02 1.247790e+02 1.000000e+00 6.530072e-02 -1.817695e+00 -5.661631e+00 6.530093e-09 -1.817695e-07 -5.661631e-07 0.000000e+00 0.000000e+00 0.000000e+00 
1.130022e+02 1.247790e+02 1.000000e+00 5.975573e-02 -1.818866e+00 -5.655806e+00 5.975572e-09 -1.818866e-07 -5.655806e-07 0.000000e+00 0.000000e+00 0.000000e+00 
1.140665e+02 1.247790e+02 1.000000e+00 5.426875e-02 -1.819937e+00 -5.650495e+00 5.426853e-09 -1.819937e-07 -5.650495e-07 0.000000e+00 0.000000e+00 0.000000e+00 
1.151309e+02 1.247790e+02 1.000000e+00 4.883413e-02 -1.820908e+00 -5.645692e+00 4.883383e-09 -1.820908e-07 -5.645691e-07 0.000000e+00 0.000000e+00 0.000000e+00 
1.161952e+02 1.247790e+02 1.000000e+00 4.344637e-02 -1.821780e+00 -5.641392e+00 4.344619e-09 -1.821779e-07 -5.641391e-07 0.000000e+00 0.000000e+00 0.000000e+00 
1.172596e+02 1.247790e+02 1.000000e+00 3.810018e-02 -1.822552e+00 -5.637592e+00 3.810028e-09 -1.822551e-07 -5.637591e-07 0.000000e+00 0.000000e+00 0.000000e+00 
1.183239e+02 1.247790e+02 1.000000e+00 3.279049e-02 -1.823224e+00 -5.634288e+00 3.279087e-09 -1.823224e-07 -5.634288e-07 0.000000e+00 0.000000e+00 0.000000e+00 
1.193883e+02 1.247790e+02 1.000000e+00 2.751232e-02 -1.823797e+00 -5.631477e+00 2.751279e-09 -1.823797e-07 -5.631477e-07 0.000000e+00 0.000000e+00 0.000000e+00 
1.204526e+02 1.247790e+02 1.000000e+00 2.226067e-02 -1.824271e+00 -5.629157e+00 2.226094e-09 -1.824271e-07 -5.629157e-07 0.000000e+00 0.000000e+00 0.000000e+00 
1.215170e+02 1.247790e+02 1.000000e+00 1.703038e-02 -1.824646e+00 -5.627326e+00 1.703028e-09 -1.824645e-07 -5.627326e-07 0.000000e+00 0.000000e+00 0.000000e+00 
1.225813e+02 1.247790e+02 1.000000e+00 1.181621e-02 -1.824921e+00 -5.625981e+00 1.181581e-09 -1.824920e-07 -5.625981e-07 0.000000e+00 0.000000e+00 0.000000e+00 
1.236457e+02 1.247790e+02 1.000000e+00 6.613006e-03 -1.825097e+00 -5.625122e+00 6.612549e-10 -1.825096e-07 -5.625122e-07 0.000000e+00 0.000000e+00 0.000000e+00 
1.247100e+02 1.247790e+02 1.000000e+00 1.415815e-03 -1.825173e+00 -5.624748e+00 1.415567e-10 -1.825173e-07 -5.624748e-07 0.000000e+00 0.000000e+00 0.000000e+00 
1.257743e+02 1.247790e+02 1.000000e+00 -3.780130e-03 -1.825151e+00 -5.624859e+00 -3.780071e-10 -1.825150e-07 -5.624858e-07 0.000000e+00 0.000000e+00 0.000000e+00 
1.268387e+02 1.247790e+02 1.000000e+00 -8.979565e-03 -1.825029e+00 -5.625453e+00 -8.979296e-10 -1.825029e-07 -5.625453e-07 0.000000e+00 0.000000e+00 0.000000e+00 
1.279030e+02 1.247790e+02 1.000000e+00 -1.418732e-02 -1.824808e+00 -5.626533e+00 -1.418704e-09 -1.824808e-07 -5.626533e-07 0.000000e+00 0.000000e+00 0.000000e+00 
1.289674e+02 1.247790e+02 1.000000e+00 -1.940838e-02 -1.824488e+00 -5.628099e+00 -1.940827e-09 -1.824487e-07 -5.628099e-07 0.000000e+00 0.000000e+00 0.000000e+00 
1.300317e+02 1.247790e+02 1.000000e+00 -2.464783e-02 -1.824068e+00 -5.630152e+00 -2.464795e-09 -1.824068e-07 -5.630152e-07 0.000000e+00 0.000000e+00 0.000000e+00 
1.310961e+02 1.247790e+02 1.000000e+00 -2.991083e-02 -1.823549e+00 -5.632695e+00 -2.991111e-09 -1.823549e-07 -5.632695e-07 0.000000e+00 0.000000e+00 0.000000e+00 
1.321604e+02 1.247790e+02 1.000000e+00 -3.520254e-02 -1.822931e+00 -5.635730e+00 -3.520281e-09 -1.822930e-07 -5.635730e-07 0.000000e+00 0.000000e+00 0.000000e+00 
1.332248e+02 1.247790e+02 1.000000e+00 -4.052812e-02 -1.822213e+00 -5.639260e+00 -4.052818e-09 -1.822212e-07 -5.639259e-07 0.000000e+00 0.000000e+00 0.000000e+00 
1.342891e+02 1.247790e+02 1.000000e+00 -4.589267e-02 -1.821395e+00 -5.643287e+00 -4.589243e-09 -1.821395e-07 -5.643286e-07 0.000000e+00 0.000000e+00 0.000000e+00 
1.353535e+02 1.247790e+02 1.000000e+00 -5.130127e-02 -1.820479e+00 -5.647815e+00 -5.130082e-09 -1.820478e-07 -5.647814e-07 0.000000e+00 0.000000e+00 0.000000e+00 
1.364178e+02 1.247790e+02 1.000000e+00 -5.675913e-02 -1.819462e+00 -5.652848e+00 -5.675872e-09 -1.819462e-07 -5.652848e-07 0.000000e+00 0.000000e+00 0.000000e+00 
1.374822e+02 1.247790e+02 1.000000e+00 -6.227173e-02 -1.818346e+00 -5.658392e+00 -6.227162e-09 -1.818345e-07 -5.658393e-07 0.000000e+00 0.000000e+00 0.000000e+00 
1.385465e+02 1.247790e+02 1.000000e+00 -6.784484e-02 -1.817130e+00 -5.664452e+00 -6.784510e-09 -1.817129e-07 -5.664452e-07 0.000000e+00 0.000000e+00 0.000000e+00 
1.396109e+02 1.247790e+02 1.000000e+00 -7.348442e-02 -1.815814e+00 -5.671034e+00 -7.348489e-09 -1.815813e-07 -5.671033e-07 0.000000e+00 0.000000e+00 0.000000e+00 
1.406752e+02 1.247790e+02 1.000000e+00 -7.919645e-02 -1.814398e+00 -5.678142e+00 -7.919684e-09 -1.814397e-07 -5.678142e-07 0.000000e+00 0.000000e+00 0.000000e+00 
1.417396e+02 1.247790e+02 1.000000e+00 -8.498686e-02 -1.812882e+00 -5.685784e+00 -8.498697e-09 -1.812881e-07 -5.685784e-07 0.000000e+00 0.000000e+00 0.000000e+00 
1.428039e+02 1.247790e+02 1.000000e+00 -9.086165e-02 -1.811265e+00 -5.693968e+00 -9.086147e-09 -1.811265e-07 -5.693967e-07 0.000000e+00 0.000000e+00 0.000000e+00 
1.438683e+02 1.247790e+02 1.000000e+00 -9.682702e-02 -1.809549e+00 -5.702700e+00 -9.682672e-09 -1.809548e-07 -5.702700e-07 0.000000e+00 0.000000e+00 0.000000e+00 
1.449326e+02 1.247790e+02 1.000000e+00 -1.028895e-01 -1.807731e+00 -5.711990e+00 -1.028893e-08 -1.807731e-07 -5.711989e-07 0.000000e+00 0.000000e+00 0.000000e+00 
1.459970e+02 1.247790e+02 1.000000e+00 -1.090560e-01 -1.805813e+00 -5.721846e+00 -1.090560e-08 -1.805813e-07 -5.721846e-07 0.000000e+00 0.000000e+00 0.000000e+00 
1.470613e+02 1.247790e+02 1.000000e+00 -1.153336e-01 -1.803795e+00 -5.732278e+00 -1.153338e-08 -1.803794e-07 -5.732278e-07 0.000000e+00 0.000000e+00 0.000000e+00 
1.481257e+02 1.247790e+02 1.000000e+00 -1.217297e-01 -1.801675e+00 -5.743296e+00 -1.217300e-08 -1.801675e-07 -5.743296e-07 0.000000e+00 0.000000e+00 0.000000e+00 
1.491900e+02 1.247790e+02 1.000000e+00 -1.282520e-01 -1.799455e+00 -5.754911e+00 -1.282522e-08 -1.799454e-07 -5.754910e-07 0.000000e+00 0.000000e+00 0.000000e+00 
