# 1, 2, 3, 4   , 5   , 6   , 7   , 8   , 9   , 10  
# x, y, z, Bx_si, By_si, Bz_si, In_si, Ic_si, Dc_si, dmeas 
5.017023e+05 4.171114e+06 1.617350e+03 -4.590628e-07 5.427189e-08 1.426419e-06 1.499452e-06 7.204404e+01 1.732576e+02 0.000000e+00 
5.017025e+05 4.171115e+06 1.617350e+03 -4.612324e-07 5.355195e-08 1.424635e-06 1.498395e-06 7.194767e+01 1.733773e+02 1.462917e+00 
5.017017e+05 4.171116e+06 1.617350e+03 -4.632412e-07 5.454708e-08 1.423774e-06 1.498232e-06 7.186072e+01 1.732843e+02 3.141891e+00 
5.017033e+05 4.171118e+06 1.617350e+03 -4.652087e-07 5.172540e-08 1.421349e-06 1.496438e-06 7.177237e+01 1.736555e+02 5.068891e+00 
5.017051e+05 4.171118e+06 1.617350e+03 -4.659793e-07 4.888201e-08 1.419696e-06 1.495012e-06 7.173578e+01 1.740115e+02 6.850777e+00 
5.017057e+05 4.171119e+06 1.617350e+03 -4.674450e-07 4.777861e-08 1.418381e-06 1.494186e-06 7.167103e+01 1.741639e+02 7.898114e+00 
5.017070e+05 4.171120e+06 1.617350e+03 -4.700664e-07 4.538962e-08 1.415940e-06 1.492618e-06 7.155512e+01 1.744846e+02 9.905640e+00 
5.017086e+05 4.171121e+06 1.617350e+03 -4.720562e-07 4.286863e-08 1.413879e-06 1.491217e-06 7.146642e+01 1.748111e+02 1.175228e+01 
5.017102e+05 4.171123e+06 1.617350e+03 -4.750929e-07 4.009305e-08 1.411269e-06 1.489631e-06 7.133303e+01 1.751762e+02 1.408905e+01 
5.017116e+05 4.171124e+06 1.617350e+03 -4.779128e-07 3.774569e-08 1.409047e-06 1.488368e-06 7.121012e+01 1.754841e+02 1.616467e+01 
5.017146e+05 4.171125e+06 1.617350e+03 -4.789217e-07 3.336611e-08 1.407061e-06 1.486708e-06 7.116060e+01 1.760147e+02 1.914335e+01 
5.017166e+05 4.171124e+06 1.617350e+03 -4.780688e-07 3.050754e-08 1.406573e-06 1.485910e-06 7.119253e+01 1.763487e+02 2.129784e+01 
5.017177e+05 4.171125e+06 1.617350e+03 -4.802708e-07 2.872729e-08 1.405005e-06 1.485101e-06 7.109677e+01 1.765769e+02 2.294425e+01 
5.017198e+05 4.171127e+06 1.617350e+03 -4.828526e-07 2.557541e-08 1.402968e-06 1.483954e-06 7.098361e+01 1.769680e+02 2.543644e+01 
5.017208e+05 4.171126e+06 1.617350e+03 -4.821294e-07 2.426740e-08 1.402956e-06 1.483686e-06 7.101229e+01 1.771185e+02 2.651729e+01 
5.017222e+05 4.171126e+06 1.617350e+03 -4.822418e-07 2.234187e-08 1.402444e-06 1.483207e-06 7.100515e+01 1.773474e+02 2.789295e+01 
5.017238e+05 4.171127e+06 1.617350e+03 -4.844929e-07 1.996810e-08 1.400919e-06 1.482466e-06 7.090757e+01 1.776399e+02 2.990289e+01 
5.017247e+05 4.171127e+06 1.617350e+03 -4.848945e-07 1.866082e-08 1.400478e-06 1.482163e-06 7.088924e+01 1.777961e+02 3.085429e+01 
5.017260e+05 4.171129e+06 1.617350e+03 -4.874350e-07 1.682905e-08 1.399060e-06 1.481636e-06 7.078096e+01 1.780226e+02 3.269822e+01 
5.017273e+05 4.171130e+06 1.617350e+03 -4.899308e-07 1.501538e-08 1.397749e-06 1.481202e-06 7.067532e+01 1.782446e+02 3.451545e+01 
5.017274e+05 4.171132e+06 1.617350e+03 -4.934748e-07 1.473692e-08 1.396388e-06 1.481092e-06 7.052888e+01 1.782895e+02 3.640440e+01 
5.017271e+05 4.171134e+06 1.617350e+03 -4.965477e-07 1.497265e-08 1.395379e-06 1.481170e-06 7.040359e+01 1.782729e+02 3.803504e+01 
5.017275e+05 4.171135e+06 1.617350e+03 -4.984219e-07 1.437723e-08 1.394674e-06 1.481130e-06 7.032681e+01 1.783477e+02 3.905805e+01 
5.017300e+05 4.171135e+06 1.617350e+03 -4.999434e-07 1.104529e-08 1.393695e-06 1.480693e-06 7.026174e+01 1.787344e+02 4.164617e+01 
5.017300e+05 4.171136e+06 1.617350e+03 -5.022392e-07 1.090122e-08 1.392993e-06 1.480808e-06 7.016908e+01 1.787566e+02 4.279082e+01 
5.017292e+05 4.171139e+06 1.617350e+03 -5.069572e-07 1.181919e-08 1.391839e-06 1.481338e-06 6.998158e+01 1.786644e+02 4.524777e+01 
5.017304e+05 4.171140e+06 1.617350e+03 -5.105398e-07 1.025143e-08 1.390740e-06 1.481524e-06 6.983811e+01 1.788497e+02 4.726816e+01 
5.017319e+05 4.171141e+06 1.617350e+03 -5.128834e-07 8.304082e-09 1.389969e-06 1.481597e-06 6.974404e+01 1.790724e+02 4.909311e+01 
5.017329e+05 4.171142e+06 1.617350e+03 -5.142823e-07 6.941164e-09 1.389525e-06 1.481659e-06 6.968810e+01 1.792267e+02 5.032032e+01 
5.017342e+05 4.171142e+06 1.617350e+03 -5.151029e-07 5.341756e-09 1.389218e-06 1.481650e-06 6.965491e+01 1.794058e+02 5.163004e+01 
5.017351e+05 4.171143e+06 1.617350e+03 -5.165491e-07 4.218976e-09 1.388846e-06 1.481801e-06 6.959786e+01 1.795320e+02 5.272181e+01 
5.017360e+05 4.171145e+06 1.617350e+03 -5.203057e-07 3.000244e-09 1.388057e-06 1.482373e-06 6.945145e+01 1.796696e+02 5.463879e+01 
5.017364e+05 4.171146e+06 1.617350e+03 -5.227250e-07 2.472234e-09 1.387606e-06 1.482801e-06 6.935790e+01 1.797290e+02 5.577126e+01 
5.017370e+05 4.171147e+06 1.617350e+03 -5.253116e-07 1.755235e-09 1.387154e-06 1.483291e-06 6.925834e+01 1.798086e+02 5.702038e+01 
5.017386e+05 4.171148e+06 1.617350e+03 -5.270704e-07 -1.550069e-10 1.386856e-06 1.483635e-06 6.919086e+01 -1.799831e+02 5.874908e+01 
5.017396e+05 4.171148e+06 1.617350e+03 -5.281725e-07 -1.387791e-09 1.386705e-06 1.483886e-06 6.914894e+01 -1.798495e+02 5.986494e+01 
5.017405e+05 4.171149e+06 1.617350e+03 -5.292237e-07 -2.464809e-09 1.386583e-06 1.484148e-06 6.910920e+01 -1.797332e+02 6.085990e+01 
5.017417e+05 4.171149e+06 1.617350e+03 -5.292799e-07 -3.984028e-09 1.386647e-06 1.484231e-06 6.910772e+01 -1.795687e+02 6.211224e+01 
5.017438e+05 4.171149e+06 1.617350e+03 -5.313599e-07 -6.490861e-09 1.386556e-06 1.484898e-06 6.903060e+01 -1.793001e+02 6.438260e+01 
