# 1    , 2      , 3      , 4      , 5      , 6      , 7       
# dmeas, Bx_siB0, By_siB0, Bz_siB0, In_siB0, Ic_siB0, Dc_siB0 
0.000000e+00 2.653875e-05 4.234997e-07 3.595679e-05 4.469201e-05 5.356647e+01 9.142363e-01 
1.462917e+00 2.658282e-05 4.133227e-07 3.561849e-05 4.444653e-05 5.326194e+01 8.907911e-01 
3.141891e+00 2.674746e-05 3.473546e-07 3.559620e-05 4.452681e-05 5.307599e+01 7.440270e-01 
5.068891e+00 2.682534e-05 4.581209e-07 3.524275e-05 4.429289e-05 5.271907e+01 9.783974e-01 
6.850777e+00 2.684576e-05 6.249536e-07 3.494347e-05 4.406962e-05 5.245877e+01 1.333571e+00 
7.898114e+00 2.697760e-05 6.840632e-07 3.482861e-05 4.406008e-05 5.223038e+01 1.452522e+00 
9.905640e+00 2.721247e-05 8.493018e-07 3.471789e-05 4.411997e-05 5.189651e+01 1.787622e+00 
1.175228e+01 2.735153e-05 1.065626e-06 3.468984e-05 4.418853e-05 5.172452e+01 2.231136e+00 
1.408905e+01 2.747875e-05 1.305217e-06 3.483660e-05 4.438889e-05 5.170259e+01 2.719455e+00 
1.616467e+01 2.761400e-05 1.459950e-06 3.501012e-05 4.461360e-05 5.169673e+01 3.026405e+00 
1.914335e+01 2.769682e-05 1.513607e-06 3.530166e-05 4.489557e-05 5.184164e+01 3.128053e+00 
2.129784e+01 2.763006e-05 1.508012e-06 3.541500e-05 4.494349e-05 5.199804e+01 3.124027e+00 
2.294425e+01 2.773521e-05 1.476956e-06 3.553448e-05 4.510125e-05 5.198806e+01 3.048236e+00 
2.543644e+01 2.780690e-05 1.413976e-06 3.573642e-05 4.530248e-05 5.207726e+01 2.910973e+00 
2.651729e+01 2.775374e-05 1.423459e-06 3.577391e-05 4.529977e-05 5.215889e+01 2.936065e+00 
2.789295e+01 2.773915e-05 1.420515e-06 3.586207e-05 4.536041e-05 5.224189e+01 2.931541e+00 
2.990289e+01 2.771646e-05 1.382703e-06 3.606742e-05 4.550794e-05 5.242466e+01 2.855972e+00 
3.085429e+01 2.767202e-05 1.365215e-06 3.616427e-05 4.555720e-05 5.254405e+01 2.824429e+00 
3.269822e+01 2.747692e-05 1.226467e-06 3.625065e-05 4.550379e-05 5.281150e+01 2.555772e+00 
3.451545e+01 2.730684e-05 1.100209e-06 3.614127e-05 4.531077e-05 5.290447e+01 2.307234e+00 
3.640440e+01 2.735789e-05 1.021845e-06 3.588773e-05 4.513787e-05 5.266179e+01 2.139061e+00 
3.803504e+01 2.753599e-05 9.388126e-07 3.578293e-05 4.516116e-05 5.240460e+01 1.952687e+00 
3.905805e+01 2.760902e-05 8.972244e-07 3.578530e-05 4.520676e-05 5.233452e+01 1.861315e+00 
4.164617e+01 2.748344e-05 9.169554e-07 3.573417e-05 4.509003e-05 5.242042e+01 1.910903e+00 
4.279082e+01 2.751484e-05 8.437313e-07 3.572556e-05 4.510093e-05 5.238452e+01 1.756401e+00 
4.524777e+01 2.755259e-05 6.921376e-07 3.582611e-05 4.520104e-05 5.242866e+01 1.439002e+00 
4.726816e+01 2.747920e-05 8.337780e-07 3.560044e-05 4.497991e-05 5.232349e+01 1.737944e+00 
4.909311e+01 2.759651e-05 1.157729e-06 3.542340e-05 4.491909e-05 5.205530e+01 2.402264e+00 
5.032032e+01 2.773798e-05 1.373358e-06 3.542756e-05 4.501548e-05 5.190681e+01 2.834504e+00 
5.163004e+01 2.787473e-05 1.548232e-06 3.548726e-05 4.515245e-05 5.180800e+01 3.179084e+00 
5.272181e+01 2.797354e-05 1.677065e-06 3.559140e-05 4.529988e-05 5.178400e+01 3.430881e+00 
5.463879e+01 2.810746e-05 1.826019e-06 3.586190e-05 4.560088e-05 5.185314e+01 3.717033e+00 
5.577126e+01 2.818023e-05 1.848710e-06 3.606214e-05 4.580416e-05 5.193497e+01 3.753402e+00 
5.702038e+01 2.825140e-05 1.808494e-06 3.632238e-05 4.605136e-05 5.206758e+01 3.662753e+00 
5.874908e+01 2.817698e-05 1.723033e-06 3.660368e-05 4.622489e-05 5.235975e+01 3.499301e+00 
5.986494e+01 2.807752e-05 1.663939e-06 3.676156e-05 4.628745e-05 5.257990e+01 3.391515e+00 
6.085990e+01 2.797763e-05 1.614923e-06 3.689264e-05 4.632950e-05 5.277915e+01 3.303558e+00 
6.211224e+01 2.784208e-05 1.607159e-06 3.701518e-05 4.634532e-05 5.300445e+01 3.303681e+00 
6.438260e+01 2.758144e-05 1.444289e-06 3.723502e-05 4.636020e-05 5.343366e+01 2.997528e+00 
