# 1      , 2      , 3      , 4    , 5     , 6      , 7      , 8      ,                    9              , 10  , 11  , 12  , 13    , 14      
# IGRF_In, IGRF_Ic, IGRF_Dc, dmeas, height, In_siB0, Ic_siB0, Dc_siB0,                    height m (-poh), In_m, Ic_m, Dc_m, min hP, max hP  
4.515490e-05 5.338396e+01 3.320776e+00 0.000000e+00 1.617264e+03 4.469201e-05 5.356647e+01 9.142363e-01 1.617200e+03 4.512688e+01 5.734835e+01 -5.014028e-01 1.613902e+03 1.618269e+03 
4.515490e-05 5.338396e+01 3.320776e+00 1.462917e+00 1.616925e+03 4.444653e-05 5.326194e+01 8.907911e-01 1.616500e+03 4.395462e+01 5.644628e+01 2.832817e-01 1.613902e+03 1.618269e+03 
4.515490e-05 5.338396e+01 3.320776e+00 3.141891e+00 1.617147e+03 4.452681e-05 5.307599e+01 7.440270e-01 1.615600e+03 4.285185e+01 5.445528e+01 1.212275e+00 1.613902e+03 1.618269e+03 
4.515490e-05 5.338396e+01 3.320776e+00 5.068891e+00 1.616373e+03 4.429289e-05 5.271907e+01 9.783974e-01 1.615100e+03 4.356360e+01 5.366400e+01 8.842551e-01 1.613902e+03 1.618269e+03 
4.515490e-05 5.338396e+01 3.320776e+00 6.850777e+00 1.615614e+03 4.406962e-05 5.245877e+01 1.333571e+00 1.614600e+03 4.366848e+01 5.436744e+01 -4.159297e-01 1.613902e+03 1.618269e+03 
4.515490e-05 5.338396e+01 3.320776e+00 7.898114e+00 1.615290e+03 4.406008e-05 5.223038e+01 1.452522e+00 1.614000e+03 4.361484e+01 5.383399e+01 2.539456e-01 1.613902e+03 1.618269e+03 
4.515490e-05 5.338396e+01 3.320776e+00 9.905640e+00 1.614754e+03 4.411997e-05 5.189651e+01 1.787622e+00 1.614200e+03 4.390633e+01 5.353076e+01 -2.788915e-01 1.613902e+03 1.618269e+03 
4.515490e-05 5.338396e+01 3.320776e+00 1.175228e+01 1.614283e+03 4.418853e-05 5.172452e+01 2.231136e+00 1.613500e+03 4.341071e+01 5.286854e+01 -8.125821e-01 1.613902e+03 1.618269e+03 
4.515490e-05 5.338396e+01 3.320776e+00 1.408905e+01 1.614120e+03 4.438889e-05 5.170259e+01 2.719455e+00 1.612000e+03 4.299787e+01 5.236421e+01 1.028947e+00 1.613902e+03 1.618269e+03 
4.515490e-05 5.338396e+01 3.320776e+00 1.616467e+01 1.614168e+03 4.461360e-05 5.169673e+01 3.026405e+00 1.612300e+03 4.267101e+01 5.165917e+01 3.401041e-01 1.613902e+03 1.618269e+03 
4.515490e-05 5.338396e+01 3.320776e+00 1.914335e+01 1.614072e+03 4.489557e-05 5.184164e+01 3.128053e+00 1.612500e+03 4.329734e+01 5.253257e+01 4.027359e+00 1.613902e+03 1.618269e+03 
4.515490e-05 5.338396e+01 3.320776e+00 2.129784e+01 1.613902e+03 4.494349e-05 5.199804e+01 3.124027e+00 1.612300e+03 4.332295e+01 5.205669e+01 2.739215e+00 1.613902e+03 1.618269e+03 
4.515490e-05 5.338396e+01 3.320776e+00 2.294425e+01 1.614012e+03 4.510125e-05 5.198806e+01 3.048236e+00 1.612200e+03 4.392894e+01 5.136204e+01 2.961996e+00 1.613902e+03 1.618269e+03 
4.515490e-05 5.338396e+01 3.320776e+00 2.543644e+01 1.614173e+03 4.530248e-05 5.207726e+01 2.910973e+00 1.612800e+03 4.467428e+01 5.180661e+01 6.120830e+00 1.613902e+03 1.618269e+03 
4.515490e-05 5.338396e+01 3.320776e+00 2.651729e+01 1.614058e+03 4.529977e-05 5.215889e+01 2.936065e+00 1.614100e+03 4.522401e+01 5.240837e+01 3.259048e+00 1.613902e+03 1.618269e+03 
4.515490e-05 5.338396e+01 3.320776e+00 2.789295e+01 1.613996e+03 4.536041e-05 5.224189e+01 2.931541e+00 1.614100e+03 4.557778e+01 5.331225e+01 2.814648e+00 1.613902e+03 1.618269e+03 
4.515490e-05 5.338396e+01 3.320776e+00 2.990289e+01 1.614211e+03 4.550794e-05 5.242466e+01 2.855972e+00 1.613700e+03 4.530444e+01 5.340551e+01 -9.415508e-01 1.613902e+03 1.618269e+03 
4.515490e-05 5.338396e+01 3.320776e+00 3.085429e+01 1.614253e+03 4.555720e-05 5.254405e+01 2.824429e+00 1.613400e+03 4.468424e+01 5.303881e+01 -7.871670e-01 1.613902e+03 1.618269e+03 
4.515490e-05 5.338396e+01 3.320776e+00 3.269822e+01 1.614560e+03 4.550379e-05 5.281150e+01 2.555772e+00 1.613200e+03 4.461770e+01 5.367143e+01 -6.985970e-01 1.613902e+03 1.618269e+03 
4.515490e-05 5.338396e+01 3.320776e+00 3.451545e+01 1.614570e+03 4.531077e-05 5.290447e+01 2.307234e+00 1.613400e+03 4.464994e+01 5.332784e+01 -6.710090e-01 1.613902e+03 1.618269e+03 
4.515490e-05 5.338396e+01 3.320776e+00 3.640440e+01 1.614594e+03 4.513787e-05 5.266179e+01 2.139061e+00 1.613700e+03 4.484232e+01 5.399804e+01 -3.772879e-02 1.613902e+03 1.618269e+03 
4.515490e-05 5.338396e+01 3.320776e+00 3.803504e+01 1.614730e+03 4.516116e-05 5.240460e+01 1.952687e+00 1.613900e+03 4.463657e+01 5.362991e+01 -7.089642e-01 1.613902e+03 1.618269e+03 
4.515490e-05 5.338396e+01 3.320776e+00 3.905805e+01 1.614811e+03 4.520676e-05 5.233452e+01 1.861315e+00 1.613300e+03 4.440615e+01 5.348960e+01 4.315544e-01 1.613902e+03 1.618269e+03 
4.515490e-05 5.338396e+01 3.320776e+00 4.164617e+01 1.614530e+03 4.509003e-05 5.242042e+01 1.910903e+00 1.612200e+03 4.485111e+01 5.344340e+01 9.013794e-01 1.613902e+03 1.618269e+03 
4.515490e-05 5.338396e+01 3.320776e+00 4.279082e+01 1.614701e+03 4.510093e-05 5.238452e+01 1.756401e+00 1.612300e+03 4.509406e+01 5.216403e+01 nan 1.613902e+03 1.618269e+03 
4.515490e-05 5.338396e+01 3.320776e+00 4.524777e+01 1.615354e+03 4.520104e-05 5.242866e+01 1.439002e+00 1.613900e+03 4.543660e+01 5.433327e+01 -8.227240e-01 1.613902e+03 1.618269e+03 
4.515490e-05 5.338396e+01 3.320776e+00 4.726816e+01 1.615255e+03 4.497991e-05 5.232349e+01 1.737944e+00 1.614500e+03 4.507020e+01 5.541482e+01 -3.832664e-01 1.613902e+03 1.618269e+03 
4.515490e-05 5.338396e+01 3.320776e+00 4.909311e+01 1.615000e+03 4.491909e-05 5.205530e+01 2.402264e+00 1.613300e+03 4.318558e+01 5.366140e+01 nan 1.613902e+03 1.618269e+03 
4.515490e-05 5.338396e+01 3.320776e+00 5.032032e+01 1.614945e+03 4.501548e-05 5.190681e+01 2.834504e+00 1.613300e+03 4.387436e+01 5.201117e+01 nan 1.613902e+03 1.618269e+03 
4.515490e-05 5.338396e+01 3.320776e+00 5.163004e+01 1.614916e+03 4.515245e-05 5.180800e+01 3.179084e+00 1.614200e+03 4.523039e+01 5.308611e+01 nan 1.613902e+03 1.618269e+03 
4.515490e-05 5.338396e+01 3.320776e+00 5.272181e+01 1.615088e+03 4.529988e-05 5.178400e+01 3.430881e+00 1.614000e+03 4.552137e+01 5.269957e+01 nan 1.613902e+03 1.618269e+03 
4.515490e-05 5.338396e+01 3.320776e+00 5.463879e+01 1.615708e+03 4.560088e-05 5.185314e+01 3.717033e+00 1.614400e+03 4.529151e+01 5.342410e+01 nan 1.613902e+03 1.618269e+03 
4.515490e-05 5.338396e+01 3.320776e+00 5.577126e+01 1.616161e+03 4.580416e-05 5.193497e+01 3.753402e+00 1.614600e+03 4.482296e+01 5.254019e+01 nan 1.613902e+03 1.618269e+03 
4.515490e-05 5.338396e+01 3.320776e+00 5.702038e+01 1.616696e+03 4.605136e-05 5.206758e+01 3.662753e+00 1.614800e+03 4.482325e+01 5.144452e+01 nan 1.613902e+03 1.618269e+03 
4.515490e-05 5.338396e+01 3.320776e+00 5.874908e+01 1.617167e+03 4.622489e-05 5.235975e+01 3.499301e+00 1.616300e+03 4.659160e+01 5.444346e+01 nan 1.613902e+03 1.618269e+03 
4.515490e-05 5.338396e+01 3.320776e+00 5.986494e+01 1.617458e+03 4.628745e-05 5.257990e+01 3.391515e+00 1.617500e+03 4.670509e+01 5.460439e+01 nan 1.613902e+03 1.618269e+03 
4.515490e-05 5.338396e+01 3.320776e+00 6.085990e+01 1.617683e+03 4.632950e-05 5.277915e+01 3.303558e+00 1.618100e+03 4.662606e+01 5.522972e+01 2.790895e+00 1.613902e+03 1.618269e+03 
4.515490e-05 5.338396e+01 3.320776e+00 6.211224e+01 1.617847e+03 4.634532e-05 5.300445e+01 3.303681e+00 1.618900e+03 4.641214e+01 5.582490e+01 1.317295e+00 1.613902e+03 1.618269e+03 
4.515490e-05 5.338396e+01 3.320776e+00 6.438260e+01 1.618269e+03 4.636020e-05 5.343366e+01 2.997528e+00 1.618900e+03 4.642373e+01 5.581759e+01 1.604701e+00 1.613902e+03 1.618269e+03 
