# 1, 2, 3, 4   , 5   , 6   , 7   , 8   , 9   , 10  
# x, y, z, Bx_si, By_si, Bz_si, In_si, Ic_si, Dc_si, dmeas 
5.017023e+05 4.171114e+06 1.617264e+03 -1.136600e-06 -3.486509e-07 2.868053e-07 1.222978e-06 -1.356297e+01 -1.070533e+02 0.000000e+00 
5.017025e+05 4.171115e+06 1.616925e+03 -1.146777e-06 -3.045838e-07 6.251065e-07 1.341129e-06 -2.778173e+01 -1.048743e+02 1.462917e+00 
5.017017e+05 4.171116e+06 1.617147e+03 -1.212745e-06 -1.399371e-07 6.473993e-07 1.381832e-06 -2.793749e+01 -9.658218e+01 3.141891e+00 
5.017033e+05 4.171118e+06 1.616373e+03 -1.101979e-06 -6.205937e-08 1.000847e-06 1.489934e-06 -4.220142e+01 -9.322328e+01 5.068891e+00 
5.017051e+05 4.171118e+06 1.615614e+03 -9.351464e-07 -4.163582e-08 1.300129e-06 1.602051e-06 -5.424670e+01 -9.254931e+01 6.850777e+00 
5.017057e+05 4.171119e+06 1.615290e+03 -8.760368e-07 9.019518e-08 1.414992e-06 1.666667e-06 -5.810255e+01 -8.412164e+01 7.898114e+00 
5.017070e+05 4.171120e+06 1.614754e+03 -7.107982e-07 3.250717e-07 1.525706e-06 1.714259e-06 -6.287436e+01 -6.542380e+01 9.905640e+00 
5.017086e+05 4.171121e+06 1.614283e+03 -4.944742e-07 4.641315e-07 1.553764e-06 1.695319e-06 -6.642003e+01 -4.681298e+01 1.175228e+01 
5.017102e+05 4.171123e+06 1.614120e+03 -2.548834e-07 5.913527e-07 1.407003e-06 1.547359e-06 -6.540783e+01 -2.331689e+01 1.408905e+01 
5.017116e+05 4.171124e+06 1.614168e+03 -1.001500e-07 7.266004e-07 1.233479e-06 1.435078e-06 -5.926279e+01 -7.847842e+00 1.616467e+01 
5.017146e+05 4.171125e+06 1.614072e+03 -4.649265e-08 8.094221e-07 9.419361e-07 1.242807e-06 -4.928031e+01 -3.287419e+00 1.914335e+01 
5.017166e+05 4.171124e+06 1.613902e+03 -5.208806e-08 7.426641e-07 8.285967e-07 1.113928e-06 -4.806052e+01 -4.011971e+00 2.129784e+01 
5.017177e+05 4.171125e+06 1.614012e+03 -8.314442e-08 8.478132e-07 7.091151e-07 1.108397e-06 -3.977439e+01 -5.601045e+00 2.294425e+01 
5.017198e+05 4.171127e+06 1.614173e+03 -1.461241e-07 9.195005e-07 5.071842e-07 1.060221e-06 -2.857938e+01 -9.029756e+00 2.543644e+01 
5.017208e+05 4.171126e+06 1.614058e+03 -1.366412e-07 8.663417e-07 4.696887e-07 9.949001e-07 -2.817046e+01 -8.962976e+00 2.651729e+01 
5.017222e+05 4.171126e+06 1.613996e+03 -1.395852e-07 8.517512e-07 3.815302e-07 9.436787e-07 -2.384733e+01 -9.306919e+00 2.789295e+01 
5.017238e+05 4.171127e+06 1.614211e+03 -1.773967e-07 8.290618e-07 1.761810e-07 8.659404e-07 -1.173914e+01 -1.207762e+01 2.990289e+01 
5.017247e+05 4.171127e+06 1.614253e+03 -1.948855e-07 7.846173e-07 7.933195e-08 8.123412e-07 -5.604347e+00 -1.394900e+01 3.085429e+01 
5.017260e+05 4.171129e+06 1.614560e+03 -3.336333e-07 5.895215e-07 -7.053593e-09 6.774190e-07 5.966003e-01 -2.950722e+01 3.269822e+01 
5.017273e+05 4.171130e+06 1.614570e+03 -4.598907e-07 4.194396e-07 1.023267e-07 6.307930e-07 -9.335727e+00 -4.763388e+01 3.451545e+01 
5.017274e+05 4.171132e+06 1.614594e+03 -5.382550e-07 4.704885e-07 3.558678e-07 7.985736e-07 -2.646361e+01 -4.884330e+01 3.640440e+01 
5.017271e+05 4.171134e+06 1.614730e+03 -6.212874e-07 6.485892e-07 4.606732e-07 1.009399e-06 -2.715400e+01 -4.376836e+01 3.803504e+01 
5.017275e+05 4.171135e+06 1.614811e+03 -6.628756e-07 7.216240e-07 4.582982e-07 1.081750e-06 -2.506612e+01 -4.257023e+01 3.905805e+01 
5.017300e+05 4.171135e+06 1.614530e+03 -6.431446e-07 5.960425e-07 5.094317e-07 1.014112e-06 -3.015512e+01 -4.717679e+01 4.164617e+01 
5.017300e+05 4.171136e+06 1.614701e+03 -7.163687e-07 6.274361e-07 5.180355e-07 1.084076e-06 -2.854566e+01 -4.878630e+01 4.279082e+01 
5.017292e+05 4.171139e+06 1.615354e+03 -8.679624e-07 6.651895e-07 4.174947e-07 1.170529e-06 -2.089594e+01 -5.253415e+01 4.524777e+01 
5.017304e+05 4.171140e+06 1.615255e+03 -7.263220e-07 5.917952e-07 6.431614e-07 1.136407e-06 -3.446900e+01 -5.082742e+01 4.726816e+01 
5.017319e+05 4.171141e+06 1.615000e+03 -4.023712e-07 7.091060e-07 8.201987e-07 1.156486e-06 -4.517119e+01 -2.957207e+01 4.909311e+01 
5.017329e+05 4.171142e+06 1.614945e+03 -1.867421e-07 8.505765e-07 8.160450e-07 1.193433e-06 -4.313969e+01 -1.238269e+01 5.032032e+01 
5.017342e+05 4.171142e+06 1.614916e+03 -1.186796e-08 9.873320e-07 7.563366e-07 1.243789e-06 -3.745159e+01 -6.886756e-01 5.163004e+01 
5.017351e+05 4.171143e+06 1.615088e+03 1.169652e-07 1.086137e-06 6.522029e-07 1.272298e-06 -3.083836e+01 6.146449e+00 5.272181e+01 
5.017360e+05 4.171145e+06 1.615708e+03 2.659189e-07 1.220063e-06 3.816976e-07 1.305741e-06 -1.699706e+01 1.229562e+01 5.463879e+01 
5.017364e+05 4.171146e+06 1.616161e+03 2.886103e-07 1.292830e-06 1.814563e-07 1.337023e-06 -7.800062e+00 1.258433e+01 5.577126e+01 
5.017370e+05 4.171147e+06 1.616696e+03 2.483943e-07 1.364000e-06 -7.878313e-08 1.388669e-06 3.252299e+00 1.032088e+01 5.702038e+01 
5.017386e+05 4.171148e+06 1.617167e+03 1.629330e-07 1.289580e-06 -3.600757e-07 1.348784e-06 1.548364e+01 7.200923e+00 5.874908e+01 
5.017396e+05 4.171148e+06 1.617458e+03 1.038390e-07 1.190116e-06 -5.179648e-07 1.302093e-06 2.344035e+01 4.986496e+00 5.986494e+01 
5.017405e+05 4.171149e+06 1.617683e+03 5.482320e-08 1.090232e-06 -6.490413e-07 1.269987e-06 3.073456e+01 2.878740e+00 6.085990e+01 
5.017417e+05 4.171149e+06 1.617847e+03 4.705928e-08 9.546831e-07 -7.715832e-07 1.228403e-06 3.891146e+01 2.822002e+00 6.211224e+01 
5.017438e+05 4.171149e+06 1.618269e+03 -1.158108e-07 6.940446e-07 -9.914155e-07 1.215736e-06 5.463541e+01 -9.473305e+00 6.438260e+01 
