# 1, 2, 3, 4   , 5   , 6   , 7   , 8   , 9   , 10  
# x, y, z, Bx_si, By_si, Bz_si, In_si, Ic_si, Dc_si, dmeas 
5.053786e+05 4.183254e+06 1.548688e+03 -4.483519e-07 -7.619596e-07 8.968105e-08 8.886195e-07 -5.792253e+00 -1.495266e+02 0.000000e+00 
5.053776e+05 4.183252e+06 1.549073e+03 -5.267235e-07 -7.732696e-07 -1.261271e-07 9.440824e-07 7.677531e+00 -1.457387e+02 1.770119e+00 
5.053773e+05 4.183251e+06 1.549267e+03 -6.034984e-07 -7.385513e-07 -2.980998e-07 9.992656e-07 1.735666e+01 -1.407464e+02 3.146847e+00 
5.053769e+05 4.183250e+06 1.549503e+03 -6.851549e-07 -6.784335e-07 -5.272855e-07 1.098972e-06 2.867227e+01 -1.347176e+02 4.575502e+00 
5.053759e+05 4.183248e+06 1.549874e+03 -7.440489e-07 -4.422224e-07 -8.472163e-07 1.211175e-06 4.438686e+01 -1.207250e+02 6.300592e+00 
5.053754e+05 4.183248e+06 1.549857e+03 -7.547805e-07 -2.426960e-07 -1.003264e-06 1.278723e-06 5.168208e+01 -1.078249e+02 7.239846e+00 
5.053746e+05 4.183246e+06 1.549704e+03 -6.496206e-07 1.920085e-07 -1.103404e-06 1.294749e-06 5.845337e+01 -7.353389e+01 9.133138e+00 
5.053740e+05 4.183245e+06 1.549616e+03 -5.321816e-07 4.074918e-07 -1.108822e-06 1.295667e-06 5.884738e+01 -5.255870e+01 1.030244e+01 
5.053734e+05 4.183243e+06 1.549369e+03 -3.512634e-07 6.832331e-07 -1.060087e-06 1.309190e-06 5.406933e+01 -2.720858e+01 1.176243e+01 
5.053722e+05 4.183242e+06 1.548940e+03 -1.024519e-07 9.454739e-07 -8.682852e-07 1.287764e-06 4.239655e+01 -6.184462e+00 1.341405e+01 
5.053713e+05 4.183241e+06 1.548477e+03 3.938613e-08 1.065840e-06 -5.820326e-07 1.215043e-06 2.862157e+01 2.116295e+00 1.491888e+01 
5.053710e+05 4.183240e+06 1.548150e+03 8.408299e-08 1.101929e-06 -4.073764e-07 1.177826e-06 2.023501e+01 4.363513e+00 1.586875e+01 
5.053706e+05 4.183239e+06 1.547722e+03 1.230687e-07 1.109394e-06 -1.704142e-07 1.129133e-06 8.680521e+00 6.330124e+00 1.712854e+01 
5.053708e+05 4.183238e+06 1.547418e+03 1.144939e-07 1.094853e-06 -3.673640e-08 1.101436e-06 1.911351e+00 5.969987e+00 1.806658e+01 
5.053707e+05 4.183237e+06 1.547155e+03 9.156126e-08 1.053754e-06 9.440539e-08 1.061929e-06 -5.100325e+00 4.965991e+00 1.902073e+01 
5.053703e+05 4.183236e+06 1.546832e+03 4.711561e-08 9.722850e-07 2.885387e-07 1.015289e-06 -1.651065e+01 2.774305e+00 2.031159e+01 
5.053695e+05 4.183234e+06 1.546373e+03 -6.310434e-08 8.106613e-07 6.269226e-07 1.026736e-06 -3.763275e+01 -4.451102e+00 2.240196e+01 
5.053695e+05 4.183232e+06 1.546104e+03 -2.524485e-07 5.723438e-07 8.326932e-07 1.041482e-06 -5.308495e+01 -2.380124e+01 2.431294e+01 
5.053694e+05 4.183231e+06 1.546036e+03 -3.384559e-07 4.861860e-07 8.665172e-07 1.049658e-06 -5.564161e+01 -3.484351e+01 2.511312e+01 
5.053696e+05 4.183230e+06 1.545902e+03 -4.186664e-07 4.241859e-07 8.952841e-07 1.075523e-06 -5.634791e+01 -4.462480e+01 2.619184e+01 
5.053703e+05 4.183229e+06 1.545690e+03 -4.535553e-07 4.165455e-07 9.174021e-07 1.104920e-06 -5.612833e+01 -4.743561e+01 2.728995e+01 
5.053714e+05 4.183229e+06 1.545383e+03 -4.981453e-07 3.584557e-07 1.007429e-06 1.179641e-06 -5.865091e+01 -5.426194e+01 2.862840e+01 
5.053701e+05 4.183228e+06 1.545673e+03 -5.515916e-07 1.516830e-07 9.484063e-07 1.107581e-06 -5.890213e+01 -7.462420e+01 3.010744e+01 
5.053705e+05 4.183227e+06 1.545734e+03 -5.373360e-07 -5.936675e-09 7.919311e-07 9.570372e-07 -5.584095e+01 -9.063300e+01 3.137230e+01 
5.053705e+05 4.183226e+06 1.545844e+03 -4.925118e-07 -6.417071e-08 6.135698e-07 7.894008e-07 -5.101040e+01 -9.742340e+01 3.236030e+01 
5.053711e+05 4.183225e+06 1.545924e+03 -4.135836e-07 -9.787138e-08 3.868461e-07 5.747000e-07 -4.230887e+01 -1.033137e+02 3.332679e+01 
5.053710e+05 4.183224e+06 1.546053e+03 -3.617169e-07 4.829952e-08 1.677738e-07 4.016467e-07 -2.469041e+01 -8.239437e+01 3.427124e+01 
5.053712e+05 4.183222e+06 1.545808e+03 -2.707081e-07 4.425707e-07 -3.721165e-08 5.201311e-07 4.102607e+00 -3.145296e+01 3.572850e+01 
5.053709e+05 4.183220e+06 1.545180e+03 -2.841086e-07 8.570811e-07 2.789310e-07 9.450440e-07 -1.716661e+01 -1.833953e+01 3.775608e+01 
5.053707e+05 4.183219e+06 1.544910e+03 -3.315412e-07 9.242446e-07 4.545085e-07 1.082001e-06 -2.483856e+01 -1.973371e+01 3.869052e+01 
5.053708e+05 4.183218e+06 1.544499e+03 -3.721898e-07 9.254162e-07 7.194203e-07 1.229832e-06 -3.580120e+01 -2.190932e+01 4.015626e+01 
5.053707e+05 4.183218e+06 1.544443e+03 -3.791001e-07 8.961844e-07 7.707337e-07 1.241327e-06 -3.838150e+01 -2.292913e+01 4.058283e+01 
5.053703e+05 4.183217e+06 1.544381e+03 -3.888769e-07 8.610078e-07 8.317546e-07 1.258720e-06 -4.136047e+01 -2.430647e+01 4.128265e+01 
5.053696e+05 4.183216e+06 1.544281e+03 -4.030282e-07 8.341015e-07 9.405610e-07 1.320156e-06 -4.543558e+01 -2.578930e+01 4.246641e+01 
5.053691e+05 4.183214e+06 1.543951e+03 -3.936919e-07 7.525001e-07 1.212884e-06 1.480655e-06 -5.500021e+01 -2.761760e+01 4.448332e+01 
5.053687e+05 4.183213e+06 1.543826e+03 -4.270484e-07 5.747715e-07 1.364241e-06 1.540742e-06 -6.230622e+01 -3.661191e+01 4.600778e+01 
5.053690e+05 4.183212e+06 1.543720e+03 -4.004929e-07 4.872085e-07 1.382830e-06 1.519864e-06 -6.548300e+01 -3.942073e+01 4.700002e+01 
5.053690e+05 4.183211e+06 1.543668e+03 -4.223441e-07 4.277824e-07 1.404695e-06 1.527921e-06 -6.683139e+01 -4.463348e+01 4.792167e+01 
5.053692e+05 4.183209e+06 1.543582e+03 -3.977735e-07 3.697393e-07 1.419186e-06 1.519546e-06 -6.905980e+01 -4.709186e+01 4.940948e+01 
5.053691e+05 4.183208e+06 1.543533e+03 -4.436234e-07 3.440970e-07 1.444508e-06 1.549776e-06 -6.876060e+01 -5.220102e+01 5.031141e+01 
5.053689e+05 4.183207e+06 1.543521e+03 -4.832235e-07 3.395789e-07 1.448313e-06 1.564106e-06 -6.781481e+01 -5.490287e+01 5.133268e+01 
5.053690e+05 4.183206e+06 1.543512e+03 -4.407106e-07 3.432832e-07 1.429162e-06 1.534462e-06 -6.865044e+01 -5.208387e+01 5.243525e+01 
5.053689e+05 4.183205e+06 1.543499e+03 -4.278594e-07 3.610752e-07 1.428106e-06 1.533925e-06 -6.859348e+01 -4.983861e+01 5.361448e+01 
5.053686e+05 4.183204e+06 1.543522e+03 -4.072895e-07 3.696135e-07 1.471605e-06 1.571025e-06 -6.950723e+01 -4.777639e+01 5.513112e+01 
5.053685e+05 4.183202e+06 1.543642e+03 -3.565037e-07 2.798896e-07 1.478006e-06 1.545941e-06 -7.295125e+01 -5.186468e+01 5.635424e+01 
5.053685e+05 4.183202e+06 1.543706e+03 -3.378395e-07 2.328317e-07 1.456956e-06 1.513627e-06 -7.427201e+01 -5.542622e+01 5.692024e+01 
5.053680e+05 4.183200e+06 1.543949e+03 -3.399401e-07 1.432130e-07 1.385982e-06 1.434230e-06 -7.509636e+01 -6.715484e+01 5.870680e+01 
5.053681e+05 4.183199e+06 1.544091e+03 -2.915316e-07 4.236655e-08 1.362197e-06 1.393688e-06 -7.779692e+01 -8.173143e+01 6.015274e+01 
5.053678e+05 4.183198e+06 1.544246e+03 -2.878445e-07 -4.073953e-08 1.345875e-06 1.376915e-06 -7.781120e+01 -9.805574e+01 6.106749e+01 
5.053674e+05 4.183196e+06 1.544599e+03 -2.974144e-07 -2.024508e-07 1.232684e-06 1.284115e-06 -7.372921e+01 -1.242432e+02 6.279621e+01 
5.053670e+05 4.183195e+06 1.544846e+03 -3.304309e-07 -2.810371e-07 1.133059e-06 1.213255e-06 -6.905109e+01 -1.303817e+02 6.389769e+01 
5.053671e+05 4.183194e+06 1.545105e+03 -3.358623e-07 -3.376771e-07 9.557835e-07 1.067872e-06 -6.351297e+01 -1.351544e+02 6.529006e+01 
5.053677e+05 4.183193e+06 1.545167e+03 -2.847310e-07 -3.430839e-07 8.601967e-07 9.688739e-07 -6.260200e+01 -1.403102e+02 6.649298e+01 
5.053674e+05 4.183192e+06 1.545333e+03 -2.995175e-07 -3.221985e-07 7.571667e-07 8.756849e-07 -5.984352e+01 -1.370893e+02 6.760145e+01 
5.053677e+05 4.183190e+06 1.545422e+03 -2.516076e-07 -3.124631e-07 6.643729e-07 7.760998e-07 -5.887488e+01 -1.411576e+02 6.883254e+01 
5.053677e+05 4.183190e+06 1.545472e+03 -2.494237e-07 -3.026322e-07 6.232474e-07 7.363666e-07 -5.782031e+01 -1.405053e+02 6.925489e+01 
