# 1      , 2      , 3      , 4    , 5     , 6      , 7      , 8      ,                    9              , 10  , 11  , 12  , 13    , 14      
# IGRF_In, IGRF_Ic, IGRF_Dc, dmeas, height, In_siB0, Ic_siB0, Dc_siB0,                    height m (-poh), In_m, Ic_m, Dc_m, min hP, max hP  
4.520184e-05 5.352726e+01 3.334743e+00 0.000000e+00 1.548688e+03 4.466763e-05 5.426720e+01 2.448964e+00 1.534100e+03 4.452189e+01 5.470669e+01 -1.899683e+00 1.543499e+03 1.549874e+03 
4.520184e-05 5.352726e+01 3.334743e+00 1.770119e+00 1.549073e+03 4.483454e-05 5.444334e+01 2.277951e+00 1.535100e+03 4.524486e+01 5.508519e+01 -2.970921e+00 1.543499e+03 1.549874e+03 
4.520184e-05 5.352726e+01 3.334743e+00 3.146847e+00 1.549267e+03 4.499297e-05 5.453779e+01 2.106538e+00 1.536000e+03 4.583535e+01 5.504976e+01 -3.755586e+00 1.543499e+03 1.549874e+03 
4.520184e-05 5.352726e+01 3.334743e+00 4.575502e+00 1.549503e+03 4.521292e-05 5.464724e+01 1.922978e+00 1.536600e+03 4.668556e+01 5.470954e+01 -4.265601e+00 1.543499e+03 1.549874e+03 
4.520184e-05 5.352726e+01 3.334743e+00 6.300592e+00 1.549874e+03 4.560936e-05 5.463984e+01 1.778002e+00 1.535700e+03 4.753100e+01 5.358031e+01 -1.196991e+02 1.543499e+03 1.549874e+03 
4.520184e-05 5.352726e+01 3.334743e+00 7.239846e+00 1.549857e+03 4.585190e-05 5.454978e+01 1.741554e+00 1.534900e+03 4.704440e+01 5.314232e+01 -1.237158e+02 1.543499e+03 1.549874e+03 
4.520184e-05 5.352726e+01 3.334743e+00 9.133138e+00 1.549704e+03 4.618839e-05 5.417937e+01 1.936344e+00 1.534700e+03 4.634953e+01 5.332995e+01 -1.289162e+02 1.543499e+03 1.549874e+03 
4.520184e-05 5.352726e+01 3.334743e+00 1.030244e+01 1.549616e+03 4.632161e-05 5.396309e+01 2.167810e+00 1.534500e+03 4.627818e+01 5.331609e+01 -1.251275e+02 1.543499e+03 1.549874e+03 
4.520184e-05 5.352726e+01 3.334743e+00 1.176243e+01 1.549369e+03 4.644935e-05 5.364553e+01 2.522310e+00 1.534300e+03 4.628207e+01 5.191926e+01 -1.413412e+02 1.543499e+03 1.549874e+03 
4.520184e-05 5.352726e+01 3.334743e+00 1.341405e+01 1.548940e+03 4.645848e-05 5.323321e+01 3.010691e+00 1.534300e+03 4.638607e+01 5.268000e+01 -1.486951e+02 1.543499e+03 1.549874e+03 
4.520184e-05 5.352726e+01 3.334743e+00 1.491888e+01 1.548477e+03 4.630658e-05 5.289436e+01 3.288228e+00 1.534600e+03 4.620936e+01 5.185390e+01 -1.172118e+02 1.543499e+03 1.549874e+03 
4.520184e-05 5.352726e+01 3.334743e+00 1.586875e+01 1.548150e+03 4.619079e-05 5.272545e+01 3.375382e+00 1.534700e+03 4.612610e+01 5.114657e+01 -1.330521e+02 1.543499e+03 1.549874e+03 
4.520184e-05 5.352726e+01 3.334743e+00 1.712854e+01 1.547722e+03 4.600840e-05 5.253704e+01 3.454164e+00 1.535100e+03 4.554939e+01 5.001300e+01 -1.290301e+02 1.543499e+03 1.549874e+03 
4.520184e-05 5.352726e+01 3.334743e+00 1.806658e+01 1.547418e+03 4.589320e-05 5.245042e+01 3.438425e+00 1.535600e+03 4.429794e+01 4.898303e+01 -1.173138e+02 1.543499e+03 1.549874e+03 
4.520184e-05 5.352726e+01 3.334743e+00 1.902073e+01 1.547155e+03 4.576341e-05 5.239244e+01 3.396518e+00 1.535400e+03 4.283494e+01 4.758430e+01 -1.325454e+02 1.543499e+03 1.549874e+03 
4.520184e-05 5.352726e+01 3.334743e+00 2.031159e+01 1.546832e+03 4.555843e-05 5.232707e+01 3.315150e+00 1.535600e+03 4.193808e+01 4.846227e+01 -1.155792e+02 1.543499e+03 1.549874e+03 
4.520184e-05 5.352726e+01 3.334743e+00 2.240196e+01 1.546373e+03 4.518826e-05 5.223300e+01 3.106697e+00 1.536400e+03 4.069776e+01 5.172789e+01 -1.218121e+02 1.543499e+03 1.549874e+03 
4.520184e-05 5.352726e+01 3.334743e+00 2.431294e+01 1.546104e+03 4.487397e-05 5.232206e+01 2.738725e+00 1.537200e+03 4.053557e+01 5.316216e+01 -1.147136e+02 1.543499e+03 1.549874e+03 
4.520184e-05 5.352726e+01 3.334743e+00 2.511312e+01 1.546036e+03 4.479219e-05 5.238678e+01 2.567301e+00 1.537700e+03 4.180280e+01 5.452383e+01 -1.137489e+02 1.543499e+03 1.549874e+03 
4.520184e-05 5.352726e+01 3.334743e+00 2.619184e+01 1.545902e+03 4.472949e-05 5.243067e+01 2.404793e+00 1.538100e+03 4.323739e+01 5.370023e+01 -3.161127e+00 1.543499e+03 1.549874e+03 
4.520184e-05 5.352726e+01 3.334743e+00 2.728995e+01 1.545690e+03 4.470642e-05 5.242261e+01 2.332211e+00 1.538600e+03 4.387863e+01 5.397607e+01 -2.477354e+00 1.543499e+03 1.549874e+03 
4.520184e-05 5.352726e+01 3.334743e+00 2.862840e+01 1.545383e+03 4.459859e-05 5.241299e+01 2.243352e+00 1.538600e+03 4.437458e+01 5.397557e+01 -1.863630e+00 1.543499e+03 1.549874e+03 
4.520184e-05 5.352726e+01 3.334743e+00 3.010744e+01 1.545673e+03 4.451854e-05 5.267214e+01 2.147180e+00 1.538800e+03 4.565491e+01 5.175557e+01 -2.300413e+00 1.543499e+03 1.549874e+03 
4.520184e-05 5.352726e+01 3.334743e+00 3.137230e+01 1.545734e+03 4.454833e-05 5.295470e+01 2.190200e+00 1.539100e+03 4.548395e+01 5.088709e+01 -1.124120e+02 1.543499e+03 1.549874e+03 
4.520184e-05 5.352726e+01 3.334743e+00 3.236030e+01 1.545844e+03 4.465695e-05 5.315036e+01 2.290787e+00 1.539200e+03 4.469670e+01 4.994858e+01 -1.148604e+02 1.543499e+03 1.549874e+03 
4.520184e-05 5.352726e+01 3.334743e+00 3.332679e+01 1.545924e+03 4.482043e-05 5.335528e+01 2.462587e+00 1.539100e+03 4.412205e+01 4.993772e+01 -1.080234e+02 1.543499e+03 1.549874e+03 
4.520184e-05 5.352726e+01 3.334743e+00 3.427124e+01 1.546053e+03 4.508472e-05 5.337023e+01 2.559583e+00 1.539500e+03 4.356731e+01 5.021181e+01 -1.143885e+02 1.543499e+03 1.549874e+03 
4.520184e-05 5.352726e+01 3.334743e+00 3.572850e+01 1.545808e+03 4.548714e-05 5.312192e+01 2.713458e+00 1.539300e+03 4.269392e+01 4.934965e+01 -1.193520e+02 1.543499e+03 1.549874e+03 
4.520184e-05 5.352726e+01 3.334743e+00 3.775608e+01 1.545180e+03 4.548533e-05 5.246634e+01 2.645208e+00 1.541000e+03 4.231354e+01 5.037897e+01 -2.114764e+00 1.543499e+03 1.549874e+03 
4.520184e-05 5.352726e+01 3.334743e+00 3.869052e+01 1.544910e+03 4.538595e-05 5.226629e+01 2.541075e+00 1.541600e+03 4.274442e+01 5.026109e+01 -1.699090e+00 1.543499e+03 1.549874e+03 
4.520184e-05 5.352726e+01 3.334743e+00 4.015626e+01 1.544499e+03 4.517636e-05 5.206127e+01 2.457199e+00 1.541600e+03 4.289838e+01 5.090791e+01 -2.088043e+00 1.543499e+03 1.549874e+03 
4.520184e-05 5.352726e+01 3.334743e+00 4.058283e+01 1.544443e+03 4.511775e-05 5.205076e+01 2.445530e+00 1.541700e+03 4.292925e+01 5.080370e+01 -1.548221e+00 1.543499e+03 1.549874e+03 
4.520184e-05 5.352726e+01 3.334743e+00 4.128265e+01 1.544381e+03 4.504777e-05 5.203869e+01 2.428436e+00 1.541300e+03 4.295676e+01 5.113398e+01 -1.306259e+00 1.543499e+03 1.549874e+03 
4.520184e-05 5.352726e+01 3.334743e+00 4.246641e+01 1.544281e+03 4.494510e-05 5.198099e+01 2.401533e+00 1.541200e+03 4.196614e+01 5.140558e+01 -1.243212e+02 1.543499e+03 1.549874e+03 
4.520184e-05 5.352726e+01 3.334743e+00 4.448332e+01 1.543951e+03 4.468071e-05 5.184787e+01 2.427994e+00 1.541500e+03 4.247271e+01 5.160242e+01 -3.158377e+00 1.543499e+03 1.549874e+03 
4.520184e-05 5.352726e+01 3.334743e+00 4.600778e+01 1.543826e+03 4.445115e-05 5.190876e+01 2.374094e+00 1.541700e+03 4.265871e+01 5.075000e+01 -3.335414e+00 1.543499e+03 1.549874e+03 
4.520184e-05 5.352726e+01 3.334743e+00 4.700002e+01 1.543720e+03 4.438327e-05 5.198170e+01 2.437308e+00 1.541500e+03 4.142202e+01 4.932674e+01 -3.150406e+00 1.543499e+03 1.549874e+03 
4.520184e-05 5.352726e+01 3.334743e+00 4.792167e+01 1.543668e+03 4.432892e-05 5.202569e+01 2.396758e+00 1.541800e+03 4.134530e+01 4.986408e+01 -2.132466e+00 1.543499e+03 1.549874e+03 
4.520184e-05 5.352726e+01 3.334743e+00 4.940948e+01 1.543582e+03 4.428247e-05 5.207224e+01 2.453543e+00 1.542300e+03 4.177041e+01 5.077229e+01 -6.584921e-01 1.543499e+03 1.549874e+03 
4.520184e-05 5.352726e+01 3.334743e+00 5.031141e+01 1.543533e+03 4.424557e-05 5.208022e+01 2.359333e+00 1.541700e+03 4.133362e+01 5.199671e+01 -1.192755e+00 1.543499e+03 1.549874e+03 
4.520184e-05 5.352726e+01 3.334743e+00 5.133268e+01 1.543521e+03 4.423881e-05 5.208345e+01 2.276335e+00 1.542100e+03 4.202765e+01 5.270827e+01 -1.901403e+00 1.543499e+03 1.549874e+03 
4.520184e-05 5.352726e+01 3.334743e+00 5.243525e+01 1.543512e+03 4.425725e-05 5.209314e+01 2.365536e+00 1.541900e+03 4.190591e+01 5.248122e+01 -1.260761e+00 1.543499e+03 1.549874e+03 
4.520184e-05 5.352726e+01 3.334743e+00 5.361448e+01 1.543499e+03 4.426934e-05 5.207528e+01 2.391028e+00 1.541400e+03 4.300837e+01 5.200799e+01 -1.841217e+00 1.543499e+03 1.549874e+03 
4.520184e-05 5.352726e+01 3.334743e+00 5.513112e+01 1.543522e+03 4.424081e-05 5.203106e+01 2.433541e+00 1.540600e+03 4.234414e+01 5.131909e+01 -1.112461e+00 1.543499e+03 1.549874e+03 
4.520184e-05 5.352726e+01 3.334743e+00 5.635424e+01 1.543642e+03 4.418202e-05 5.211534e+01 2.548740e+00 1.540900e+03 4.209392e+01 5.163197e+01 -8.928038e-01 1.543499e+03 1.549874e+03 
4.520184e-05 5.352726e+01 3.334743e+00 5.692024e+01 1.543706e+03 4.417031e-05 5.217938e+01 2.592611e+00 1.541100e+03 4.134997e+01 5.143421e+01 3.026284e-01 1.543499e+03 1.549874e+03 
4.520184e-05 5.352726e+01 3.334743e+00 5.870680e+01 1.543949e+03 4.417157e-05 5.232766e+01 2.596761e+00 1.541700e+03 4.222609e+01 5.286798e+01 -1.827791e-01 1.543499e+03 1.549874e+03 
4.520184e-05 5.352726e+01 3.334743e+00 6.015274e+01 1.544091e+03 4.413029e-05 5.244775e+01 2.709508e+00 1.542100e+03 4.189242e+01 5.349317e+01 -1.513589e+00 1.543499e+03 1.549874e+03 
4.520184e-05 5.352726e+01 3.334743e+00 6.106749e+01 1.544246e+03 4.409281e-05 5.254602e+01 2.725773e+00 1.542300e+03 4.099873e+01 5.390190e+01 -4.417343e-02 1.543499e+03 1.549874e+03 
4.520184e-05 5.352726e+01 3.334743e+00 6.279621e+01 1.544599e+03 4.408460e-05 5.280260e+01 2.721755e+00 1.543800e+03 4.248192e+01 5.307121e+01 9.479857e-01 1.543499e+03 1.549874e+03 
4.520184e-05 5.352726e+01 3.334743e+00 6.389769e+01 1.544846e+03 4.411574e-05 5.296364e+01 2.658690e+00 1.543800e+03 4.225565e+01 5.342458e+01 7.064736e-01 1.543499e+03 1.549874e+03 
4.520184e-05 5.352726e+01 3.334743e+00 6.529006e+01 1.545105e+03 4.422328e-05 5.316076e+01 2.652644e+00 1.543800e+03 4.124646e+01 5.382114e+01 1.979738e+00 1.543499e+03 1.549874e+03 
4.520184e-05 5.352726e+01 3.334743e+00 6.649298e+01 1.545167e+03 4.429803e-05 5.323798e+01 2.763567e+00 1.544000e+03 4.139386e+01 5.600430e+01 1.564465e+00 1.543499e+03 1.549874e+03 
4.520184e-05 5.352726e+01 3.334743e+00 6.760145e+01 1.545333e+03 4.439266e-05 5.329672e+01 2.729498e+00 1.544600e+03 4.279586e+01 5.704671e+01 1.761591e-01 1.543499e+03 1.549874e+03 
4.520184e-05 5.352726e+01 3.334743e+00 6.883254e+01 1.545422e+03 4.447428e-05 5.335573e+01 2.831794e+00 1.545100e+03 4.423666e+01 5.654073e+01 -3.993885e-02 1.543499e+03 1.549874e+03 
4.520184e-05 5.352726e+01 3.334743e+00 6.925489e+01 1.545472e+03 4.451320e-05 5.337707e+01 2.835452e+00 1.545100e+03 4.482167e+01 5.562218e+01 1.494271e-01 1.543499e+03 1.549874e+03 
