# 1, 2, 3, 4   , 5   , 6   , 7   , 8   , 9   , 10  
# x, y, z, Bx_si, By_si, Bz_si, In_si, Ic_si, Dc_si, dmeas 
5.053786e+05 4.183254e+06 1.547889e+03 -3.127258e-07 -6.498411e-08 1.029112e-06 1.077540e-06 7.275718e+01 -1.682611e+02 0.000000e+00 
5.053776e+05 4.183252e+06 1.547889e+03 -3.089873e-07 -6.297831e-08 1.023963e-06 1.071419e-06 7.288323e+01 -1.684797e+02 1.770119e+00 
5.053773e+05 4.183251e+06 1.547889e+03 -3.050861e-07 -6.315014e-08 1.021991e-06 1.068424e-06 7.304619e+01 -1.683054e+02 3.146847e+00 
5.053769e+05 4.183250e+06 1.547889e+03 -3.014126e-07 -6.284804e-08 1.019501e-06 1.064980e-06 7.319539e+01 -1.682219e+02 4.575502e+00 
5.053759e+05 4.183248e+06 1.547889e+03 -2.981110e-07 -6.099839e-08 1.015092e-06 1.059718e-06 7.331318e+01 -1.684360e+02 6.300592e+00 
5.053754e+05 4.183248e+06 1.547889e+03 -2.963359e-07 -6.004126e-08 1.012825e-06 1.056993e-06 7.337813e+01 -1.685462e+02 7.239846e+00 
5.053746e+05 4.183246e+06 1.547889e+03 -2.923364e-07 -5.892531e-08 1.009265e-06 1.052401e-06 7.353872e+01 -1.686038e+02 9.133138e+00 
5.053740e+05 4.183245e+06 1.547889e+03 -2.901520e-07 -5.793769e-08 1.006874e-06 1.049448e-06 7.362405e+01 -1.687077e+02 1.030244e+01 
5.053734e+05 4.183243e+06 1.547889e+03 -2.872773e-07 -5.709782e-08 1.004420e-06 1.046254e-06 7.374291e+01 -1.687587e+02 1.176243e+01 
5.053722e+05 4.183242e+06 1.547889e+03 -2.853384e-07 -5.454729e-08 1.000281e-06 1.041612e-06 7.380545e+01 -1.691775e+02 1.341405e+01 
5.053713e+05 4.183241e+06 1.547889e+03 -2.830432e-07 -5.294789e-08 9.973317e-07 1.038069e-06 7.389533e+01 -1.694043e+02 1.491888e+01 
5.053710e+05 4.183240e+06 1.547889e+03 -2.812073e-07 -5.270552e-08 9.963158e-07 1.036581e-06 7.397795e+01 -1.693844e+02 1.586875e+01 
5.053706e+05 4.183239e+06 1.547889e+03 -2.788832e-07 -5.230688e-08 9.949712e-07 1.034640e-06 7.408290e+01 -1.693771e+02 1.712854e+01 
5.053708e+05 4.183238e+06 1.547889e+03 -2.769543e-07 -5.299857e-08 9.951118e-07 1.034292e-06 7.417914e+01 -1.691667e+02 1.806658e+01 
5.053707e+05 4.183237e+06 1.547889e+03 -2.750969e-07 -5.339136e-08 9.949457e-07 1.033657e-06 7.426993e+01 -1.690165e+02 1.902073e+01 
5.053703e+05 4.183236e+06 1.547889e+03 -2.729853e-07 -5.288178e-08 9.936861e-07 1.031857e-06 7.436695e+01 -1.690366e+02 2.031159e+01 
5.053695e+05 4.183234e+06 1.547889e+03 -2.698463e-07 -5.179402e-08 9.915954e-07 1.028961e-06 7.451190e+01 -1.691348e+02 2.240196e+01 
5.053695e+05 4.183232e+06 1.547889e+03 -2.666869e-07 -5.238034e-08 9.915308e-07 1.028104e-06 7.467150e+01 -1.688879e+02 2.431294e+01 
5.053694e+05 4.183231e+06 1.547889e+03 -2.654306e-07 -5.260308e-08 9.915351e-07 1.027795e-06 7.473552e+01 -1.687904e+02 2.511312e+01 
5.053696e+05 4.183230e+06 1.547889e+03 -2.637103e-07 -5.362333e-08 9.923455e-07 1.028187e-06 7.482728e+01 -1.685061e+02 2.619184e+01 
5.053703e+05 4.183229e+06 1.547889e+03 -2.621622e-07 -5.579753e-08 9.944503e-07 1.029939e-06 7.491552e+01 -1.679847e+02 2.728995e+01 
5.053714e+05 4.183229e+06 1.547889e+03 -2.604896e-07 -5.889848e-08 9.975817e-07 1.032712e-06 7.501264e+01 -1.672593e+02 2.862840e+01 
5.053701e+05 4.183228e+06 1.547889e+03 -2.599440e-07 -5.588647e-08 9.943071e-07 1.029243e-06 7.502904e+01 -1.678664e+02 3.010744e+01 
5.053705e+05 4.183227e+06 1.547889e+03 -2.581659e-07 -5.746073e-08 9.958520e-07 1.030375e-06 7.512646e+01 -1.674521e+02 3.137230e+01 
5.053705e+05 4.183226e+06 1.547889e+03 -2.568963e-07 -5.787585e-08 9.962612e-07 1.030476e-06 7.519401e+01 -1.673039e+02 3.236030e+01 
5.053711e+05 4.183225e+06 1.547889e+03 -2.556725e-07 -5.964698e-08 9.981094e-07 1.032060e-06 7.526301e+01 -1.668681e+02 3.332679e+01 
5.053710e+05 4.183224e+06 1.547889e+03 -2.545695e-07 -5.990229e-08 9.984307e-07 1.032113e-06 7.532207e+01 -1.667587e+02 3.427124e+01 
5.053712e+05 4.183222e+06 1.547889e+03 -2.528483e-07 -6.107024e-08 9.998085e-07 1.033092e-06 7.541673e+01 -1.664215e+02 3.572850e+01 
5.053709e+05 4.183220e+06 1.547889e+03 -2.508969e-07 -6.092568e-08 1.000096e-06 1.032886e-06 7.552438e+01 -1.663510e+02 3.775608e+01 
5.053707e+05 4.183219e+06 1.547889e+03 -2.500575e-07 -6.086276e-08 1.000312e-06 1.032888e-06 7.557199e+01 -1.663205e+02 3.869052e+01 
5.053708e+05 4.183218e+06 1.547889e+03 -2.486721e-07 -6.165750e-08 1.001643e-06 1.033890e-06 7.565240e+01 -1.660745e+02 4.015626e+01 
5.053707e+05 4.183218e+06 1.547889e+03 -2.483551e-07 -6.150248e-08 1.001663e-06 1.033824e-06 7.567121e+01 -1.660911e+02 4.058283e+01 
5.053703e+05 4.183217e+06 1.547889e+03 -2.479670e-07 -6.078418e-08 1.001237e-06 1.033276e-06 7.569484e+01 -1.662267e+02 4.128265e+01 
5.053696e+05 4.183216e+06 1.547889e+03 -2.474210e-07 -5.930439e-08 1.000311e-06 1.032161e-06 7.572942e+01 -1.665211e+02 4.246641e+01 
5.053691e+05 4.183214e+06 1.547889e+03 -2.461456e-07 -5.853372e-08 1.000771e-06 1.032258e-06 7.581207e+01 -1.666234e+02 4.448332e+01 
5.053687e+05 4.183213e+06 1.547889e+03 -2.452898e-07 -5.791012e-08 1.001251e-06 1.032485e-06 7.587114e+01 -1.667164e+02 4.600778e+01 
5.053690e+05 4.183212e+06 1.547889e+03 -2.445724e-07 -5.911628e-08 1.003101e-06 1.034177e-06 7.591859e+01 -1.664115e+02 4.700002e+01 
5.053690e+05 4.183211e+06 1.547889e+03 -2.440313e-07 -5.935944e-08 1.004100e-06 1.035032e-06 7.595721e+01 -1.663286e+02 4.792167e+01 
5.053692e+05 4.183209e+06 1.547889e+03 -2.431242e-07 -6.065019e-08 1.006610e-06 1.037329e-06 7.602149e+01 -1.659928e+02 4.940948e+01 
5.053691e+05 4.183208e+06 1.547889e+03 -2.427338e-07 -6.052846e-08 1.007374e-06 1.037972e-06 7.605354e+01 -1.659982e+02 5.031141e+01 
5.053689e+05 4.183207e+06 1.547889e+03 -2.423194e-07 -6.044776e-08 1.008357e-06 1.038825e-06 7.608919e+01 -1.659932e+02 5.133268e+01 
5.053690e+05 4.183206e+06 1.547889e+03 -2.418180e-07 -6.110260e-08 1.010163e-06 1.040499e-06 7.613056e+01 -1.658193e+02 5.243525e+01 
5.053689e+05 4.183205e+06 1.547889e+03 -2.413992e-07 -6.127899e-08 1.011714e-06 1.041918e-06 7.617037e+01 -1.657564e+02 5.361448e+01 
5.053686e+05 4.183204e+06 1.547889e+03 -2.410116e-07 -6.095183e-08 1.013331e-06 1.043379e-06 7.621591e+01 -1.658075e+02 5.513112e+01 
5.053685e+05 4.183202e+06 1.547889e+03 -2.406979e-07 -6.113336e-08 1.015162e-06 1.045097e-06 7.625366e+01 -1.657491e+02 5.635424e+01 
5.053685e+05 4.183202e+06 1.547889e+03 -2.405562e-07 -6.133544e-08 1.016147e-06 1.046033e-06 7.627113e+01 -1.656959e+02 5.692024e+01 
5.053680e+05 4.183200e+06 1.547889e+03 -2.403665e-07 -6.053248e-08 1.018088e-06 1.047828e-06 7.631656e+01 -1.658649e+02 5.870680e+01 
5.053681e+05 4.183199e+06 1.547889e+03 -2.401090e-07 -6.134502e-08 1.021124e-06 1.050766e-06 7.635835e+01 -1.656682e+02 6.015274e+01 
5.053678e+05 4.183198e+06 1.547889e+03 -2.401248e-07 -6.068613e-08 1.022058e-06 1.051640e-06 7.637815e+01 -1.658168e+02 6.106749e+01 
5.053674e+05 4.183196e+06 1.547889e+03 -2.401357e-07 -6.015206e-08 1.024714e-06 1.054193e-06 7.641846e+01 -1.659372e+02 6.279621e+01 
5.053670e+05 4.183195e+06 1.547889e+03 -2.402576e-07 -5.920080e-08 1.025926e-06 1.055345e-06 7.643978e+01 -1.661578e+02 6.389769e+01 
5.053671e+05 4.183194e+06 1.547889e+03 -2.402346e-07 -6.005033e-08 1.029417e-06 1.058782e-06 7.647448e+01 -1.659656e+02 6.529006e+01 
5.053677e+05 4.183193e+06 1.547889e+03 -2.400903e-07 -6.218418e-08 1.033308e-06 1.062655e-06 7.650330e+01 -1.654793e+02 6.649298e+01 
5.053674e+05 4.183192e+06 1.547889e+03 -2.402879e-07 -6.162174e-08 1.035231e-06 1.064537e-06 7.652478e+01 -1.656165e+02 6.760145e+01 
5.053677e+05 4.183190e+06 1.547889e+03 -2.403241e-07 -6.300685e-08 1.039050e-06 1.068340e-06 7.655255e+01 -1.653091e+02 6.883254e+01 
5.053677e+05 4.183190e+06 1.547889e+03 -2.403924e-07 -6.309758e-08 1.040126e-06 1.069407e-06 7.656130e+01 -1.652929e+02 6.925489e+01 
