# 1    , 2      , 3      , 4      , 5      , 6      , 7       
# dmeas, Bx_siB0, By_siB0, Bz_siB0, In_siB0, Ic_siB0, Dc_siB0 
0.000000e+00 2.606234e-05 1.114648e-06 3.625892e-05 4.466763e-05 5.426720e+01 2.448964e+00 
1.770119e+00 2.605103e-05 1.036276e-06 3.647473e-05 4.483454e-05 5.444334e+01 2.277951e+00 
3.146847e+00 2.608575e-05 9.595016e-07 3.664670e-05 4.499297e-05 5.453779e+01 2.106538e+00 
4.575502e+00 2.614587e-05 8.778451e-07 3.687589e-05 4.521292e-05 5.464724e+01 1.922978e+00 
6.300592e+00 2.638208e-05 8.189511e-07 3.719582e-05 4.560936e-05 5.463984e+01 1.778002e+00 
7.239846e+00 2.658160e-05 8.082195e-07 3.735186e-05 4.585190e-05 5.454978e+01 1.741554e+00 
9.133138e+00 2.701631e-05 9.133794e-07 3.745200e-05 4.618839e-05 5.417937e+01 1.936344e+00 
1.030244e+01 2.723179e-05 1.030818e-06 3.745742e-05 4.632161e-05 5.396309e+01 2.167810e+00 
1.176243e+01 2.750753e-05 1.211737e-06 3.740869e-05 4.644935e-05 5.364553e+01 2.522310e+00 
1.341405e+01 2.776977e-05 1.460548e-06 3.721689e-05 4.645848e-05 5.323321e+01 3.010691e+00 
1.491888e+01 2.789014e-05 1.602386e-06 3.693063e-05 4.630658e-05 5.289436e+01 3.288228e+00 
1.586875e+01 2.792623e-05 1.647083e-06 3.675598e-05 4.619079e-05 5.272545e+01 3.375382e+00 
1.712854e+01 2.793369e-05 1.686069e-06 3.651901e-05 4.600840e-05 5.253704e+01 3.454164e+00 
1.806658e+01 2.791915e-05 1.677494e-06 3.638534e-05 4.589320e-05 5.245042e+01 3.438425e+00 
1.902073e+01 2.787805e-05 1.654561e-06 3.625419e-05 4.576341e-05 5.239244e+01 3.396518e+00 
2.031159e+01 2.779659e-05 1.610116e-06 3.606006e-05 4.555843e-05 5.232707e+01 3.315150e+00 
2.240196e+01 2.763496e-05 1.499896e-06 3.572168e-05 4.518826e-05 5.223300e+01 3.106697e+00 
2.431294e+01 2.739664e-05 1.310552e-06 3.551591e-05 4.487397e-05 5.232206e+01 2.738725e+00 
2.511312e+01 2.731049e-05 1.224544e-06 3.548208e-05 4.479219e-05 5.238678e+01 2.567301e+00 
2.619184e+01 2.724849e-05 1.144334e-06 3.545332e-05 4.472949e-05 5.243067e+01 2.404793e+00 
2.728995e+01 2.724085e-05 1.109445e-06 3.543120e-05 4.470642e-05 5.242261e+01 2.332211e+00 
2.862840e+01 2.718276e-05 1.064855e-06 3.534117e-05 4.459859e-05 5.241299e+01 2.243352e+00 
3.010744e+01 2.697598e-05 1.011408e-06 3.540019e-05 4.451854e-05 5.267214e+01 2.147180e+00 
3.137230e+01 2.681836e-05 1.025664e-06 3.555667e-05 4.454833e-05 5.295470e+01 2.190200e+00 
3.236030e+01 2.676013e-05 1.070488e-06 3.573503e-05 4.465695e-05 5.315036e+01 2.290787e+00 
3.332679e+01 2.672643e-05 1.149416e-06 3.596175e-05 4.482043e-05 5.335528e+01 2.462587e+00 
3.427124e+01 2.687260e-05 1.201283e-06 3.618083e-05 4.508472e-05 5.337023e+01 2.559583e+00 
3.572850e+01 2.726687e-05 1.292292e-06 3.638581e-05 4.548714e-05 5.312192e+01 2.713458e+00 
3.775608e+01 2.768138e-05 1.278891e-06 3.606967e-05 4.548533e-05 5.246634e+01 2.645208e+00 
3.869052e+01 2.774854e-05 1.231459e-06 3.589409e-05 4.538595e-05 5.226629e+01 2.541075e+00 
4.015626e+01 2.774972e-05 1.190810e-06 3.562918e-05 4.517636e-05 5.206127e+01 2.457199e+00 
4.058283e+01 2.772048e-05 1.183900e-06 3.557787e-05 4.511775e-05 5.205076e+01 2.445530e+00 
4.128265e+01 2.768531e-05 1.174123e-06 3.551685e-05 4.504777e-05 5.203869e+01 2.428436e+00 
4.246641e+01 2.765840e-05 1.159972e-06 3.540804e-05 4.494510e-05 5.198099e+01 2.401533e+00 
4.448332e+01 2.757680e-05 1.169308e-06 3.513572e-05 4.468071e-05 5.184787e+01 2.427994e+00 
4.600778e+01 2.739907e-05 1.135952e-06 3.498436e-05 4.445115e-05 5.190876e+01 2.374094e+00 
4.700002e+01 2.731151e-05 1.162507e-06 3.496577e-05 4.438327e-05 5.198170e+01 2.437308e+00 
4.792167e+01 2.725208e-05 1.140656e-06 3.494390e-05 4.432892e-05 5.202569e+01 2.396758e+00 
4.940948e+01 2.719404e-05 1.165226e-06 3.492941e-05 4.428247e-05 5.207224e+01 2.453543e+00 
5.031141e+01 2.716840e-05 1.119377e-06 3.490409e-05 4.424557e-05 5.208022e+01 2.359333e+00 
5.133268e+01 2.716388e-05 1.079777e-06 3.490029e-05 4.423881e-05 5.208345e+01 2.276335e+00 
5.243525e+01 2.716758e-05 1.122289e-06 3.491944e-05 4.425725e-05 5.209314e+01 2.365536e+00 
5.361448e+01 2.718538e-05 1.135141e-06 3.492049e-05 4.426934e-05 5.207528e+01 2.391028e+00 
5.513112e+01 2.719391e-05 1.155711e-06 3.487700e-05 4.424081e-05 5.203106e+01 2.433541e+00 
5.635424e+01 2.710419e-05 1.206496e-06 3.487059e-05 4.418202e-05 5.211534e+01 2.548740e+00 
5.692024e+01 2.705713e-05 1.225160e-06 3.489164e-05 4.417031e-05 5.217938e+01 2.592611e+00 
5.870680e+01 2.696751e-05 1.223060e-06 3.496262e-05 4.417157e-05 5.232766e+01 2.596761e+00 
6.015274e+01 2.686667e-05 1.271468e-06 3.498640e-05 4.413029e-05 5.244775e+01 2.709508e+00 
6.106749e+01 2.678356e-05 1.275155e-06 3.500272e-05 4.409281e-05 5.254602e+01 2.725773e+00 
6.279621e+01 2.662185e-05 1.265586e-06 3.511592e-05 4.408460e-05 5.280260e+01 2.721755e+00 
6.389769e+01 2.654326e-05 1.232569e-06 3.521554e-05 4.411574e-05 5.296364e+01 2.658690e+00 
6.529006e+01 2.648662e-05 1.227138e-06 3.539282e-05 4.422328e-05 5.316076e+01 2.652644e+00 
6.649298e+01 2.648122e-05 1.278269e-06 3.548840e-05 4.429803e-05 5.323798e+01 2.763567e+00 
6.760145e+01 2.650210e-05 1.263482e-06 3.559143e-05 4.439266e-05 5.329672e+01 2.729498e+00 
6.883254e+01 2.651184e-05 1.311392e-06 3.568423e-05 4.447428e-05 5.335573e+01 2.831794e+00 
6.925489e+01 2.652167e-05 1.313576e-06 3.572535e-05 4.451320e-05 5.337707e+01 2.835452e+00 
