# 1, 2, 3, 4   , 5   , 6   , 7   , 8   , 9   , 10  
# x, y, z, Bx_si, By_si, Bz_si, In_si, Ic_si, Dc_si, dmeas 
5.053600e+05 4.183132e+06 1.556266e+03 -9.092585e-07 -1.048231e-06 -1.880672e-07 1.400324e-06 7.718295e+00 -1.390609e+02 0.000000e+00 
5.053607e+05 4.183134e+06 1.555682e+03 -8.810379e-07 -9.964968e-07 -8.757186e-08 1.333005e-06 3.766763e+00 -1.385190e+02 2.157064e+00 
5.053605e+05 4.183136e+06 1.555524e+03 -8.071927e-07 -1.026868e-06 -1.141540e-07 1.311125e-06 4.994822e+00 -1.418301e+02 4.009790e+00 
5.053603e+05 4.183139e+06 1.555228e+03 -7.172992e-07 -1.070907e-06 -2.176784e-07 1.307190e-06 9.585778e+00 -1.461856e+02 6.432482e+00 
5.053594e+05 4.183143e+06 1.554987e+03 -3.309486e-07 -1.823684e-06 -1.382137e-07 1.858616e-06 4.264665e+00 -1.697143e+02 1.060382e+01 
5.053599e+05 4.183145e+06 1.553799e+03 9.189668e-08 -1.917943e-06 1.121815e-06 2.223830e-06 -3.029497e+01 1.772568e+02 1.279858e+01 
5.053622e+05 4.183147e+06 1.552447e+03 1.733165e-07 -1.349728e-06 1.035823e-06 1.710186e-06 -3.727770e+01 1.726828e+02 1.570972e+01 
5.053634e+05 4.183149e+06 1.551012e+03 8.289504e-08 -9.229018e-07 1.079062e-06 1.422320e-06 -4.934651e+01 1.748675e+02 1.871373e+01 
5.053652e+05 4.183154e+06 1.548554e+03 9.247355e-08 -4.049384e-07 1.192529e-06 1.262795e-06 -7.079655e+01 1.671363e+02 2.378995e+01 
5.053655e+05 4.183155e+06 1.548130e+03 1.044549e-07 -3.632190e-07 1.235714e-06 1.292218e-06 -7.299386e+01 1.639558e+02 2.482539e+01 
5.053652e+05 4.183156e+06 1.547834e+03 1.095909e-07 -2.854050e-07 1.324887e-06 1.359703e-06 -7.700623e+01 1.589940e+02 2.569447e+01 
5.053662e+05 4.183159e+06 1.546610e+03 8.674828e-08 1.289509e-07 1.129312e-06 1.139955e-06 -8.216426e+01 3.392965e+01 2.920594e+01 
5.053677e+05 4.183162e+06 1.545895e+03 -4.321427e-08 7.028569e-08 9.755280e-07 9.790109e-07 -8.516556e+01 -3.158476e+01 3.250502e+01 
5.053688e+05 4.183164e+06 1.545507e+03 -1.698204e-07 1.062577e-07 9.505527e-07 9.714320e-07 -7.809936e+01 -5.796554e+01 3.440177e+01 
5.053695e+05 4.183165e+06 1.545133e+03 -2.189931e-07 1.362871e-07 1.003799e-06 1.036410e-06 -7.558895e+01 -5.810454e+01 3.600708e+01 
5.053702e+05 4.183167e+06 1.544676e+03 -2.214210e-07 2.707899e-07 1.088666e-06 1.143481e-06 -7.218762e+01 -3.927237e+01 3.806029e+01 
5.053715e+05 4.183169e+06 1.544287e+03 -2.590882e-07 4.287443e-07 1.001415e-06 1.119724e-06 -6.342397e+01 -3.114438e+01 4.012339e+01 
5.053725e+05 4.183170e+06 1.544040e+03 -3.382352e-07 3.576834e-07 9.379555e-07 1.059293e-06 -6.230751e+01 -4.339922e+01 4.206202e+01 
5.053731e+05 4.183172e+06 1.543803e+03 -3.635720e-07 3.651275e-07 1.008406e-06 1.132425e-06 -6.293414e+01 -4.487770e+01 4.396952e+01 
5.053732e+05 4.183175e+06 1.543597e+03 -4.408056e-07 3.801135e-07 1.035880e-06 1.188210e-06 -6.066834e+01 -4.922829e+01 4.625121e+01 
5.053734e+05 4.183177e+06 1.543383e+03 -4.359217e-07 5.249304e-07 1.223994e-06 1.401335e-06 -6.086185e+01 -3.970750e+01 4.892883e+01 
5.053739e+05 4.183179e+06 1.543261e+03 -3.464368e-07 8.164763e-07 1.086753e-06 1.402742e-06 -5.078102e+01 -2.299186e+01 5.087570e+01 
5.053738e+05 4.183181e+06 1.543507e+03 -3.688208e-07 8.315999e-07 7.629098e-07 1.187274e-06 -3.998394e+01 -2.391764e+01 5.302838e+01 
5.053744e+05 4.183183e+06 1.543641e+03 -2.219777e-07 1.069203e-06 5.853784e-07 1.239007e-06 -2.819395e+01 -1.172858e+01 5.487540e+01 
5.053749e+05 4.183185e+06 1.544288e+03 -1.289229e-07 1.204137e-06 -3.135666e-07 1.250956e-06 1.451667e+01 -6.111187e+00 5.719304e+01 
5.053746e+05 4.183188e+06 1.545109e+03 -1.735397e-08 3.653292e-07 -1.024364e-06 1.087698e-06 7.035128e+01 -2.719636e+00 5.955443e+01 
5.053744e+05 4.183189e+06 1.545241e+03 -1.109862e-08 -5.496200e-07 -5.850548e-07 8.028041e-07 4.678288e+01 -1.788432e+02 6.111958e+01 
5.053745e+05 4.183191e+06 1.544877e+03 -8.192040e-08 -6.579789e-07 2.524115e-08 6.635392e-07 -2.180068e+00 -1.729030e+02 6.319502e+01 
5.053749e+05 4.183193e+06 1.544620e+03 -1.607748e-07 -6.939891e-07 2.826746e-07 7.664035e-07 -2.164364e+01 -1.669565e+02 6.455714e+01 
5.053752e+05 4.183194e+06 1.544292e+03 -1.504604e-07 -6.967469e-07 6.395629e-07 9.576718e-07 -4.189988e+01 -1.678143e+02 6.593101e+01 
5.053762e+05 4.183195e+06 1.543874e+03 -7.239350e-08 -5.283390e-07 9.338749e-07 1.075409e-06 -6.027210e+01 -1.721979e+02 6.749700e+01 
5.053759e+05 4.183197e+06 1.543386e+03 2.701687e-08 -2.080464e-07 1.229343e-06 1.247116e-06 -8.031549e+01 1.726010e+02 6.929172e+01 
5.053759e+05 4.183198e+06 1.542951e+03 4.185055e-08 2.940027e-07 1.219804e-06 1.255433e-06 -7.631729e+01 8.101483e+00 7.093375e+01 
5.053764e+05 4.183200e+06 1.542931e+03 2.041922e-08 3.657833e-07 8.116670e-07 8.905154e-07 -6.570756e+01 3.195123e+00 7.262516e+01 
5.053772e+05 4.183202e+06 1.542915e+03 -2.659001e-08 2.605842e-07 5.721725e-07 6.292793e-07 -6.540196e+01 -5.826296e+00 7.492696e+01 
5.053775e+05 4.183204e+06 1.542831e+03 -1.079373e-07 1.399447e-07 6.110281e-07 6.360742e-07 -7.386798e+01 -3.764248e+01 7.718037e+01 
5.053783e+05 4.183207e+06 1.542659e+03 -1.905285e-07 1.822493e-07 7.646023e-07 8.087847e-07 -7.097421e+01 -4.627229e+01 7.948909e+01 
5.053792e+05 4.183208e+06 1.542506e+03 -2.280203e-07 2.812272e-07 8.221718e-07 8.983587e-07 -6.623317e+01 -3.903529e+01 8.102207e+01 
5.053796e+05 4.183210e+06 1.542444e+03 -3.060792e-07 4.396288e-07 7.542416e-07 9.251153e-07 -5.461651e+01 -3.484648e+01 8.324161e+01 
5.053800e+05 4.183212e+06 1.542390e+03 -3.888047e-07 5.070910e-07 7.708880e-07 1.001288e-06 -5.034455e+01 -3.747866e+01 8.494116e+01 
5.053812e+05 4.183213e+06 1.542215e+03 -4.790695e-07 7.348028e-07 9.008582e-07 1.257374e-06 -4.576300e+01 -3.310315e+01 8.694708e+01 
5.053813e+05 4.183215e+06 1.542490e+03 -6.248883e-07 8.433733e-07 5.978320e-07 1.207960e-06 -2.966385e+01 -3.653620e+01 8.905913e+01 
5.053809e+05 4.183218e+06 1.542880e+03 -7.295806e-07 8.608187e-07 3.915967e-07 1.194422e-06 -1.913860e+01 -4.028270e+01 9.124541e+01 
5.053820e+05 4.183220e+06 1.543012e+03 -6.667871e-07 9.039780e-07 2.903030e-07 1.160197e-06 -1.449046e+01 -3.641302e+01 9.347366e+01 
5.053823e+05 4.183222e+06 1.543457e+03 -5.429505e-07 6.195661e-07 -1.022065e-07 8.301226e-07 7.072325e+00 -4.122938e+01 9.565355e+01 
5.053829e+05 4.183223e+06 1.543570e+03 -4.017893e-07 3.109146e-07 -1.543689e-07 5.309730e-07 1.690157e+01 -5.226640e+01 9.679860e+01 
5.053828e+05 4.183225e+06 1.543560e+03 1.083870e-07 -1.254193e-07 5.183671e-07 5.442263e-07 -7.226669e+01 1.391665e+02 9.879789e+01 
5.053840e+05 4.183226e+06 1.543365e+03 3.229678e-07 1.982918e-07 5.905898e-07 7.017294e-07 -5.731163e+01 5.845142e+01 1.007518e+02 
5.053867e+05 4.183227e+06 1.543354e+03 3.197978e-07 6.402347e-07 2.177213e-07 7.480465e-07 -1.692101e+01 2.654217e+01 1.035650e+02 
5.053884e+05 4.183228e+06 1.543513e+03 2.380308e-07 1.016880e-06 1.221645e-08 1.044439e-06 -6.701845e-01 1.317456e+01 1.056521e+02 
5.053895e+05 4.183229e+06 1.543841e+03 1.225687e-07 1.254847e-06 -2.747853e-07 1.290416e-06 1.229489e+01 5.578737e+00 1.073063e+02 
5.053907e+05 4.183230e+06 1.543947e+03 -2.523109e-08 1.222781e-06 -3.766471e-07 1.279724e-06 1.711671e+01 -1.182084e+00 1.086161e+02 
5.053924e+05 4.183231e+06 1.544195e+03 -1.883044e-07 1.100834e-06 -4.965872e-07 1.222249e-06 2.397197e+01 -9.706843e+00 1.106090e+02 
5.053927e+05 4.183232e+06 1.544448e+03 -2.638071e-07 1.089349e-06 -5.089629e-07 1.230983e-06 2.442241e+01 -1.361321e+01 1.117330e+02 
5.053928e+05 4.183234e+06 1.544864e+03 -4.096070e-07 1.238530e-06 -6.664813e-07 1.464900e-06 2.706282e+01 -1.830010e+01 1.133783e+02 
5.053956e+05 4.183235e+06 1.545085e+03 -5.554820e-07 8.265212e-07 -8.627683e-07 1.317599e-06 4.090475e+01 -3.390395e+01 1.164429e+02 
5.053947e+05 4.183236e+06 1.545647e+03 -8.179769e-07 7.754246e-07 -1.224686e-06 1.664399e-06 4.737591e+01 -4.652974e+01 1.182755e+02 
5.053957e+05 4.183238e+06 1.545878e+03 -1.026584e-06 8.099420e-08 -1.216765e-06 1.594037e-06 4.975804e+01 -8.548889e+01 1.200628e+02 
5.053971e+05 4.183239e+06 1.545694e+03 -9.092593e-07 -3.393427e-07 -7.833306e-07 1.247202e-06 3.890790e+01 -1.104660e+02 1.217589e+02 
5.053976e+05 4.183241e+06 1.545508e+03 -7.379535e-07 -3.969062e-07 -3.984640e-07 9.278380e-07 2.543293e+01 -1.182735e+02 1.236359e+02 
5.053998e+05 4.183241e+06 1.545113e+03 -6.956153e-07 -4.089217e-07 -3.082571e-07 8.637825e-07 2.090803e+01 -1.204494e+02 1.259096e+02 
5.054001e+05 4.183243e+06 1.545001e+03 -7.774300e-07 -4.544205e-07 -1.334167e-07 9.103271e-07 8.427575e+00 -1.203070e+02 1.277039e+02 
5.054007e+05 4.183245e+06 1.544738e+03 -9.028188e-07 -4.105178e-07 1.592698e-07 1.004477e-06 -9.123322e+00 -1.144516e+02 1.303288e+02 
5.054011e+05 4.183247e+06 1.544486e+03 -9.829067e-07 -4.880229e-07 3.636829e-07 1.156087e-06 -1.833552e+01 -1.164049e+02 1.319264e+02 
5.054014e+05 4.183249e+06 1.544235e+03 -8.550976e-07 -5.583952e-07 6.531402e-07 1.212266e-06 -3.260037e+01 -1.231453e+02 1.337913e+02 
5.054015e+05 4.183250e+06 1.543927e+03 -6.922718e-07 -4.612611e-07 9.185590e-07 1.239255e-06 -4.783534e+01 -1.236755e+02 1.352497e+02 
5.054019e+05 4.183252e+06 1.543481e+03 -5.057965e-07 -2.707596e-07 1.134068e-06 1.270925e-06 -6.316583e+01 -1.181607e+02 1.369434e+02 
5.054018e+05 4.183253e+06 1.543222e+03 -3.907156e-07 -9.667793e-08 1.286391e-06 1.347890e-06 -7.262562e+01 -1.038980e+02 1.385889e+02 
5.054013e+05 4.183255e+06 1.543092e+03 -2.349689e-07 7.015114e-08 1.372845e-06 1.394574e-06 -7.987264e+01 -7.337674e+01 1.402659e+02 
5.054023e+05 4.183257e+06 1.542552e+03 2.369190e-08 5.813550e-07 1.582697e-06 1.686258e-06 -6.981536e+01 2.333678e+00 1.425849e+02 
5.054023e+05 4.183259e+06 1.542437e+03 1.195504e-07 1.298136e-06 1.620873e-06 2.080067e-06 -5.119111e+01 5.261749e+00 1.441713e+02 
5.054034e+05 4.183260e+06 1.542767e+03 1.757069e-07 1.615771e-06 1.063634e-06 1.942397e-06 -3.320173e+01 6.206237e+00 1.459531e+02 
5.054041e+05 4.183261e+06 1.542986e+03 1.544983e-07 1.659384e-06 8.770427e-07 1.883250e-06 -2.775599e+01 5.319233e+00 1.469585e+02 
5.054049e+05 4.183262e+06 1.543562e+03 2.272987e-07 1.841279e-06 7.689264e-07 2.008288e-06 -2.251198e+01 7.037339e+00 1.487142e+02 
5.054068e+05 4.183263e+06 1.544059e+03 1.572213e-07 2.129905e-06 2.721203e-07 2.152966e-06 -7.261219e+00 4.221695e+00 1.508990e+02 
5.054097e+05 4.183266e+06 1.545427e+03 -3.696237e-08 1.711227e-06 -4.929245e-07 1.781190e-06 1.606566e+01 -1.237392e+00 1.547376e+02 
5.054110e+05 4.183267e+06 1.546035e+03 5.615882e-08 1.806502e-06 -9.271192e-07 2.031294e-06 2.715622e+01 1.780583e+00 1.563237e+02 
5.054118e+05 4.183268e+06 1.546950e+03 -1.740493e-07 1.529156e-06 -1.584999e-06 2.209261e-06 4.584304e+01 -6.493486e+00 1.580484e+02 
5.054119e+05 4.183270e+06 1.547545e+03 -7.339478e-07 1.051340e-06 -1.670109e-06 2.105531e-06 5.248567e+01 -3.491916e+01 1.597138e+02 
5.054125e+05 4.183272e+06 1.547979e+03 -1.302875e-06 7.081288e-07 -1.147789e-06 1.875194e-06 3.774086e+01 -6.147537e+01 1.614858e+02 
5.054120e+05 4.183274e+06 1.548948e+03 -1.663340e-06 1.203683e-06 -1.414935e-06 2.493511e-06 3.457239e+01 -5.410846e+01 1.637563e+02 
5.054100e+05 4.183275e+06 1.550463e+03 -1.622172e-06 1.414026e-06 -2.543878e-06 3.332001e-06 4.977095e+01 -4.892178e+01 1.660495e+02 
5.054102e+05 4.183277e+06 1.551664e+03 -1.827551e-06 4.775042e-07 -3.207793e-06 3.722619e-06 5.950839e+01 -7.535706e+01 1.681422e+02 
5.054102e+05 4.183277e+06 1.551653e+03 -1.814794e-06 5.197744e-07 -3.206368e-06 3.720812e-06 5.951239e+01 -7.401778e+01 1.682044e+02 
5.054098e+05 4.183278e+06 1.552655e+03 -1.479951e-06 -1.075379e-06 -2.987586e-06 3.503194e-06 5.851950e+01 -1.260033e+02 1.696096e+02 
5.054083e+05 4.183281e+06 1.551894e+03 -7.676138e-07 -2.253750e-06 -1.345319e-06 2.734685e-06 2.946861e+01 -1.611915e+02 1.731167e+02 
5.054108e+05 4.183283e+06 1.550315e+03 -1.252137e-06 -2.364898e-06 3.592764e-07 2.699939e-06 -7.646937e+00 -1.521002e+02 1.760754e+02 
5.054117e+05 4.183284e+06 1.549118e+03 -8.606261e-07 -2.165256e-06 1.404264e-06 2.720472e-06 -3.107662e+01 -1.583236e+02 1.773472e+02 
5.054096e+05 4.183285e+06 1.549316e+03 -9.463131e-07 -1.715563e-06 1.414236e-06 2.416346e-06 -3.582268e+01 -1.511187e+02 1.796748e+02 
5.054101e+05 4.183287e+06 1.547402e+03 -8.148002e-07 -7.824036e-07 1.987588e-06 2.286167e-06 -6.038869e+01 -1.338380e+02 1.814633e+02 
5.054103e+05 4.183288e+06 1.545898e+03 -8.315341e-07 1.029248e-07 2.087720e-06 2.249582e-06 -6.813257e+01 -8.294399e+01 1.829765e+02 
5.054108e+05 4.183290e+06 1.544850e+03 -9.587525e-07 2.287649e-07 1.650202e-06 1.922162e-06 -5.915009e+01 -7.657977e+01 1.847136e+02 
5.054119e+05 4.183291e+06 1.543783e+03 -7.448494e-07 3.161522e-07 1.791572e-06 1.965829e-06 -6.569356e+01 -6.700115e+01 1.863904e+02 
5.054140e+05 4.183291e+06 1.542529e+03 -2.938717e-07 5.666644e-07 2.053683e-06 2.150601e-06 -7.273353e+01 -2.741122e+01 1.884935e+02 
5.054143e+05 4.183293e+06 1.541948e+03 -4.913243e-08 9.103413e-07 2.053385e-06 2.246669e-06 -6.605963e+01 -3.089338e+00 1.899643e+02 
5.054152e+05 4.183294e+06 1.541606e+03 1.086432e-08 1.158727e-06 1.449457e-06 1.855719e-06 -5.135918e+01 5.371942e-01 1.916195e+02 
5.054163e+05 4.183296e+06 1.541451e+03 6.206271e-08 1.122944e-06 1.138953e-06 1.600647e-06 -4.536182e+01 3.163396e+00 1.933386e+02 
5.054171e+05 4.183297e+06 1.541429e+03 1.219216e-07 1.104989e-06 9.273387e-07 1.447696e-06 -3.983372e+01 6.296396e+00 1.948557e+02 
5.054186e+05 4.183298e+06 1.541433e+03 2.339175e-07 1.246184e-06 7.429543e-07 1.469583e-06 -3.036818e+01 1.063111e+01 1.970284e+02 
5.054201e+05 4.183301e+06 1.542100e+03 -7.526412e-09 1.090505e-06 -1.077059e-07 1.095837e-06 5.640506e+00 -3.954359e-01 1.997555e+02 
5.054212e+05 4.183303e+06 1.542595e+03 -3.806117e-07 4.150573e-07 -3.363020e-07 6.559244e-07 3.084482e+01 -4.252113e+01 2.025419e+02 
5.054223e+05 4.183305e+06 1.542510e+03 -4.230320e-07 2.150897e-07 -1.213269e-07 4.898366e-07 1.434077e+01 -6.304904e+01 2.043886e+02 
5.054229e+05 4.183306e+06 1.542486e+03 -4.351259e-07 1.887457e-07 7.428217e-09 4.743571e-07 -8.972625e-01 -6.655012e+01 2.062066e+02 
5.054238e+05 4.183308e+06 1.542419e+03 -4.345541e-07 1.814583e-07 6.733099e-08 4.757078e-07 -8.136885e+00 -6.733588e+01 2.080318e+02 
5.054246e+05 4.183310e+06 1.542389e+03 -4.810605e-07 1.865412e-07 9.845836e-08 5.252722e-07 -1.080357e+01 -6.880517e+01 2.100417e+02 
5.054255e+05 4.183312e+06 1.542302e+03 -5.589417e-07 1.557836e-07 1.603775e-07 6.020011e-07 -1.545060e+01 -7.442622e+01 2.122547e+02 
5.054265e+05 4.183314e+06 1.542153e+03 -4.905098e-07 2.312854e-07 3.217199e-07 6.305526e-07 -3.067841e+01 -6.475516e+01 2.145339e+02 
5.054278e+05 4.183316e+06 1.541989e+03 -3.159691e-07 3.176152e-07 3.792050e-07 5.869517e-07 -4.024506e+01 -4.485114e+01 2.168454e+02 
5.054288e+05 4.183318e+06 1.541925e+03 -5.907988e-08 3.284131e-07 4.715025e-07 5.776333e-07 -5.471275e+01 -1.019815e+01 2.191083e+02 
5.054300e+05 4.183320e+06 1.542058e+03 1.961763e-07 3.102786e-07 4.142217e-07 5.534777e-07 -4.845181e+01 3.230348e+01 2.211803e+02 
5.054312e+05 4.183321e+06 1.542257e+03 2.676706e-07 5.180146e-07 4.410803e-07 7.311214e-07 -3.710609e+01 2.732649e+01 2.232723e+02 
5.054319e+05 4.183323e+06 1.542438e+03 2.356388e-07 1.141313e-06 6.649063e-07 1.341723e-06 -2.970678e+01 1.166554e+01 2.250348e+02 
5.054328e+05 4.183325e+06 1.543451e+03 1.798186e-07 1.956507e-06 -3.319894e-07 1.992605e-06 9.590821e+00 5.251185e+00 2.268908e+02 
5.054348e+05 4.183326e+06 1.544963e+03 -5.888543e-07 1.836889e-06 -1.677323e-06 2.556232e-06 4.100843e+01 -1.777437e+01 2.295877e+02 
5.054368e+05 4.183327e+06 1.545680e+03 -9.050178e-07 1.058080e-06 -2.568693e-06 2.921776e-06 6.154056e+01 -4.054169e+01 2.318938e+02 
5.054384e+05 4.183328e+06 1.545818e+03 -1.243026e-06 4.995074e-07 -2.771350e-06 3.078149e-06 6.420148e+01 -6.810737e+01 2.335234e+02 
5.054392e+05 4.183329e+06 1.546016e+03 -1.529067e-06 -1.584100e-06 -1.809905e-06 2.850118e-06 3.942206e+01 -1.360127e+02 2.353038e+02 
5.054397e+05 4.183330e+06 1.545638e+03 -1.567273e-06 -1.980957e-06 -1.113380e-06 2.760462e-06 2.378659e+01 -1.416500e+02 2.363412e+02 
5.054408e+05 4.183332e+06 1.544869e+03 -1.524838e-06 -2.307252e-06 -1.442833e-07 2.769361e-06 2.986453e+00 -1.465397e+02 2.382151e+02 
5.054413e+05 4.183333e+06 1.544364e+03 -1.352140e-06 -2.460082e-06 5.060840e-07 2.852438e-06 -1.021961e+01 -1.512054e+02 2.394675e+02 
5.054428e+05 4.183334e+06 1.543205e+03 -9.753239e-07 -2.458824e-06 1.499225e-06 3.040518e-06 -2.954337e+01 -1.583636e+02 2.412849e+02 
5.054442e+05 4.183335e+06 1.542146e+03 -6.888871e-07 -2.052024e-06 2.082451e-06 3.003660e-06 -4.389227e+01 -1.614425e+02 2.428526e+02 
5.054451e+05 4.183335e+06 1.541329e+03 -5.450768e-07 -1.684313e-06 2.306548e-06 2.907608e-06 -5.249313e+01 -1.620674e+02 2.439705e+02 
5.054462e+05 4.183336e+06 1.540195e+03 -4.017912e-07 -1.243822e-06 2.484191e-06 2.807086e-06 -6.224800e+01 -1.620980e+02 2.455183e+02 
5.054477e+05 4.183337e+06 1.539574e+03 -3.531124e-07 -1.119501e-06 2.498148e-06 2.760202e-06 -6.483134e+01 -1.624937e+02 2.469844e+02 
5.054488e+05 4.183337e+06 1.539101e+03 -3.254773e-07 -1.012079e-06 2.521447e-06 2.736409e-06 -6.713806e+01 -1.621726e+02 2.481270e+02 
5.054496e+05 4.183337e+06 1.538405e+03 -2.553146e-07 -7.668240e-07 2.589714e-06 2.712899e-06 -7.266764e+01 -1.615848e+02 2.491184e+02 
5.054507e+05 4.183338e+06 1.537565e+03 -1.815075e-07 -5.023607e-07 2.576636e-06 2.631419e-06 -7.828828e+01 -1.601347e+02 2.503611e+02 
5.054538e+05 4.183339e+06 1.536082e+03 2.680257e-08 -1.804013e-07 2.466055e-06 2.472790e-06 -8.577029e+01 1.715493e+02 2.535700e+02 
5.054561e+05 4.183338e+06 1.535933e+03 7.867066e-08 -3.572952e-07 2.378537e-06 2.406510e-06 -8.125561e+01 1.675825e+02 2.559534e+02 
5.054583e+05 4.183340e+06 1.535078e+03 4.591195e-08 -1.980548e-07 1.999862e-06 2.010169e-06 -8.419523e+01 1.669485e+02 2.586392e+02 
5.054332e+05 4.183356e+06 1.537898e+03 -3.433552e-07 1.046869e-06 1.655051e-06 1.988221e-06 -5.634901e+01 -1.815862e+01 2.888399e+02 
5.054311e+05 4.183353e+06 1.538783e+03 -6.776414e-07 7.147493e-07 2.042517e-06 2.267585e-06 -6.425625e+01 -4.347340e+01 2.931717e+02 
5.054309e+05 4.183351e+06 1.539160e+03 -8.173430e-07 5.191925e-07 2.091752e-06 2.305002e-06 -6.515988e+01 -5.757548e+01 2.949700e+02 
5.054304e+05 4.183348e+06 1.540133e+03 -9.051293e-07 1.819312e-07 2.487934e-06 2.653710e-06 -6.964092e+01 -7.863498e+01 2.980614e+02 
5.054304e+05 4.183346e+06 1.540980e+03 -1.010234e-06 -3.095613e-07 2.349556e-06 2.576202e-06 -6.578648e+01 -1.070364e+02 2.998929e+02 
5.054298e+05 4.183344e+06 1.542138e+03 -1.180850e-06 -6.954081e-07 2.046349e-06 2.462832e-06 -5.619052e+01 -1.204940e+02 3.017394e+02 
5.054291e+05 4.183342e+06 1.543301e+03 -1.269358e-06 -9.880556e-07 1.621452e-06 2.283994e-06 -4.522836e+01 -1.278968e+02 3.036463e+02 
5.054297e+05 4.183340e+06 1.543837e+03 -1.402970e-06 -1.091719e-06 1.580931e-06 2.378974e-06 -4.164729e+01 -1.278882e+02 3.057892e+02 
5.054293e+05 4.183339e+06 1.544754e+03 -1.483420e-06 -1.291060e-06 1.531376e-06 2.492485e-06 -3.790814e+01 -1.310339e+02 3.075387e+02 
5.054293e+05 4.183337e+06 1.545582e+03 -1.503107e-06 -1.764409e-06 1.334543e-06 2.674598e-06 -2.993185e+01 -1.395722e+02 3.088919e+02 
5.054297e+05 4.183336e+06 1.546107e+03 -1.523285e-06 -2.090298e-06 1.042979e-06 2.788826e-06 -2.196160e+01 -1.439176e+02 3.099811e+02 
5.054315e+05 4.183336e+06 1.545924e+03 -1.407997e-06 -2.329601e-06 1.152184e-06 2.955846e-06 -2.294196e+01 -1.488515e+02 3.119751e+02 
5.054332e+05 4.183335e+06 1.545710e+03 -1.316446e-06 -2.570684e-06 1.193342e-06 3.124982e-06 -2.244966e+01 -1.528830e+02 3.137316e+02 
5.054352e+05 4.183334e+06 1.545423e+03 -1.180924e-06 -2.693950e-06 1.070322e-06 3.130102e-06 -1.999540e+01 -1.563292e+02 3.158266e+02 
5.054372e+05 4.183334e+06 1.545492e+03 -1.339820e-06 -2.710841e-06 2.705158e-07 3.035944e-06 -5.112084e+00 -1.536993e+02 3.179838e+02 
5.054397e+05 4.183333e+06 1.544774e+03 -1.333836e-06 -2.596237e-06 5.775949e-07 2.975429e-06 -1.119341e+01 -1.528078e+02 3.204795e+02 
