# 1      , 2      , 3      , 4    , 5     , 6      , 7      , 8      ,                    9              , 10  , 11  , 12  , 13    , 14
# IGRF_In, IGRF_Ic, IGRF_Dc, dmeas, height, In_siB0, Ic_siB0, Dc_siB0,                    height m (-poh), In_m, Ic_m, Dc_m, min hP, max hP
4.520148e-05 5.352724e+01 3.334555e+00 0.000000e+00 1.556266e+03 4.471833e-05 5.478892e+01 1.452633e+00 1.557300e+03 4.448792e+01 5.583627e+01 -1.122377e+00 1.535078e+03 1.556266e+03
4.520148e-05 5.352724e+01 3.334555e+00 2.157064e+00 1.555682e+03 4.466657e-05 5.465962e+01 1.512287e+00 1.556000e+03 4.196911e+01 5.305396e+01 1.006797e+00 1.535078e+03 1.556266e+03
4.520148e-05 5.352724e+01 3.334555e+00 4.009790e+00 1.555524e+03 4.467190e-05 5.470896e+01 1.677950e+00 1.555300e+03 4.446192e+01 5.314424e+01 6.568822e-02 1.535078e+03 1.556266e+03
4.520148e-05 5.352724e+01 3.334555e+00 6.432482e+00 1.555228e+03 4.473268e-05 5.482867e+01 1.880619e+00 1.554700e+03 4.390247e+01 5.501466e+01 -2.053104e-02 1.535078e+03 1.556266e+03
4.520148e-05 5.352724e+01 3.334555e+00 1.060382e+01 1.554987e+03 4.424708e-05 5.554881e+01 2.821096e+00 1.554000e+03 4.332387e+01 5.624892e+01 2.283837e+00 1.535078e+03 1.556266e+03
4.520148e-05 5.352724e+01 3.334555e+00 1.279858e+01 1.553799e+03 4.317361e-05 5.467907e+01 3.801217e+00 1.553300e+03 4.142757e+01 5.767648e+01 2.327239e+00 1.535078e+03 1.556266e+03
4.520148e-05 5.352724e+01 3.334555e+00 1.570972e+01 1.552447e+03 4.357670e-05 5.413036e+01 3.898988e+00 1.552000e+03 4.145050e+01 5.546068e+01 3.812288e+00 1.535078e+03 1.556266e+03
4.520148e-05 5.352724e+01 3.334555e+00 1.871373e+01 1.551012e+03 4.378927e-05 5.365191e+01 3.635759e+00 1.550600e+03 4.136905e+01 5.443539e+01 3.024181e+00 1.535078e+03 1.556266e+03
4.520148e-05 5.352724e+01 3.334555e+00 2.378995e+01 1.548554e+03 4.400728e-05 5.302163e+01 3.585356e+00 1.548300e+03 4.152581e+01 5.120870e+01 1.675675e+00 1.535078e+03 1.556266e+03
4.520148e-05 5.352724e+01 3.334555e+00 2.482539e+01 1.548130e+03 4.399832e-05 5.294371e+01 3.605559e+00 1.547200e+03 4.169582e+01 5.002213e+01 1.848368e+00 1.535078e+03 1.556266e+03
4.520148e-05 5.352724e+01 3.334555e+00 2.569447e+01 1.547834e+03 4.397430e-05 5.279260e+01 3.606059e+00 1.545700e+03 4.319422e+01 4.868189e+01 -7.589213e-01 1.535078e+03 1.556266e+03
4.520148e-05 5.352724e+01 3.334555e+00 2.920594e+01 1.546610e+03 4.437979e-05 5.252150e+01 3.502391e+00 1.544700e+03 4.333031e+01 5.164319e+01 1.495654e+00 1.535078e+03 1.556266e+03
4.520148e-05 5.352724e+01 3.334555e+00 3.250502e+01 1.545895e+03 4.446179e-05 5.270978e+01 3.234098e+00 1.543700e+03 4.271910e+01 5.084754e+01 1.506776e+00 1.535078e+03 1.556266e+03
4.520148e-05 5.352724e+01 3.334555e+00 3.440177e+01 1.545507e+03 4.449927e-05 5.269948e+01 2.961212e+00 1.543400e+03 4.324763e+01 5.055983e+01 1.430580e+00 1.535078e+03 1.556266e+03
4.520148e-05 5.352724e+01 3.334555e+00 3.600708e+01 1.545133e+03 4.447361e-05 5.262973e+01 2.853687e+00 1.543500e+03 4.379217e+01 5.129007e+01 1.584933e+00 1.535078e+03 1.556266e+03
4.520148e-05 5.352724e+01 3.334555e+00 3.806029e+01 1.544676e+03 4.448791e-05 5.242602e+01 2.834423e+00 1.543400e+03 4.399741e+01 5.198218e+01 1.437308e+00 1.535078e+03 1.556266e+03
4.520148e-05 5.352724e+01 3.334555e+00 4.012339e+01 1.544287e+03 4.465221e-05 5.233570e+01 2.739017e+00 1.543400e+03 4.428109e+01 5.239893e+01 1.402505e+00 1.535078e+03 1.556266e+03
4.520148e-05 5.352724e+01 3.334555e+00 4.206202e+01 1.544040e+03 4.465693e-05 5.246127e+01 2.579695e+00 1.543600e+03 4.415443e+01 5.250524e+01 1.276626e+00 1.535078e+03 1.556266e+03
4.520148e-05 5.352724e+01 3.334555e+00 4.396952e+01 1.543803e+03 4.460494e-05 5.239971e+01 2.525703e+00 1.543100e+03 4.386501e+01 5.230985e+01 7.168437e-01 1.535078e+03 1.556266e+03
4.520148e-05 5.352724e+01 3.334555e+00 4.625121e+01 1.543597e+03 4.459031e-05 5.236628e+01 2.361945e+00 1.543000e+03 4.364468e+01 5.192835e+01 3.594499e-01 1.535078e+03 1.556266e+03
4.520148e-05 5.352724e+01 3.334555e+00 4.892883e+01 1.543383e+03 4.453040e-05 5.207085e+01 2.359666e+00 1.542700e+03 4.364898e+01 5.088048e+01 -1.493370e-01 1.535078e+03 1.556266e+03
4.520148e-05 5.352724e+01 3.334555e+00 5.087570e+01 1.543261e+03 4.482028e-05 5.188114e+01 2.519964e+00 1.542600e+03 4.411006e+01 4.912592e+01 -1.025141e+00 1.535078e+03 1.556266e+03
4.520148e-05 5.352724e+01 3.334555e+00 5.302838e+01 1.543507e+03 4.508418e-05 5.212106e+01 2.472302e+00 1.543600e+03 4.685463e+01 4.930186e+01 -2.361017e+00 1.535078e+03 1.556266e+03
4.520148e-05 5.352724e+01 3.334555e+00 5.487540e+01 1.543641e+03 4.537423e-05 5.201546e+01 2.752277e+00 1.545700e+03 4.767540e+01 5.239186e+01 -2.225564e+00 1.535078e+03 1.556266e+03
4.520148e-05 5.352724e+01 3.334555e+00 5.719304e+01 1.544288e+03 4.617067e-05 5.256571e+01 2.928806e+00 1.546600e+03 4.691841e+01 5.428650e+01 2.349734e-01 1.535078e+03 1.556266e+03
4.520148e-05 5.352724e+01 3.334555e+00 5.955443e+01 1.545109e+03 4.624251e-05 5.391932e+01 3.253399e+00 1.547100e+03 4.662411e+01 5.438320e+01 1.165516e+00 1.535078e+03 1.556266e+03
4.520148e-05 5.352724e+01 3.334555e+00 6.111958e+01 1.545241e+03 4.535228e-05 5.452473e+01 3.380029e+00 1.547400e+03 4.638731e+01 5.608657e+01 1.661418e+00 1.535078e+03 1.556266e+03
4.520148e-05 5.352724e+01 3.334555e+00 6.319502e+01 1.544877e+03 4.479089e-05 5.418861e+01 3.239435e+00 1.547500e+03 4.429685e+01 5.651648e+01 3.191259e+00 1.535078e+03 1.556266e+03
4.520148e-05 5.352724e+01 3.334555e+00 6.455714e+01 1.544620e+03 4.455870e-05 5.403694e+01 3.071510e+00 1.545900e+03 4.227339e+01 5.662921e+01 2.873329e+00 1.535078e+03 1.556266e+03
4.520148e-05 5.352724e+01 3.334555e+00 6.593101e+01 1.544292e+03 4.426904e-05 5.376798e+01 3.094387e+00 1.544800e+03 4.097923e+01 5.512826e+01 2.597322e+00 1.535078e+03 1.556266e+03
4.520148e-05 5.352724e+01 3.334555e+00 6.749700e+01 1.543874e+03 4.413468e-05 5.336155e+01 3.244190e+00 1.543900e+03 4.100407e+01 5.231613e+01 2.928146e+00 1.535078e+03 1.556266e+03
4.520148e-05 5.352724e+01 3.334555e+00 6.929172e+01 1.543386e+03 4.409403e-05 5.279300e+01 3.418516e+00 1.543100e+03 4.181209e+01 5.269397e+01 2.313403e+00 1.535078e+03 1.556266e+03
4.520148e-05 5.352724e+01 3.334555e+00 7.093375e+01 1.542951e+03 4.440696e-05 5.228453e+01 3.386606e+00 1.542100e+03 4.160604e+01 5.192082e+01 1.837403e+00 1.535078e+03 1.556266e+03
4.520148e-05 5.352724e+01 3.334555e+00 7.262516e+01 1.542931e+03 4.477331e-05 5.253277e+01 3.332680e+00 1.541900e+03 4.257990e+01 5.171535e+01 2.168046e+00 1.535078e+03 1.556266e+03
4.520148e-05 5.352724e+01 3.334555e+00 7.492696e+01 1.542915e+03 4.489846e-05 5.282779e+01 3.246479e+00 1.541600e+03 4.286244e+01 5.224487e+01 3.161507e+00 1.535078e+03 1.556266e+03
4.520148e-05 5.352724e+01 3.334555e+00 7.718037e+01 1.542831e+03 4.479207e-05 5.292511e+01 3.088648e+00 1.541200e+03 4.290580e+01 5.310423e+01 3.222746e+00 1.535078e+03 1.556266e+03
4.520148e-05 5.352724e+01 3.334555e+00 7.948909e+01 1.542659e+03 4.469257e-05 5.276763e+01 2.909076e+00 1.540600e+03 4.238042e+01 5.295924e+01 2.702064e+00 1.535078e+03 1.556266e+03
4.520148e-05 5.352724e+01 3.334555e+00 8.102207e+01 1.542506e+03 4.470555e-05 5.262403e+01 2.819417e+00 1.540300e+03 4.231536e+01 5.251960e+01 3.145245e+00 1.535078e+03 1.556266e+03
4.520148e-05 5.352724e+01 3.334555e+00 8.324161e+01 1.542444e+03 4.485340e-05 5.251986e+01 2.639389e+00 1.540000e+03 4.257007e+01 5.167717e+01 2.593745e+00 1.535078e+03 1.556266e+03
4.520148e-05 5.352724e+01 3.334555e+00 8.494116e+01 1.542390e+03 4.487900e-05 5.244238e+01 2.459804e+00 1.539700e+03 4.323530e+01 5.182386e+01 2.435426e+00 1.535078e+03 1.556266e+03
4.520148e-05 5.352724e+01 3.334555e+00 8.694708e+01 1.542215e+03 4.491313e-05 5.211497e+01 2.252155e+00 1.539700e+03 4.348858e+01 5.213753e+01 2.205294e+00 1.535078e+03 1.556266e+03
4.520148e-05 5.352724e+01 3.334555e+00 8.905913e+01 1.542490e+03 4.521576e-05 5.224760e+01 1.941758e+00 1.539800e+03 4.375665e+01 5.153973e+01 1.794059e+00 1.535078e+03 1.556266e+03
4.520148e-05 5.352724e+01 3.334555e+00 9.124541e+01 1.542880e+03 4.538759e-05 5.239293e+01 1.724089e+00 1.539800e+03 4.333735e+01 5.242923e+01 1.497827e+00 1.535078e+03 1.556266e+03
4.520148e-05 5.352724e+01 3.334555e+00 9.347366e+01 1.543012e+03 4.549537e-05 5.242578e+01 1.851034e+00 1.539600e+03 4.340233e+01 5.063036e+01 1.295131e+00 1.535078e+03 1.556266e+03
4.520148e-05 5.352724e+01 3.334555e+00 9.565355e+01 1.543457e+03 4.563808e-05 5.300483e+01 2.128430e+00 1.539600e+03 4.693453e+01 4.701704e+01 1.684363e+00 1.535078e+03 1.556266e+03
4.520148e-05 5.352724e+01 3.334555e+00 9.679860e+01 1.543570e+03 4.549837e-05 5.334887e+01 2.450199e+00 1.540900e+03 4.612276e+01 5.226802e+01 -5.761827e-01 1.535078e+03 1.556266e+03
4.520148e-05 5.352724e+01 3.334555e+00 9.879789e+01 1.543560e+03 4.471462e-05 5.325466e+01 3.581934e+00 1.540800e+03 4.659234e+01 5.460551e+01 -2.922006e+00 1.535078e+03 1.556266e+03
4.520148e-05 5.352724e+01 3.334555e+00 1.007518e+02 1.543365e+03 4.485956e-05 5.285439e+01 3.992147e+00 1.541900e+03 4.461297e+01 5.579629e+01 -3.906813e-01 1.535078e+03 1.556266e+03
4.520148e-05 5.352724e+01 3.334555e+00 1.035650e+02 1.543354e+03 4.542304e-05 5.269532e+01 3.921527e+00 1.542400e+03 4.394269e+01 5.541521e+01 -2.411192e-01 1.535078e+03 1.556266e+03
4.520148e-05 5.352724e+01 3.334555e+00 1.056521e+02 1.543513e+03 4.581129e-05 5.248263e+01 3.701097e+00 1.542100e+03 4.222226e+01 5.514488e+01 2.161051e+00 1.535078e+03 1.556266e+03
4.520148e-05 5.352724e+01 3.334555e+00 1.073063e+02 1.543841e+03 4.617920e-05 5.247283e+01 3.435118e+00 1.542200e+03 4.164813e+01 5.273971e+01 4.783560e+00 1.535078e+03 1.556266e+03
4.520148e-05 5.352724e+01 3.334555e+00 1.086161e+02 1.543947e+03 4.623542e-05 5.258951e+01 3.138097e+00 1.541800e+03 4.351370e+01 5.109438e+01 6.023655e+00 1.535078e+03 1.556266e+03
4.520148e-05 5.352724e+01 3.334555e+00 1.106090e+02 1.544195e+03 4.625189e-05 5.280794e+01 2.818091e+00 1.542100e+03 4.607738e+01 5.147225e+01 3.011337e+00 1.535078e+03 1.556266e+03
4.520148e-05 5.352724e+01 3.334555e+00 1.117330e+02 1.544448e+03 4.625263e-05 5.283209e+01 2.664625e+00 1.542600e+03 4.670324e+01 5.271624e+01 2.011809e+00 1.535078e+03 1.556266e+03
4.520148e-05 5.352724e+01 3.334555e+00 1.133783e+02 1.544864e+03 4.646434e-05 5.280926e+01 2.353367e+00 1.542600e+03 4.558016e+01 5.322058e+01 -6.130479e-01 1.535078e+03 1.556266e+03
4.520148e-05 5.352724e+01 3.334555e+00 1.164429e+02 1.545085e+03 4.637063e-05 5.336668e+01 2.086582e+00 1.542700e+03 4.526098e+01 5.269316e+01 -1.001412e+00 1.535078e+03 1.556266e+03
4.520148e-05 5.352724e+01 3.334555e+00 1.182755e+02 1.545647e+03 4.662637e-05 5.369062e+01 1.546063e+00 1.543400e+03 4.521312e+01 5.251648e+01 7.519339e-01 1.535078e+03 1.556266e+03
4.520148e-05 5.352724e+01 3.334555e+00 1.200628e+02 1.545878e+03 4.620937e-05 5.438337e+01 1.141960e+00 1.543700e+03 4.514027e+01 5.070417e+01 1.222414e+00 1.535078e+03 1.556266e+03
4.520148e-05 5.352724e+01 3.334555e+00 1.217589e+02 1.545694e+03 4.561390e-05 5.449275e+01 1.413766e+00 1.544800e+03 4.744231e+01 5.205731e+01 1.068296e+00 1.535078e+03 1.556266e+03
4.520148e-05 5.352724e+01 3.334555e+00 1.236359e+02 1.545508e+03 4.527032e-05 5.426419e+01 1.787954e+00 1.544900e+03 4.709993e+01 5.639430e+01 -2.769507e+00 1.535078e+03 1.556266e+03
4.520148e-05 5.352724e+01 3.334555e+00 1.259096e+02 1.545113e+03 4.519090e-05 5.420836e+01 1.880506e+00 1.544400e+03 4.364940e+01 5.667753e+01 -7.207159e+00 1.535078e+03 1.556266e+03
4.520148e-05 5.352724e+01 3.334555e+00 1.277039e+02 1.545001e+03 4.502102e-05 5.412782e+01 1.706157e+00 1.543800e+03 4.121377e+01 5.379794e+01 -2.278588e+00 1.535078e+03 1.556266e+03
4.520148e-05 5.352724e+01 3.334555e+00 1.303288e+02 1.544738e+03 4.480802e-05 5.386659e+01 1.431536e+00 1.543100e+03 4.360169e+01 5.223138e+01 4.067718e-01 1.535078e+03 1.556266e+03
4.520148e-05 5.352724e+01 3.334555e+00 1.319264e+02 1.544486e+03 4.459617e-05 5.379409e+01 1.261608e+00 1.542800e+03 4.407682e+01 5.262185e+01 -1.190656e-01 1.535078e+03 1.556266e+03
4.520148e-05 5.352724e+01 3.334555e+00 1.337913e+02 1.544235e+03 4.432305e-05 5.364318e+01 1.543620e+00 1.542700e+03 4.439353e+01 5.344606e+01 -5.660931e-01 1.535078e+03 1.556266e+03
4.520148e-05 5.352724e+01 3.334555e+00 1.352497e+02 1.543927e+03 4.417040e-05 5.333256e+01 1.891496e+00 1.542800e+03 4.347919e+01 5.414681e+01 -1.049436e+00 1.535078e+03 1.556266e+03
4.520148e-05 5.352724e+01 3.334555e+00 1.369434e+02 1.543481e+03 4.411620e-05 5.296002e+01 2.279773e+00 1.542700e+03 4.311361e+01 5.347171e+01 -2.338540e-01 1.535078e+03 1.556266e+03
4.520148e-05 5.352724e+01 3.334555e+00 1.385889e+02 1.543222e+03 4.410291e-05 5.265546e+01 2.511211e+00 1.543500e+03 4.329046e+01 5.271491e+01 6.364126e-01 1.535078e+03 1.556266e+03
4.520148e-05 5.352724e+01 3.334555e+00 1.402659e+02 1.543092e+03 4.414008e-05 5.240793e+01 2.826742e+00 1.543300e+03 4.405094e+01 5.371134e+01 1.076425e+00 1.535078e+03 1.556266e+03
4.520148e-05 5.352724e+01 3.334555e+00 1.425849e+02 1.542552e+03 4.429699e-05 5.170495e+01 3.313343e+00 1.543200e+03 4.308813e+01 5.266710e+01 9.360760e-01 1.535078e+03 1.556266e+03
4.520148e-05 5.352724e+01 3.334555e+00 1.441713e+02 1.542437e+03 4.471784e-05 5.094941e+01 3.423716e+00 1.543100e+03 4.361254e+01 5.237617e+01 1.271262e+00 1.535078e+03 1.556266e+03
4.520148e-05 5.352724e+01 3.334555e+00 1.459531e+02 1.542767e+03 4.535258e-05 5.107854e+01 3.498294e+00 1.542800e+03 4.347306e+01 5.203587e+01 1.375366e+00 1.535078e+03 1.556266e+03
4.520148e-05 5.352724e+01 3.334555e+00 1.469585e+02 1.542986e+03 4.552437e-05 5.118471e+01 3.450445e+00 1.542400e+03 4.363393e+01 5.188368e+01 1.439842e+00 1.535078e+03 1.556266e+03
4.520148e-05 5.352724e+01 3.334555e+00 1.487142e+02 1.543562e+03 4.572527e-05 5.108802e+01 3.573572e+00 1.541500e+03 4.373689e+01 5.044286e+01 1.122758e+00 1.535078e+03 1.556266e+03
4.520148e-05 5.352724e+01 3.334555e+00 1.508990e+02 1.544059e+03 4.629021e-05 5.120090e+01 3.399875e+00 1.541400e+03 4.399965e+01 5.075273e+01 6.641804e-01 1.535078e+03 1.556266e+03
4.520148e-05 5.352724e+01 3.334555e+00 1.547376e+02 1.545427e+03 4.662477e-05 5.220086e+01 3.060998e+00 1.543200e+03 4.545103e+01 4.849445e+01 2.634746e+00 1.535078e+03 1.556266e+03
4.520148e-05 5.352724e+01 3.334555e+00 1.563237e+02 1.546035e+03 4.702967e-05 5.242856e+01 3.236626e+00 1.544400e+03 4.770238e+01 4.925869e+01 2.282191e+00 1.535078e+03 1.556266e+03
4.520148e-05 5.352724e+01 3.334555e+00 1.580484e+02 1.546950e+03 4.737902e-05 5.319078e+01 2.804325e+00 1.544800e+03 4.917775e+01 5.132983e+01 1.157750e+00 1.535078e+03 1.556266e+03
4.520148e-05 5.352724e+01 3.334555e+00 1.597138e+02 1.547545e+03 4.715005e-05 5.373872e+01 1.703344e+00 1.544700e+03 4.703244e+01 5.424963e+01 1.997217e-01 1.535078e+03 1.556266e+03
4.520148e-05 5.352724e+01 3.334555e+00 1.614858e+02 1.547979e+03 4.651933e-05 5.371008e+01 5.411070e-01 1.544300e+03 4.615388e+01 5.150006e+01 1.715321e+00 1.535078e+03 1.556266e+03
4.520148e-05 5.352724e+01 3.334555e+00 1.637563e+02 1.548948e+03 4.702796e-05 5.341711e+01 -2.053244e-01 1.544600e+03 4.804514e+01 4.944723e+01 5.260500e+00 1.535078e+03 1.556266e+03
4.520148e-05 5.352724e+01 3.334555e+00 1.660495e+02 1.550463e+03 4.806243e-05 5.401797e+01 -1.202649e-01 1.545300e+03 4.737498e+01 5.087166e+01 7.040976e+00 1.535078e+03 1.556266e+03
4.520148e-05 5.352724e+01 3.334555e+00 1.681422e+02 1.551664e+03 4.806383e-05 5.538531e+01 -5.553848e-01 1.547400e+03 4.832565e+01 5.473040e+01 8.034639e+00 1.535078e+03 1.556266e+03
4.520148e-05 5.352724e+01 3.334555e+00 1.682044e+02 1.551653e+03 4.808662e-05 5.534302e+01 -5.277982e-01 1.547400e+03 4.849527e+01 5.383797e+01 5.516721e+00 1.535078e+03 1.556266e+03
4.520148e-05 5.352724e+01 3.334555e+00 1.696096e+02 1.552655e+03 4.701399e-05 5.679167e+01 1.845776e-01 1.548700e+03 4.747329e+01 5.353095e+01 4.105337e+00 1.535078e+03 1.556266e+03
4.520148e-05 5.352724e+01 3.334555e+00 1.731167e+02 1.551894e+03 4.500159e-05 5.688821e+01 1.853887e+00 1.544200e+03 4.815239e+01 5.537150e+01 -1.326956e+00 1.535078e+03 1.556266e+03
4.520148e-05 5.352724e+01 3.334555e+00 1.760754e+02 1.550315e+03 4.351504e-05 5.579667e+01 7.279236e-01 1.543900e+03 4.612961e+01 6.074418e+01 5.561774e-01 1.535078e+03 1.556266e+03
4.520148e-05 5.352724e+01 3.334555e+00 1.773472e+02 1.549118e+03 4.277426e-05 5.477971e+01 1.631320e+00 1.542800e+03 4.445392e+01 6.568666e+01 -1.241810e+01 1.535078e+03 1.556266e+03
4.520148e-05 5.352724e+01 3.334555e+00 1.796748e+02 1.549316e+03 4.302566e-05 5.428547e+01 1.406722e+00 1.541800e+03 4.279455e+01 6.124319e+01 2.857434e+00 1.535078e+03 1.556266e+03
4.520148e-05 5.352724e+01 3.334555e+00 1.814633e+02 1.547402e+03 4.312062e-05 5.283044e+01 1.645483e+00 1.548800e+03 4.179907e+01 5.304400e+01 -3.836298e-01 1.535078e+03 1.556266e+03
4.520148e-05 5.352724e+01 3.334555e+00 1.829765e+02 1.545898e+03 4.358196e-05 5.182424e+01 1.555830e+00 1.548200e+03 4.216683e+01 5.307585e+01 -1.674401e+00 1.535078e+03 1.556266e+03
4.520148e-05 5.352724e+01 3.334555e+00 1.847136e+02 1.544850e+03 4.400205e-05 5.205081e+01 1.279323e+00 1.547400e+03 4.290856e+01 5.331989e+01 -1.589852e+00 1.535078e+03 1.556266e+03
4.520148e-05 5.352724e+01 3.334555e+00 1.863904e+02 1.543783e+03 4.394804e-05 5.184189e+01 1.726464e+00 1.546700e+03 4.288546e+01 5.336968e+01 -3.594397e+00 1.535078e+03 1.556266e+03
4.520148e-05 5.352724e+01 3.334555e+00 1.884935e+02 1.542529e+03 4.390883e-05 5.135603e+01 2.652646e+00 1.546000e+03 4.223477e+01 5.259882e+01 -1.291264e+00 1.535078e+03 1.556266e+03
4.520148e-05 5.352724e+01 3.334555e+00 1.899643e+02 1.541948e+03 4.413198e-05 5.099572e+01 3.124149e+00 1.545100e+03 4.102368e+01 5.287970e+01 -1.148582e+00 1.535078e+03 1.556266e+03
4.520148e-05 5.352724e+01 3.334555e+00 1.916195e+02 1.541606e+03 4.475985e-05 5.123227e+01 3.218944e+00 1.543900e+03 4.164495e+01 5.003042e+01 1.669709e+00 1.535078e+03 1.556266e+03
4.520148e-05 5.352724e+01 3.334555e+00 1.933386e+02 1.541451e+03 4.498195e-05 5.151249e+01 3.327679e+00 1.543000e+03 4.264267e+01 5.056570e+01 1.614315e+00 1.535078e+03 1.556266e+03
4.520148e-05 5.352724e+01 3.334555e+00 1.948557e+02 1.541429e+03 4.513887e-05 5.169395e+01 3.452183e+00 1.541700e+03 4.342484e+01 5.052783e+01 1.789757e+00 1.535078e+03 1.556266e+03
4.520148e-05 5.352724e+01 3.334555e+00 1.970284e+02 1.541433e+03 4.537521e-05 5.169175e+01 3.662585e+00 1.540900e+03 4.397124e+01 5.169277e+01 2.693670e+00 1.535078e+03 1.556266e+03
4.520148e-05 5.352724e+01 3.334555e+00 1.997555e+02 1.542100e+03 4.594219e-05 5.251561e+01 3.189165e+00 1.540600e+03 4.452215e+01 5.185518e+01 1.583166e+00 1.535078e+03 1.556266e+03
4.520148e-05 5.352724e+01 3.334555e+00 2.025419e+02 1.542595e+03 4.570700e-05 5.337946e+01 2.485306e+00 1.540500e+03 4.578723e+01 5.242492e+01 7.333876e-01 1.535078e+03 1.556266e+03
4.520148e-05 5.352724e+01 3.334555e+00 2.043886e+02 1.542510e+03 4.541421e-05 5.342181e+01 2.413940e+00 1.541100e+03 4.501628e+01 5.416932e+01 -3.666159e-01 1.535078e+03 1.556266e+03
4.520148e-05 5.352724e+01 3.334555e+00 2.062066e+02 1.542486e+03 4.529486e-05 5.335200e+01 2.390684e+00 1.541000e+03 4.440732e+01 5.456089e+01 -1.180510e+00 1.535078e+03 1.556266e+03
4.520148e-05 5.352724e+01 3.334555e+00 2.080318e+02 1.542419e+03 4.524248e-05 5.331409e+01 2.392540e+00 1.540900e+03 4.345749e+01 5.455760e+01 -1.319032e+00 1.535078e+03 1.556266e+03
4.520148e-05 5.352724e+01 3.334555e+00 2.100417e+02 1.542389e+03 4.521942e-05 5.328730e+01 2.293604e+00 1.540600e+03 4.333011e+01 5.351250e+01 -1.189557e-01 1.535078e+03 1.556266e+03
4.520148e-05 5.352724e+01 3.334555e+00 2.122547e+02 1.542302e+03 4.514962e-05 5.327465e+01 2.131071e+00 1.540600e+03 4.383210e+01 5.302252e+01 -6.923340e-02 1.535078e+03 1.556266e+03
4.520148e-05 5.352724e+01 3.334555e+00 2.145339e+02 1.542153e+03 4.506727e-05 5.307244e+01 2.269836e+00 1.540600e+03 4.453225e+01 5.331030e+01 -1.795810e-01 1.535078e+03 1.556266e+03
4.520148e-05 5.352724e+01 3.334555e+00 2.168454e+02 1.541989e+03 4.507775e-05 5.293332e+01 2.630404e+00 1.540600e+03 4.449596e+01 5.452690e+01 -4.801669e-01 1.535078e+03 1.556266e+03
4.520148e-05 5.352724e+01 3.334555e+00 2.191083e+02 1.541925e+03 4.501850e-05 5.283837e+01 3.170042e+00 1.539900e+03 4.321488e+01 5.491263e+01 -3.391484e-01 1.535078e+03 1.556266e+03
4.520148e-05 5.352724e+01 3.334555e+00 2.211803e+02 1.542058e+03 4.506248e-05 5.288519e+01 3.709199e+00 1.539600e+03 4.362244e+01 5.337837e+01 2.826230e-04 1.535078e+03 1.556266e+03
4.520148e-05 5.352724e+01 3.334555e+00 2.232723e+02 1.542257e+03 4.516936e-05 5.265020e+01 3.830270e+00 1.539100e+03 4.357931e+01 5.363767e+01 5.904045e-01 1.535078e+03 1.556266e+03
4.520148e-05 5.352724e+01 3.334555e+00 2.250348e+02 1.542438e+03 4.537184e-05 5.185644e+01 3.679794e+00 1.539000e+03 4.275391e+01 5.323554e+01 1.235312e+00 1.535078e+03 1.556266e+03
4.520148e-05 5.352724e+01 3.334555e+00 2.268908e+02 1.543451e+03 4.665623e-05 5.183013e+01 3.465134e+00 1.539300e+03 4.286663e+01 5.168238e+01 1.508501e+00 1.535078e+03 1.556266e+03
4.520148e-05 5.352724e+01 3.334555e+00 2.295877e+02 1.544963e+03 4.762719e-05 5.297774e+01 1.946452e+00 1.539600e+03 4.315136e+01 5.019224e+01 2.788409e+00 1.535078e+03 1.556266e+03
4.520148e-05 5.352724e+01 3.334555e+00 2.318938e+02 1.545680e+03 4.787882e-05 5.437265e+01 1.351647e+00 1.540500e+03 4.578857e+01 4.878858e+01 2.683316e+00 1.535078e+03 1.556266e+03
4.520148e-05 5.352724e+01 3.334555e+00 2.335234e+02 1.545818e+03 4.771822e-05 5.506530e+01 6.707241e-01 1.541300e+03 4.727535e+01 5.090495e+01 -9.930897e-02 1.535078e+03 1.556266e+03
4.520148e-05 5.352724e+01 3.334555e+00 2.353038e+02 1.546016e+03 4.575049e-05 5.651707e+01 7.680197e-02 1.542100e+03 4.838431e+01 5.284410e+01 1.144985e+00 1.535078e+03 1.556266e+03
4.520148e-05 5.352724e+01 3.334555e+00 2.363412e+02 1.545638e+03 4.495063e-05 5.644920e+01 -1.008507e-02 1.543500e+03 4.756678e+01 5.484378e+01 -1.263009e+00 1.535078e+03 1.556266e+03
4.520148e-05 5.352724e+01 3.334555e+00 2.382151e+02 1.544869e+03 4.396346e-05 5.610554e+01 8.894964e-02 1.544100e+03 4.771110e+01 5.711368e+01 -1.193583e+00 1.535078e+03 1.556266e+03
4.520148e-05 5.352724e+01 3.334555e+00 2.394675e+02 1.544364e+03 4.333952e-05 5.579280e+01 4.956236e-01 1.544900e+03 4.543249e+01 5.992780e+01 -3.243286e+00 1.535078e+03 1.556266e+03
4.520148e-05 5.352724e+01 3.334555e+00 2.412849e+02 1.543205e+03 4.252611e-05 5.503225e+01 1.381438e+00 1.544900e+03 4.267248e+01 6.027011e+01 -3.173430e+00 1.535078e+03 1.556266e+03
4.520148e-05 5.352724e+01 3.334555e+00 2.428526e+02 1.542146e+03 4.229147e-05 5.411849e+01 2.020682e+00 1.543600e+03 4.159712e+01 5.789257e+01 -2.915180e+00 1.535078e+03 1.556266e+03
4.520148e-05 5.352724e+01 3.334555e+00 2.439705e+02 1.541329e+03 4.233067e-05 5.353176e+01 2.318442e+00 1.542700e+03 4.047966e+01 5.733275e+01 2.591390e-01 1.535078e+03 1.556266e+03
4.520148e-05 5.352724e+01 3.334555e+00 2.455183e+02 1.540195e+03 4.245558e-05 5.290496e+01 2.598916e+00 1.541800e+03 4.040144e+01 5.638868e+01 4.943449e-01 1.535078e+03 1.556266e+03
4.520148e-05 5.352724e+01 3.334555e+00 2.469844e+02 1.539574e+03 4.252085e-05 5.275772e+01 2.694639e+00 1.541000e+03 4.071995e+01 5.618657e+01 7.123870e-01 1.535078e+03 1.556266e+03
4.520148e-05 5.352724e+01 3.334555e+00 2.481270e+02 1.539101e+03 4.256815e-05 5.262237e+01 2.744646e+00 1.540800e+03 4.075032e+01 5.583331e+01 5.342485e-01 1.535078e+03 1.556266e+03
4.520148e-05 5.352724e+01 3.334555e+00 2.491184e+02 1.538405e+03 4.266537e-05 5.230163e+01 2.872761e+00 1.540400e+03 4.078849e+01 5.607136e+01 1.117144e+00 1.535078e+03 1.556266e+03
4.520148e-05 5.352724e+01 3.334555e+00 2.503611e+02 1.537565e+03 4.284002e-05 5.202883e+01 3.004186e+00 1.540100e+03 4.076222e+01 5.615789e+01 1.025457e+00 1.535078e+03 1.556266e+03
4.520148e-05 5.352724e+01 3.334555e+00 2.535700e+02 1.536082e+03 4.313259e-05 5.177037e+01 3.414518e+00 1.538300e+03 3.976962e+01 5.563509e+01 6.568993e-01 1.535078e+03 1.556266e+03
4.520148e-05 5.352724e+01 3.334555e+00 2.559534e+02 1.535933e+03 4.309445e-05 5.202349e+01 3.549153e+00 1.537700e+03 4.016802e+01 5.675772e+01 -1.581074e-01 1.535078e+03 1.556266e+03
4.520148e-05 5.352724e+01 3.334555e+00 2.586392e+02 1.535078e+03 4.348965e-05 5.216749e+01 3.457750e+00 1.536200e+03 4.025341e+01 5.597967e+01 -2.144414e-01 1.535078e+03 1.556266e+03
4.520148e-05 5.352724e+01 3.334555e+00 2.588399e+02 1.537898e+03 4.451853e-05 5.119644e+01 2.505483e+00 1.537400e+03 4.293960e+01 5.111345e+01 -1.028746e-02 1.535078e+03 1.556266e+03
4.520148e-05 5.352724e+01 3.334555e+00 2.631717e+02 1.538783e+03 4.400067e-05 5.122992e+01 1.841185e+00 1.538000e+03 4.240373e+01 5.143620e+01 -1.577845e+00 1.535078e+03 1.556266e+03
4.520148e-05 5.352724e+01 3.334555e+00 2.649700e+02 1.539160e+03 4.383746e-05 5.139304e+01 1.561871e+00 1.539100e+03 4.223195e+01 5.069244e+01 -1.598336e+00 1.535078e+03 1.556266e+03
4.520148e-05 5.352724e+01 3.334555e+00 2.680614e+02 1.540133e+03 4.331608e-05 5.141689e+01 1.395245e+00 1.540500e+03 4.027488e+01 5.084315e+01 1.633675e+00 1.535078e+03 1.556266e+03
4.520148e-05 5.352724e+01 3.334555e+00 2.698929e+02 1.540980e+03 4.311891e-05 5.204443e+01 1.194094e+00 1.541300e+03 3.989841e+01 5.277636e+01 -1.039823e+00 1.535078e+03 1.556266e+03
4.520148e-05 5.352724e+01 3.334555e+00 2.717394e+02 1.542138e+03 4.312167e-05 5.269958e+01 8.377104e-01 1.542300e+03 4.038977e+01 5.443445e+01 -1.483066e+00 1.535078e+03 1.556266e+03
4.520148e-05 5.352724e+01 3.334555e+00 2.736463e+02 1.543301e+03 4.328442e-05 5.334976e+01 6.509515e-01 1.543400e+03 4.042214e+01 5.417343e+01 -1.701861e+00 1.535078e+03 1.556266e+03
4.520148e-05 5.352724e+01 3.334555e+00 2.757892e+02 1.543837e+03 4.325449e-05 5.349321e+01 3.560966e-01 1.545000e+03 4.039419e+01 5.574209e+01 -2.134232e+00 1.535078e+03 1.556266e+03
4.520148e-05 5.352724e+01 3.334555e+00 2.775387e+02 1.544754e+03 4.317593e-05 5.374536e+01 1.783525e-01 1.547100e+03 4.100769e+01 5.896923e+01 -3.263895e+00 1.535078e+03 1.556266e+03
4.520148e-05 5.352724e+01 3.334555e+00 2.788919e+02 1.545582e+03 4.305758e-05 5.440825e+01 1.367086e-01 1.548200e+03 4.406393e+01 6.490037e+01 -1.274586e+01 1.535078e+03 1.556266e+03
4.520148e-05 5.352724e+01 3.334555e+00 2.799811e+02 1.546107e+03 4.310717e-05 5.498608e+01 9.176727e-02 1.548200e+03 4.632386e+01 5.979148e+01 -5.335812e+00 1.535078e+03 1.556266e+03
4.520148e-05 5.352724e+01 3.334555e+00 2.819751e+02 1.545924e+03 4.288089e-05 5.516374e+01 3.623330e-01 1.548200e+03 4.633012e+01 5.943835e+01 -4.525480e+00 1.535078e+03 1.556266e+03
4.520148e-05 5.352724e+01 3.334555e+00 2.837316e+02 1.545710e+03 4.271019e-05 5.539681e+01 5.821977e-01 1.547500e+03 4.633235e+01 5.953845e+01 -5.154669e+00 1.535078e+03 1.556266e+03
4.520148e-05 5.352724e+01 3.334555e+00 2.858266e+02 1.545423e+03 4.274279e-05 5.562451e+01 9.069052e-01 1.547000e+03 4.559281e+01 6.084432e+01 -2.315776e+00 1.535078e+03 1.556266e+03
4.520148e-05 5.352724e+01 3.334555e+00 2.879838e+02 1.545492e+03 4.339476e-05 5.624134e+01 5.300479e-01 1.546400e+03 4.618013e+01 5.929545e+01 -3.779381e+00 1.535078e+03 1.556266e+03
4.520148e-05 5.352724e+01 3.334555e+00 2.904795e+02 1.544774e+03 4.320399e-05 5.588863e+01 5.416904e-01 1.546000e+03 4.540810e+01 5.995110e+01 -4.404756e+00 1.535078e+03 1.556266e+03
