# 1    , 2      , 3      , 4      , 5      , 6      , 7       
# dmeas, Bx_siB0, By_siB0, Bz_siB0, In_siB0, Ic_siB0, Dc_siB0 
0.000000e+00 2.577587e-05 6.536415e-07 3.653637e-05 4.471833e-05 5.478892e+01 1.452633e+00 
2.157064e+00 2.582760e-05 6.818621e-07 3.643587e-05 4.466657e-05 5.465962e+01 1.512287e+00 
4.009790e+00 2.579723e-05 7.557073e-07 3.646245e-05 4.467190e-05 5.470896e+01 1.677950e+00 
6.432482e+00 2.575319e-05 8.456008e-07 3.656598e-05 4.473268e-05 5.482867e+01 1.880619e+00 
1.060382e+01 2.500042e-05 1.231951e-06 3.648651e-05 4.424708e-05 5.554881e+01 2.821096e+00 
1.279858e+01 2.490616e-05 1.654797e-06 3.522649e-05 4.317361e-05 5.467907e+01 3.801217e+00 
1.570972e+01 2.547437e-05 1.736216e-06 3.531248e-05 4.357670e-05 5.413036e+01 3.898988e+00 
1.871373e+01 2.590120e-05 1.645795e-06 3.526924e-05 4.378927e-05 5.365191e+01 3.635759e+00 
2.378995e+01 2.641916e-05 1.655374e-06 3.515577e-05 4.400728e-05 5.302163e+01 3.585356e+00 
2.482539e+01 2.646088e-05 1.667355e-06 3.511259e-05 4.399832e-05 5.294371e+01 3.605559e+00 
2.569447e+01 2.653869e-05 1.672491e-06 3.502341e-05 4.397430e-05 5.279260e+01 3.606059e+00 
2.920594e+01 2.695305e-05 1.649648e-06 3.521899e-05 4.437979e-05 5.252150e+01 3.502391e+00 
3.250502e+01 2.689439e-05 1.519686e-06 3.537277e-05 4.446179e-05 5.270978e+01 3.234098e+00 
3.440177e+01 2.693036e-05 1.393080e-06 3.539775e-05 4.449927e-05 5.269948e+01 2.961212e+00 
3.600708e+01 2.696039e-05 1.343907e-06 3.534450e-05 4.447361e-05 5.262973e+01 2.853687e+00 
3.806029e+01 2.709489e-05 1.341479e-06 3.525963e-05 4.448791e-05 5.242602e+01 2.834423e+00 
4.012339e+01 2.725284e-05 1.303812e-06 3.534688e-05 4.465221e-05 5.233570e+01 2.739017e+00 
4.206202e+01 2.718178e-05 1.224665e-06 3.541034e-05 4.465693e-05 5.246127e+01 2.579695e+00 
4.396952e+01 2.718923e-05 1.199328e-06 3.533989e-05 4.460494e-05 5.239971e+01 2.525703e+00 
4.625121e+01 2.720421e-05 1.122094e-06 3.531242e-05 4.459031e-05 5.236628e+01 2.361945e+00 
4.892883e+01 2.734903e-05 1.126978e-06 3.512431e-05 4.453040e-05 5.207085e+01 2.359666e+00 
5.087570e+01 2.764058e-05 1.216463e-06 3.526155e-05 4.482028e-05 5.188114e+01 2.519964e+00 
5.302838e+01 2.765570e-05 1.194079e-06 3.558539e-05 4.508418e-05 5.212106e+01 2.472302e+00 
5.487540e+01 2.789330e-05 1.340922e-06 3.576292e-05 4.537423e-05 5.201546e+01 2.752277e+00 
5.719304e+01 2.802824e-05 1.433977e-06 3.666187e-05 4.617067e-05 5.256571e+01 2.928806e+00 
5.955443e+01 2.718943e-05 1.545546e-06 3.737266e-05 4.624251e-05 5.391932e+01 3.253399e+00 
6.111958e+01 2.627448e-05 1.551801e-06 3.693335e-05 4.535228e-05 5.452473e+01 3.380029e+00 
6.319502e+01 2.616612e-05 1.480980e-06 3.632306e-05 4.479089e-05 5.418861e+01 3.239435e+00 
6.455714e+01 2.613011e-05 1.402125e-06 3.606563e-05 4.455870e-05 5.403694e+01 3.071510e+00 
6.593101e+01 2.612735e-05 1.412440e-06 3.570874e-05 4.426904e-05 5.376798e+01 3.094387e+00 
6.749700e+01 2.629576e-05 1.490507e-06 3.541443e-05 4.413468e-05 5.336155e+01 3.244190e+00 
6.929172e+01 2.661605e-05 1.589917e-06 3.511896e-05 4.409403e-05 5.279300e+01 3.418516e+00 
7.093375e+01 2.711810e-05 1.604751e-06 3.512850e-05 4.440696e-05 5.228453e+01 3.386606e+00 
7.262516e+01 2.718988e-05 1.583319e-06 3.553663e-05 4.477331e-05 5.253277e+01 3.332680e+00 
7.492696e+01 2.708468e-05 1.536310e-06 3.577613e-05 4.489846e-05 5.282779e+01 3.246479e+00 
7.718037e+01 2.696404e-05 1.454963e-06 3.573727e-05 4.479207e-05 5.292511e+01 3.088648e+00 
7.948909e+01 2.700635e-05 1.372372e-06 3.558370e-05 4.469257e-05 5.276763e+01 2.909076e+00 
8.102207e+01 2.710533e-05 1.334880e-06 3.552613e-05 4.470555e-05 5.262403e+01 2.819417e+00 
8.324161e+01 2.726373e-05 1.256821e-06 3.559406e-05 4.485340e-05 5.251986e+01 2.639389e+00 
8.494116e+01 2.733119e-05 1.174095e-06 3.557741e-05 4.487900e-05 5.244238e+01 2.459804e+00 
8.694708e+01 2.755890e-05 1.083830e-06 3.544744e-05 4.491313e-05 5.211497e+01 2.252155e+00 
8.905913e+01 2.766747e-05 9.380117e-07 3.575047e-05 4.521576e-05 5.224760e+01 1.941758e+00 
9.124541e+01 2.768492e-05 8.333194e-07 3.595670e-05 4.538759e-05 5.239293e+01 1.724089e+00 
9.347366e+01 2.772808e-05 8.961129e-07 3.605800e-05 4.549537e-05 5.242578e+01 1.851034e+00 
9.565355e+01 2.744367e-05 1.019950e-06 3.645051e-05 4.563808e-05 5.300483e+01 2.128430e+00 
9.679860e+01 2.713501e-05 1.161111e-06 3.650267e-05 4.549837e-05 5.334887e+01 2.450199e+00 
9.879789e+01 2.669868e-05 1.671287e-06 3.582993e-05 4.471462e-05 5.325466e+01 3.581934e+00 
1.007518e+02 2.702239e-05 1.885868e-06 3.575771e-05 4.485956e-05 5.285439e+01 3.992147e+00 
1.035650e+02 2.746433e-05 1.882698e-06 3.613058e-05 4.542304e-05 5.269532e+01 3.921527e+00 
1.056521e+02 2.784098e-05 1.800931e-06 3.633608e-05 4.581129e-05 5.248263e+01 3.701097e+00 
1.073063e+02 2.807895e-05 1.685469e-06 3.662309e-05 4.617920e-05 5.247283e+01 3.435118e+00 
1.086161e+02 2.804688e-05 1.537669e-06 3.672495e-05 4.623542e-05 5.258951e+01 3.138097e+00 
1.106090e+02 2.792493e-05 1.374596e-06 3.684489e-05 4.625189e-05 5.280794e+01 2.818091e+00 
1.117330e+02 2.791345e-05 1.299093e-06 3.685726e-05 4.625263e-05 5.283209e+01 2.664625e+00 
1.133783e+02 2.806263e-05 1.153293e-06 3.701478e-05 4.646434e-05 5.280926e+01 2.353367e+00 
1.164429e+02 2.765062e-05 1.007418e-06 3.721107e-05 4.637063e-05 5.336668e+01 2.086582e+00 
1.182755e+02 2.759952e-05 7.449231e-07 3.757299e-05 4.662637e-05 5.369062e+01 1.546063e+00 
1.200628e+02 2.690509e-05 5.363155e-07 3.756507e-05 4.620937e-05 5.438337e+01 1.141960e+00 
1.217589e+02 2.648476e-05 6.536407e-07 3.713163e-05 4.561390e-05 5.449275e+01 1.413766e+00 
1.236359e+02 2.642719e-05 8.249465e-07 3.674676e-05 4.527032e-05 5.426419e+01 1.787954e+00 
1.259096e+02 2.641518e-05 8.672847e-07 3.665656e-05 4.519090e-05 5.420836e+01 1.880506e+00 
1.277039e+02 2.636968e-05 7.854700e-07 3.648172e-05 4.502102e-05 5.412782e+01 1.706157e+00 
1.303288e+02 2.641358e-05 6.600812e-07 3.618903e-05 4.480802e-05 5.386659e+01 1.431536e+00 
1.319264e+02 2.633608e-05 5.799933e-07 3.598462e-05 4.459617e-05 5.379409e+01 1.261608e+00 
1.337913e+02 2.626570e-05 7.078024e-07 3.569516e-05 4.432305e-05 5.364318e+01 1.543620e+00 
1.352497e+02 2.636284e-05 8.706282e-07 3.542974e-05 4.417040e-05 5.333256e+01 1.891496e+00 
1.369434e+02 2.655334e-05 1.057103e-06 3.521423e-05 4.411620e-05 5.296002e+01 2.279773e+00 
1.385889e+02 2.672742e-05 1.172184e-06 3.506191e-05 4.410291e-05 5.265546e+01 2.511211e+00 
1.402659e+02 2.689425e-05 1.327931e-06 3.497545e-05 4.414008e-05 5.240793e+01 2.826742e+00 
1.425849e+02 2.740545e-05 1.586592e-06 3.476560e-05 4.429699e-05 5.170495e+01 3.313343e+00 
1.441713e+02 2.812224e-05 1.682450e-06 3.472743e-05 4.471784e-05 5.094941e+01 3.423716e+00 
1.459531e+02 2.843987e-05 1.738607e-06 3.528467e-05 4.535258e-05 5.107854e+01 3.498294e+00 
1.469585e+02 2.848348e-05 1.717398e-06 3.547126e-05 4.552437e-05 5.118471e+01 3.450445e+00 
1.487142e+02 2.866538e-05 1.790199e-06 3.557937e-05 4.572527e-05 5.108802e+01 3.573572e+00 
1.508990e+02 2.895401e-05 1.720121e-06 3.607618e-05 4.629021e-05 5.120090e+01 3.399875e+00 
1.547376e+02 2.853533e-05 1.525938e-06 3.684122e-05 4.662477e-05 5.220086e+01 3.060998e+00 
1.563237e+02 2.863060e-05 1.619059e-06 3.727542e-05 4.702967e-05 5.242856e+01 3.236626e+00 
1.580484e+02 2.835326e-05 1.388851e-06 3.793330e-05 4.737902e-05 5.319078e+01 2.804325e+00 
1.597138e+02 2.787544e-05 8.289522e-07 3.801841e-05 4.715005e-05 5.373872e+01 1.703344e+00 
1.614858e+02 2.753223e-05 2.600248e-07 3.749609e-05 4.651933e-05 5.371008e+01 5.411070e-01 
1.637563e+02 2.802778e-05 -1.004404e-07 3.776324e-05 4.702796e-05 5.341711e+01 -2.053244e-01 
1.660495e+02 2.823813e-05 -5.927245e-08 3.889218e-05 4.806243e-05 5.401797e+01 -1.202649e-01 
1.681422e+02 2.730160e-05 -2.646507e-07 3.955609e-05 4.806383e-05 5.538531e+01 -5.553848e-01 
1.682044e+02 2.734387e-05 -2.518939e-07 3.955467e-05 4.808662e-05 5.534302e+01 -5.277982e-01 
1.696096e+02 2.574872e-05 8.294944e-08 3.933589e-05 4.701399e-05 5.679167e+01 1.845776e-01 
1.731167e+02 2.457035e-05 7.952862e-07 3.769362e-05 4.500159e-05 5.688821e+01 1.853887e+00 
1.760754e+02 2.445920e-05 3.107627e-07 3.598902e-05 4.351504e-05 5.579667e+01 7.279236e-01 
1.773472e+02 2.465884e-05 7.022739e-07 3.494404e-05 4.277426e-05 5.477971e+01 1.631320e+00 
1.796748e+02 2.510854e-05 6.165869e-07 3.493406e-05 4.302566e-05 5.428547e+01 1.406722e+00 
1.814633e+02 2.604170e-05 7.480998e-07 3.436071e-05 4.312062e-05 5.283044e+01 1.645483e+00 
1.829765e+02 2.692702e-05 7.313659e-07 3.426058e-05 4.358196e-05 5.182424e+01 1.555830e+00 
1.847136e+02 2.705286e-05 6.041475e-07 3.469810e-05 4.400205e-05 5.205081e+01 1.279323e+00 
1.863904e+02 2.714025e-05 8.180506e-07 3.455673e-05 4.394804e-05 5.184189e+01 1.726464e+00 
1.884935e+02 2.739076e-05 1.269028e-06 3.429462e-05 4.390883e-05 5.135603e+01 2.652646e+00 
1.899643e+02 2.773444e-05 1.513768e-06 3.429492e-05 4.413198e-05 5.099572e+01 3.124149e+00 
1.916195e+02 2.798283e-05 1.573764e-06 3.489884e-05 4.475985e-05 5.123227e+01 3.218944e+00 
1.933386e+02 2.794704e-05 1.624963e-06 3.520935e-05 4.498195e-05 5.151249e+01 3.327679e+00 
1.948557e+02 2.792909e-05 1.684822e-06 3.542096e-05 4.513887e-05 5.169395e+01 3.452183e+00 
1.970284e+02 2.807028e-05 1.796817e-06 3.560535e-05 4.537521e-05 5.169175e+01 3.662585e+00 
1.997555e+02 2.791460e-05 1.555374e-06 3.645601e-05 4.594219e-05 5.251561e+01 3.189165e+00 
2.025419e+02 2.723916e-05 1.182288e-06 3.668460e-05 4.570700e-05 5.337946e+01 2.485306e+00 
2.043886e+02 2.703919e-05 1.139868e-06 3.646963e-05 4.541421e-05 5.342181e+01 2.413940e+00 
2.062066e+02 2.701285e-05 1.127774e-06 3.634087e-05 4.529486e-05 5.335200e+01 2.390684e+00 
2.080318e+02 2.700556e-05 1.128346e-06 3.628097e-05 4.524248e-05 5.331409e+01 2.392540e+00 
2.100417e+02 2.701064e-05 1.081840e-06 3.624984e-05 4.521942e-05 5.328730e+01 2.293604e+00 
2.122547e+02 2.697988e-05 1.003958e-06 3.618792e-05 4.514962e-05 5.327465e+01 2.131071e+00 
2.145339e+02 2.705539e-05 1.072390e-06 3.602658e-05 4.506727e-05 5.307244e+01 2.269836e+00 
2.168454e+02 2.714172e-05 1.246931e-06 3.596910e-05 4.507775e-05 5.293332e+01 2.630404e+00 
2.191083e+02 2.715251e-05 1.503820e-06 3.587680e-05 4.501850e-05 5.283837e+01 3.170042e+00 
2.211803e+02 2.713438e-05 1.759076e-06 3.593408e-05 4.506248e-05 5.288519e+01 3.709199e+00 
2.232723e+02 2.734211e-05 1.830571e-06 3.590722e-05 4.516936e-05 5.265020e+01 3.830270e+00 
2.250348e+02 2.796541e-05 1.798539e-06 3.568339e-05 4.537184e-05 5.185644e+01 3.679794e+00 
2.268908e+02 2.878061e-05 1.742719e-06 3.668029e-05 4.665623e-05 5.183013e+01 3.465134e+00 
2.295877e+02 2.866099e-05 9.740457e-07 3.802562e-05 4.762719e-05 5.297774e+01 1.946452e+00 
2.318938e+02 2.788218e-05 6.578822e-07 3.891699e-05 4.787882e-05 5.437265e+01 1.351647e+00 
2.335234e+02 2.732361e-05 3.198742e-07 3.911965e-05 4.771822e-05 5.506530e+01 6.707241e-01 
2.353038e+02 2.524000e-05 3.383291e-08 3.815820e-05 4.575049e-05 5.651707e+01 7.680197e-02 
2.363412e+02 2.484314e-05 -4.372833e-09 3.746168e-05 4.495063e-05 5.644920e+01 -1.008507e-02 
2.382151e+02 2.451685e-05 3.806156e-08 3.649258e-05 4.396346e-05 5.610554e+01 8.894964e-02 
2.394675e+02 2.436402e-05 2.107605e-07 3.584222e-05 4.333952e-05 5.579280e+01 4.956236e-01 
2.412849e+02 2.436528e-05 5.875761e-07 3.484907e-05 4.252611e-05 5.503225e+01 1.381438e+00 
2.428526e+02 2.477208e-05 8.740129e-07 3.426585e-05 4.229147e-05 5.411849e+01 2.020682e+00 
2.439705e+02 2.513979e-05 1.017823e-06 3.404175e-05 4.233067e-05 5.353176e+01 2.318442e+00 
2.455183e+02 2.558028e-05 1.161109e-06 3.386411e-05 4.245558e-05 5.290496e+01 2.598916e+00 
2.469844e+02 2.570460e-05 1.209788e-06 3.385015e-05 4.252085e-05 5.275772e+01 2.694639e+00 
2.481270e+02 2.581202e-05 1.237423e-06 3.382685e-05 4.256815e-05 5.262237e+01 2.744646e+00 
2.491184e+02 2.605728e-05 1.307585e-06 3.375859e-05 4.266537e-05 5.230163e+01 2.872761e+00 
2.503611e+02 2.632174e-05 1.381392e-06 3.377166e-05 4.284002e-05 5.202883e+01 3.004186e+00 
2.535700e+02 2.664370e-05 1.589703e-06 3.388225e-05 4.313259e-05 5.177037e+01 3.414518e+00 
2.559534e+02 2.646680e-05 1.641571e-06 3.396976e-05 4.309445e-05 5.202349e+01 3.549153e+00 
2.586392e+02 2.662605e-05 1.608812e-06 3.434844e-05 4.348965e-05 5.216749e+01 3.457750e+00 
2.888399e+02 2.787097e-05 1.219545e-06 3.469325e-05 4.451853e-05 5.119644e+01 2.505483e+00 
2.931717e+02 2.753885e-05 8.852586e-07 3.430578e-05 4.400067e-05 5.122992e+01 1.841185e+00 
2.949700e+02 2.734329e-05 7.455570e-07 3.425655e-05 4.383746e-05 5.139304e+01 1.561871e+00 
2.980614e+02 2.700603e-05 6.577707e-07 3.386037e-05 4.331608e-05 5.141689e+01 1.395245e+00 
2.998929e+02 2.651454e-05 5.526661e-07 3.399874e-05 4.311891e-05 5.204443e+01 1.194094e+00 
3.017394e+02 2.612869e-05 3.820497e-07 3.430195e-05 4.312167e-05 5.269958e+01 8.377104e-01 
3.036463e+02 2.583604e-05 2.935423e-07 3.472685e-05 4.328442e-05 5.334976e+01 6.509515e-01 
3.057892e+02 2.573238e-05 1.599303e-07 3.476737e-05 4.325449e-05 5.349321e+01 3.560966e-01 
3.075387e+02 2.553304e-05 7.948050e-08 3.481692e-05 4.317593e-05 5.374536e+01 1.783525e-01 
3.088919e+02 2.505969e-05 5.979290e-08 3.501376e-05 4.305758e-05 5.440825e+01 1.367086e-01 
3.099811e+02 2.473380e-05 3.961471e-08 3.530532e-05 4.310717e-05 5.498608e+01 9.176727e-02 
3.119751e+02 2.449450e-05 1.549029e-07 3.519612e-05 4.288089e-05 5.516374e+01 3.623330e-01 
3.137316e+02 2.425342e-05 2.464539e-07 3.515496e-05 4.271019e-05 5.539681e+01 5.821977e-01 
3.158266e+02 2.413015e-05 3.819755e-07 3.527798e-05 4.274279e-05 5.562451e+01 9.069052e-01 
3.179838e+02 2.411326e-05 2.230801e-07 3.607778e-05 4.339476e-05 5.624134e+01 5.300479e-01 
3.204795e+02 2.422786e-05 2.290639e-07 3.577071e-05 4.320399e-05 5.588863e+01 5.416904e-01 
