# 1, 2, 3, 4   , 5   , 6   , 7   , 8   , 9   , 10  
# x, y, z, Bx_si, By_si, Bz_si, In_si, Ic_si, Dc_si, dmeas 
5.053600e+05 4.183132e+06 1.545501e+03 -2.560170e-07 1.283029e-08 1.042352e-06 1.073409e-06 7.618382e+01 1.771310e+02 0.000000e+00 
5.053607e+05 4.183134e+06 1.545501e+03 -2.533737e-07 1.088357e-08 1.032485e-06 1.063176e-06 7.619976e+01 1.775404e+02 2.157064e+00 
5.053605e+05 4.183136e+06 1.545501e+03 -2.508643e-07 1.117695e-08 1.024759e-06 1.055077e-06 7.623121e+01 1.774489e+02 4.009790e+00 
5.053603e+05 4.183139e+06 1.545501e+03 -2.476547e-07 1.104411e-08 1.014851e-06 1.044690e-06 7.627300e+01 1.774466e+02 6.432482e+00 
5.053594e+05 4.183143e+06 1.545501e+03 -2.423119e-07 1.226340e-08 1.000008e-06 1.029020e-06 7.636241e+01 1.771027e+02 1.060382e+01 
5.053599e+05 4.183145e+06 1.545501e+03 -2.397649e-07 1.087663e-08 9.918828e-07 1.020508e-06 7.639729e+01 1.774026e+02 1.279858e+01 
5.053622e+05 4.183147e+06 1.545501e+03 -2.380167e-07 5.795508e-09 9.838440e-07 1.012242e-06 7.639613e+01 1.786052e+02 1.570972e+01 
5.053634e+05 4.183149e+06 1.545501e+03 -2.349770e-07 2.937987e-09 9.739218e-07 1.001871e-06 7.643453e+01 1.792837e+02 1.871373e+01 
5.053652e+05 4.183154e+06 1.545501e+03 -2.299504e-07 -1.321556e-09 9.583722e-07 9.855740e-07 7.650738e+01 -1.796707e+02 2.378995e+01 
5.053655e+05 4.183155e+06 1.545501e+03 -2.289183e-07 -1.978965e-09 9.553663e-07 9.824115e-07 7.652474e+01 -1.795047e+02 2.482539e+01 
5.053652e+05 4.183156e+06 1.545501e+03 -2.280298e-07 -1.451498e-09 9.533169e-07 9.802106e-07 7.654756e+01 -1.796353e+02 2.569447e+01 
5.053662e+05 4.183159e+06 1.545501e+03 -2.247236e-07 -3.808588e-09 9.437440e-07 9.701381e-07 7.660435e+01 -1.790291e+02 2.920594e+01 
5.053677e+05 4.183162e+06 1.545501e+03 -2.220333e-07 -6.982913e-09 9.355973e-07 9.616079e-07 7.664333e+01 -1.781987e+02 3.250502e+01 
5.053688e+05 4.183164e+06 1.545501e+03 -2.206631e-07 -9.132359e-09 9.313439e-07 9.571714e-07 7.665971e+01 -1.776301e+02 3.440177e+01 
5.053695e+05 4.183165e+06 1.545501e+03 -2.194137e-07 -1.058094e-08 9.277167e-07 9.533691e-07 7.667861e+01 -1.772391e+02 3.600708e+01 
5.053702e+05 4.183167e+06 1.545501e+03 -2.177925e-07 -1.214542e-08 9.231756e-07 9.485960e-07 7.670579e+01 -1.768081e+02 3.806029e+01 
5.053715e+05 4.183169e+06 1.545501e+03 -2.164814e-07 -1.458013e-08 9.192280e-07 9.444876e-07 7.671915e+01 -1.761469e+02 4.012339e+01 
5.053725e+05 4.183170e+06 1.545501e+03 -2.151876e-07 -1.657817e-08 9.155359e-07 9.406309e-07 7.673546e+01 -1.755946e+02 4.206202e+01 
5.053731e+05 4.183172e+06 1.545501e+03 -2.137664e-07 -1.772331e-08 9.117687e-07 9.366602e-07 7.676150e+01 -1.752605e+02 4.396952e+01 
5.053732e+05 4.183175e+06 1.545501e+03 -2.120355e-07 -1.815572e-08 9.073869e-07 9.320084e-07 7.680086e+01 -1.751059e+02 4.625121e+01 
5.053734e+05 4.183177e+06 1.545501e+03 -2.101046e-07 -1.853476e-08 9.025117e-07 9.268305e-07 7.684584e+01 -1.749586e+02 4.892883e+01 
5.053739e+05 4.183179e+06 1.545501e+03 -2.088289e-07 -1.948118e-08 8.991569e-07 9.232942e-07 7.687007e+01 -1.746704e+02 5.087570e+01 
5.053738e+05 4.183181e+06 1.545501e+03 -2.074162e-07 -1.947572e-08 8.956066e-07 9.195173e-07 7.690520e+01 -1.746358e+02 5.302838e+01 
5.053744e+05 4.183183e+06 1.545501e+03 -2.063600e-07 -2.067174e-08 8.927430e-07 9.165161e-07 7.692162e+01 -1.742796e+02 5.487540e+01 
5.053749e+05 4.183185e+06 1.545501e+03 -2.050360e-07 -2.162277e-08 8.892257e-07 9.128141e-07 7.694624e+01 -1.739799e+02 5.719304e+01 
5.053746e+05 4.183188e+06 1.545501e+03 -2.037243e-07 -2.116319e-08 8.858775e-07 9.092472e-07 7.698160e+01 -1.740693e+02 5.955443e+01 
5.053744e+05 4.183189e+06 1.545501e+03 -2.029026e-07 -2.088056e-08 8.837500e-07 9.069838e-07 7.700342e+01 -1.741244e+02 6.111958e+01 
5.053745e+05 4.183191e+06 1.545501e+03 -2.018744e-07 -2.102151e-08 8.809712e-07 9.040494e-07 7.702608e+01 -1.740551e+02 6.319502e+01 
5.053749e+05 4.183193e+06 1.545501e+03 -2.012774e-07 -2.176103e-08 8.792389e-07 9.022456e-07 7.703329e+01 -1.738295e+02 6.455714e+01 
5.053752e+05 4.183194e+06 1.545501e+03 -2.006823e-07 -2.228664e-08 8.775216e-07 9.004523e-07 7.704190e+01 -1.736630e+02 6.593101e+01 
5.053762e+05 4.183195e+06 1.545501e+03 -2.001858e-07 -2.398395e-08 8.759573e-07 8.988608e-07 7.703809e+01 -1.731680e+02 6.749700e+01 
5.053759e+05 4.183197e+06 1.545501e+03 -1.994597e-07 -2.357621e-08 8.738881e-07 8.966718e-07 7.705633e+01 -1.732589e+02 6.929172e+01 
5.053759e+05 4.183198e+06 1.545501e+03 -1.988368e-07 -2.359286e-08 8.720293e-07 8.947222e-07 7.706815e+01 -1.732332e+02 7.093375e+01 
5.053764e+05 4.183200e+06 1.545501e+03 -1.982679e-07 -2.436119e-08 8.702184e-07 8.928515e-07 7.707171e+01 -1.729952e+02 7.262516e+01 
5.053772e+05 4.183202e+06 1.545501e+03 -1.975910e-07 -2.585853e-08 8.679733e-07 8.905552e-07 7.706968e+01 -1.725441e+02 7.492696e+01 
5.053775e+05 4.183204e+06 1.545501e+03 -1.969408e-07 -2.626202e-08 8.657459e-07 8.882518e-07 7.707474e+01 -1.724044e+02 7.718037e+01 
5.053783e+05 4.183207e+06 1.545501e+03 -1.963936e-07 -2.766270e-08 8.637501e-07 8.862279e-07 7.706805e+01 -1.719824e+02 7.948909e+01 
5.053792e+05 4.183208e+06 1.545501e+03 -1.961045e-07 -2.910359e-08 8.626943e-07 8.851811e-07 7.705779e+01 -1.715584e+02 8.102207e+01 
5.053796e+05 4.183210e+06 1.545501e+03 -1.956530e-07 -2.959464e-08 8.608214e-07 8.832720e-07 7.705421e+01 -1.713986e+02 8.324161e+01 
5.053800e+05 4.183212e+06 1.545501e+03 -1.953629e-07 -3.033382e-08 8.595337e-07 8.819779e-07 7.704653e+01 -1.711742e+02 8.494116e+01 
5.053812e+05 4.183213e+06 1.545501e+03 -1.950995e-07 -3.213556e-08 8.584365e-07 8.809141e-07 7.702898e+01 -1.706466e+02 8.694708e+01 
5.053813e+05 4.183215e+06 1.545501e+03 -1.948425e-07 -3.229999e-08 8.568703e-07 8.793370e-07 7.702047e+01 -1.705874e+02 8.905913e+01 
5.053809e+05 4.183218e+06 1.545501e+03 -1.946620e-07 -3.166320e-08 8.552526e-07 8.776975e-07 7.701465e+01 -1.707613e+02 9.124541e+01 
5.053820e+05 4.183220e+06 1.545501e+03 -1.945297e-07 -3.328528e-08 8.541789e-07 8.766820e-07 7.699019e+01 -1.702904e+02 9.347366e+01 
5.053823e+05 4.183222e+06 1.545501e+03 -1.944725e-07 -3.363165e-08 8.528709e-07 8.754082e-07 7.697076e+01 -1.701884e+02 9.565355e+01 
5.053829e+05 4.183223e+06 1.545501e+03 -1.944564e-07 -3.449446e-08 8.524392e-07 8.750176e-07 7.695591e+01 -1.699410e+02 9.679860e+01 
5.053828e+05 4.183225e+06 1.545501e+03 -1.945092e-07 -3.431901e-08 8.512564e-07 8.738702e-07 7.693704e+01 -1.699938e+02 9.879789e+01 
5.053840e+05 4.183226e+06 1.545501e+03 -1.945498e-07 -3.604501e-08 8.507888e-07 8.734932e-07 7.690793e+01 -1.695036e+02 1.007518e+02 
5.053867e+05 4.183227e+06 1.545501e+03 -1.944497e-07 -4.026444e-08 8.517460e-07 8.745874e-07 7.687657e+01 -1.683012e+02 1.035650e+02 
5.053884e+05 4.183228e+06 1.545501e+03 -1.944386e-07 -4.285585e-08 8.521189e-07 8.750712e-07 7.684827e+01 -1.675703e+02 1.056521e+02 
5.053895e+05 4.183229e+06 1.545501e+03 -1.944944e-07 -4.438496e-08 8.521606e-07 8.752004e-07 7.682408e+01 -1.671449e+02 1.073063e+02 
5.053907e+05 4.183230e+06 1.545501e+03 -1.944473e-07 -4.628734e-08 8.528345e-07 8.759446e-07 7.680954e+01 -1.666102e+02 1.086161e+02 
5.053924e+05 4.183231e+06 1.545501e+03 -1.944415e-07 -4.881613e-08 8.536466e-07 8.768712e-07 7.678379e+01 -1.659067e+02 1.106090e+02 
5.053927e+05 4.183232e+06 1.545501e+03 -1.945659e-07 -4.923249e-08 8.534450e-07 8.767258e-07 7.676663e+01 -1.658001e+02 1.117330e+02 
5.053928e+05 4.183234e+06 1.545501e+03 -1.948311e-07 -4.921094e-08 8.528216e-07 8.761767e-07 7.674128e+01 -1.658246e+02 1.133783e+02 
5.053956e+05 4.183235e+06 1.545501e+03 -1.947483e-07 -5.364138e-08 8.550796e-07 8.786156e-07 7.670835e+01 -1.646003e+02 1.164429e+02 
5.053947e+05 4.183236e+06 1.545501e+03 -1.951875e-07 -5.200767e-08 8.535546e-07 8.771308e-07 7.668566e+01 -1.650802e+02 1.182755e+02 
5.053957e+05 4.183238e+06 1.545501e+03 -1.954123e-07 -5.350912e-08 8.541004e-07 8.778022e-07 7.665520e+01 -1.646863e+02 1.200628e+02 
5.053971e+05 4.183239e+06 1.545501e+03 -1.955158e-07 -5.555069e-08 8.552175e-07 8.790388e-07 7.663089e+01 -1.641389e+02 1.217589e+02 
5.053976e+05 4.183241e+06 1.545501e+03 -1.959578e-07 -5.613365e-08 8.552268e-07 8.791833e-07 7.659395e+01 -1.640152e+02 1.236359e+02 
5.053998e+05 4.183241e+06 1.545501e+03 -1.957354e-07 -5.981973e-08 8.579310e-07 8.820070e-07 7.658204e+01 -1.630060e+02 1.259096e+02 
5.054001e+05 4.183243e+06 1.545501e+03 -1.962540e-07 -5.999971e-08 8.577778e-07 8.819855e-07 7.654506e+01 -1.630003e+02 1.277039e+02 
5.054007e+05 4.183245e+06 1.545501e+03 -1.970688e-07 -6.055221e-08 8.578952e-07 8.823190e-07 7.648741e+01 -1.629197e+02 1.303288e+02 
5.054011e+05 4.183247e+06 1.545501e+03 -1.975789e-07 -6.113814e-08 8.582415e-07 8.828102e-07 7.645101e+01 -1.628060e+02 1.319264e+02 
5.054014e+05 4.183249e+06 1.545501e+03 -1.983152e-07 -6.119411e-08 8.581771e-07 8.829165e-07 7.640461e+01 -1.628513e+02 1.337913e+02 
5.054015e+05 4.183250e+06 1.545501e+03 -1.989434e-07 -6.114810e-08 8.580909e-07 8.829709e-07 7.636627e+01 -1.629144e+02 1.352497e+02 
5.054019e+05 4.183252e+06 1.545501e+03 -1.996386e-07 -6.163803e-08 8.585044e-07 8.835636e-07 7.632164e+01 -1.628420e+02 1.369434e+02 
5.054018e+05 4.183253e+06 1.545501e+03 -2.004809e-07 -6.118693e-08 8.581476e-07 8.833763e-07 7.627377e+01 -1.630278e+02 1.385889e+02 
5.054013e+05 4.183255e+06 1.545501e+03 -2.014164e-07 -6.008309e-08 8.572591e-07 8.826504e-07 7.622371e+01 -1.633900e+02 1.402659e+02 
5.054023e+05 4.183257e+06 1.545501e+03 -2.024273e-07 -6.137721e-08 8.585595e-07 8.842332e-07 7.615940e+01 -1.631324e+02 1.425849e+02 
5.054023e+05 4.183259e+06 1.545501e+03 -2.033875e-07 -6.104004e-08 8.584299e-07 8.843044e-07 7.610568e+01 -1.632946e+02 1.441713e+02 
5.054034e+05 4.183260e+06 1.545501e+03 -2.040601e-07 -6.261775e-08 8.600748e-07 8.861660e-07 7.606207e+01 -1.629409e+02 1.459531e+02 
5.054041e+05 4.183261e+06 1.545501e+03 -2.044158e-07 -6.359854e-08 8.611259e-07 8.873378e-07 7.603897e+01 -1.627179e+02 1.469585e+02 
5.054049e+05 4.183262e+06 1.545501e+03 -2.053248e-07 -6.458275e-08 8.623807e-07 8.888361e-07 7.598583e+01 -1.625396e+02 1.487142e+02 
5.054068e+05 4.183263e+06 1.545501e+03 -2.055621e-07 -6.775724e-08 8.657767e-07 8.924215e-07 7.596394e+01 -1.617568e+02 1.508990e+02 
5.054097e+05 4.183266e+06 1.545501e+03 -2.067597e-07 -7.228525e-08 8.712949e-07 8.984038e-07 7.588904e+01 -1.607299e+02 1.547376e+02 
5.054110e+05 4.183267e+06 1.545501e+03 -2.072250e-07 -7.429312e-08 8.738496e-07 9.011520e-07 7.586027e+01 -1.602765e+02 1.563237e+02 
5.054118e+05 4.183268e+06 1.545501e+03 -2.081901e-07 -7.550304e-08 8.757658e-07 9.033325e-07 7.580888e+01 -1.600661e+02 1.580484e+02 
5.054119e+05 4.183270e+06 1.545501e+03 -2.095329e-07 -7.521043e-08 8.760968e-07 9.039393e-07 7.574250e+01 -1.602547e+02 1.597138e+02 
5.054125e+05 4.183272e+06 1.545501e+03 -2.107965e-07 -7.590900e-08 8.776223e-07 9.057695e-07 7.567889e+01 -1.601958e+02 1.614858e+02 
5.054120e+05 4.183274e+06 1.545501e+03 -2.129113e-07 -7.442714e-08 8.769335e-07 9.054739e-07 7.557628e+01 -1.607320e+02 1.637563e+02 
5.054100e+05 4.183275e+06 1.545501e+03 -2.144381e-07 -7.051942e-08 8.729556e-07 9.016697e-07 7.550159e+01 -1.617962e+02 1.660495e+02 
5.054102e+05 4.183277e+06 1.545501e+03 -2.163900e-07 -7.046718e-08 8.739279e-07 9.030727e-07 7.540408e+01 -1.619622e+02 1.681422e+02 
5.054102e+05 4.183277e+06 1.545501e+03 -2.163574e-07 -7.040164e-08 8.738299e-07 9.029649e-07 7.540566e+01 -1.619754e+02 1.682044e+02 
5.054098e+05 4.183278e+06 1.545501e+03 -2.178263e-07 -6.939653e-08 8.733873e-07 9.028120e-07 7.533163e+01 -1.623288e+02 1.696096e+02 
5.054083e+05 4.183281e+06 1.545501e+03 -2.216099e-07 -6.610497e-08 8.713943e-07 9.015591e-07 7.513690e+01 -1.633905e+02 1.731167e+02 
5.054108e+05 4.183283e+06 1.545501e+03 -2.228654e-07 -6.977040e-08 8.766692e-07 9.072408e-07 7.508366e+01 -1.626167e+02 1.760754e+02 
5.054117e+05 4.183284e+06 1.545501e+03 -2.235951e-07 -7.116757e-08 8.788972e-07 9.096812e-07 7.505183e+01 -1.623444e+02 1.773472e+02 
5.054096e+05 4.183285e+06 1.545501e+03 -2.253343e-07 -6.728780e-08 8.749176e-07 9.059713e-07 7.495523e+01 -1.633737e+02 1.796748e+02 
5.054101e+05 4.183287e+06 1.545501e+03 -2.272804e-07 -6.770076e-08 8.765612e-07 9.080745e-07 7.486132e+01 -1.634126e+02 1.814633e+02 
5.054103e+05 4.183288e+06 1.545501e+03 -2.291594e-07 -6.746860e-08 8.773551e-07 9.092953e-07 7.476881e+01 -1.635946e+02 1.829765e+02 
5.054108e+05 4.183290e+06 1.545501e+03 -2.311240e-07 -6.799995e-08 8.792163e-07 9.116269e-07 7.467616e+01 -1.636054e+02 1.847136e+02 
5.054119e+05 4.183291e+06 1.545501e+03 -2.325816e-07 -6.937998e-08 8.819491e-07 9.147360e-07 7.461328e+01 -1.633900e+02 1.863904e+02 
5.054140e+05 4.183291e+06 1.545501e+03 -2.324586e-07 -7.286876e-08 8.866580e-07 9.195158e-07 7.463690e+01 -1.625954e+02 1.884935e+02 
5.054143e+05 4.183293e+06 1.545501e+03 -2.343743e-07 -7.292098e-08 8.879639e-07 9.212647e-07 7.454782e+01 -1.627175e+02 1.899643e+02 
5.054152e+05 4.183294e+06 1.545501e+03 -2.359785e-07 -7.421833e-08 8.908478e-07 9.245561e-07 7.448085e+01 -1.625410e+02 1.916195e+02 
5.054163e+05 4.183296e+06 1.545501e+03 -2.375015e-07 -7.584014e-08 8.941963e-07 9.283026e-07 7.442067e+01 -1.622904e+02 1.933386e+02 
5.054171e+05 4.183297e+06 1.545501e+03 -2.392052e-07 -7.680493e-08 8.967618e-07 9.312893e-07 7.434947e+01 -1.621990e+02 1.948557e+02 
5.054186e+05 4.183298e+06 1.545501e+03 -2.410959e-07 -7.908254e-08 9.014437e-07 9.364732e-07 7.427937e+01 -1.618399e+02 1.970284e+02 
5.054201e+05 4.183301e+06 1.545501e+03 -2.442472e-07 -8.104470e-08 9.066401e-07 9.424549e-07 7.415386e+01 -1.616434e+02 1.997555e+02 
5.054212e+05 4.183303e+06 1.545501e+03 -2.480977e-07 -8.225464e-08 9.112885e-07 9.480322e-07 7.399594e+01 -1.616575e+02 2.025419e+02 
5.054223e+05 4.183305e+06 1.545501e+03 -2.501356e-07 -8.401854e-08 9.155269e-07 9.527940e-07 7.392219e+01 -1.614332e+02 2.043886e+02 
5.054229e+05 4.183306e+06 1.545501e+03 -2.529840e-07 -8.449723e-08 9.184006e-07 9.563474e-07 7.380564e+01 -1.615306e+02 2.062066e+02 
5.054238e+05 4.183308e+06 1.545501e+03 -2.555949e-07 -8.560101e-08 9.221071e-07 9.606965e-07 7.370542e+01 -1.614838e+02 2.080318e+02 
5.054246e+05 4.183310e+06 1.545501e+03 -2.587040e-07 -8.659321e-08 9.260470e-07 9.653959e-07 7.358513e+01 -1.614936e+02 2.100417e+02 
5.054255e+05 4.183312e+06 1.545501e+03 -2.623408e-07 -8.754070e-08 9.303524e-07 9.705883e-07 7.344463e+01 -1.615466e+02 2.122547e+02 
5.054265e+05 4.183314e+06 1.545501e+03 -2.661876e-07 -8.860112e-08 9.350374e-07 9.762176e-07 7.329881e+01 -1.615899e+02 2.145339e+02 
5.054278e+05 4.183316e+06 1.545501e+03 -2.695949e-07 -9.063860e-08 9.410148e-07 9.830593e-07 7.318245e+01 -1.614172e+02 2.168454e+02 
5.054288e+05 4.183318e+06 1.545501e+03 -2.735660e-07 -9.194181e-08 9.462696e-07 9.893017e-07 7.303881e+01 -1.614232e+02 2.191083e+02 
5.054300e+05 4.183320e+06 1.545501e+03 -2.768319e-07 -9.385812e-08 9.520101e-07 9.958757e-07 7.293114e+01 -1.612711e+02 2.211803e+02 
5.054312e+05 4.183321e+06 1.545501e+03 -2.800688e-07 -9.604834e-08 9.582056e-07 1.002907e-06 7.282911e+01 -1.610708e+02 2.232723e+02 
5.054319e+05 4.183323e+06 1.545501e+03 -2.836920e-07 -9.676073e-08 9.622789e-07 1.007881e-06 7.269875e+01 -1.611667e+02 2.250348e+02 
5.054328e+05 4.183325e+06 1.545501e+03 -2.872137e-07 -9.815850e-08 9.674201e-07 1.013917e-06 7.258097e+01 -1.611316e+02 2.268908e+02 
5.054348e+05 4.183326e+06 1.545501e+03 -2.909052e-07 -1.021707e-07 9.770495e-07 1.024544e-06 7.248597e+01 -1.606479e+02 2.295877e+02 
5.054368e+05 4.183327e+06 1.545501e+03 -2.923197e-07 -1.073984e-07 9.867991e-07 1.034774e-06 7.248479e+01 -1.598266e+02 2.318938e+02 
5.054384e+05 4.183328e+06 1.545501e+03 -2.918172e-07 -1.122021e-07 9.941893e-07 1.042190e-06 7.254311e+01 -1.589685e+02 2.335234e+02 
5.054392e+05 4.183329e+06 1.545501e+03 -2.957509e-07 -1.133582e-07 9.992859e-07 1.048280e-06 7.241359e+01 -1.590287e+02 2.353038e+02 
5.054397e+05 4.183330e+06 1.545501e+03 -2.978138e-07 -1.144961e-07 1.002813e-06 1.052348e-06 7.235049e+01 -1.589705e+02 2.363412e+02 
5.054408e+05 4.183332e+06 1.545501e+03 -3.012724e-07 -1.170906e-07 1.009816e-06 1.060285e-06 7.225095e+01 -1.587612e+02 2.382151e+02 
5.054413e+05 4.183333e+06 1.545501e+03 -3.043738e-07 -1.177131e-07 1.013356e-06 1.064608e-06 7.214926e+01 -1.588566e+02 2.394675e+02 
5.054428e+05 4.183334e+06 1.545501e+03 -3.062597e-07 -1.221558e-07 1.021967e-06 1.073840e-06 7.211846e+01 -1.582548e+02 2.412849e+02 
5.054442e+05 4.183335e+06 1.545501e+03 -3.071657e-07 -1.268132e-07 1.030017e-06 1.082298e-06 7.211878e+01 -1.575667e+02 2.428526e+02 
5.054451e+05 4.183335e+06 1.545501e+03 -3.086588e-07 -1.294853e-07 1.035392e-06 1.088151e-06 7.208515e+01 -1.572415e+02 2.439705e+02 
5.054462e+05 4.183336e+06 1.545501e+03 -3.108792e-07 -1.331765e-07 1.042893e-06 1.096361e-06 7.203244e+01 -1.568104e+02 2.455183e+02 
5.054477e+05 4.183337e+06 1.545501e+03 -3.103464e-07 -1.390182e-07 1.051301e-06 1.104932e-06 7.207537e+01 -1.558702e+02 2.469844e+02 
5.054488e+05 4.183337e+06 1.545501e+03 -3.098727e-07 -1.438201e-07 1.058062e-06 1.111845e-06 7.210603e+01 -1.551027e+02 2.481270e+02 
5.054496e+05 4.183337e+06 1.545501e+03 -3.107682e-07 -1.471358e-07 1.063680e-06 1.117874e-06 7.208632e+01 -1.546644e+02 2.491184e+02 
5.054507e+05 4.183338e+06 1.545501e+03 -3.118383e-07 -1.515009e-07 1.070913e-06 1.125633e-06 7.206139e+01 -1.540881e+02 2.503611e+02 
5.054538e+05 4.183339e+06 1.545501e+03 -3.113569e-07 -1.665865e-07 1.091824e-06 1.147507e-06 7.207761e+01 -1.518517e+02 2.535700e+02 
5.054561e+05 4.183338e+06 1.545501e+03 -3.068430e-07 -1.804368e-07 1.106835e-06 1.162667e-06 7.217196e+01 -1.495427e+02 2.559534e+02 
5.054583e+05 4.183340e+06 1.545501e+03 -3.088905e-07 -1.931738e-07 1.125169e-06 1.182681e-06 7.205847e+01 -1.479790e+02 2.586392e+02 
5.054332e+05 4.183356e+06 1.545501e+03 -4.054071e-07 -7.425919e-08 1.012883e-06 1.093527e-06 6.785810e+01 -1.696201e+02 2.888399e+02 
5.054311e+05 4.183353e+06 1.545501e+03 -3.884932e-07 -7.300878e-08 9.983104e-07 1.073723e-06 6.839827e+01 -1.693567e+02 2.931717e+02 
5.054309e+05 4.183351e+06 1.545501e+03 -3.802887e-07 -7.409308e-08 9.945807e-07 1.067380e-06 6.871658e+01 -1.689750e+02 2.949700e+02 
5.054304e+05 4.183348e+06 1.545501e+03 -3.672476e-07 -7.538292e-08 9.876636e-07 1.056424e-06 6.921388e+01 -1.684003e+02 2.980614e+02 
5.054304e+05 4.183346e+06 1.545501e+03 -3.595094e-07 -7.693123e-08 9.850003e-07 1.051376e-06 6.953206e+01 -1.679215e+02 2.998929e+02 
5.054298e+05 4.183344e+06 1.545501e+03 -3.528670e-07 -7.703570e-08 9.803123e-07 1.044731e-06 6.977461e+01 -1.676848e+02 3.017394e+02 
5.054291e+05 4.183342e+06 1.545501e+03 -3.464674e-07 -7.688422e-08 9.753014e-07 1.037865e-06 7.000442e+01 -1.674883e+02 3.036463e+02 
5.054297e+05 4.183340e+06 1.545501e+03 -3.383456e-07 -7.972194e-08 9.745975e-07 1.034734e-06 7.037014e+01 -1.667416e+02 3.057892e+02 
5.054293e+05 4.183339e+06 1.545501e+03 -3.325568e-07 -8.001959e-08 9.708167e-07 1.029312e-06 7.059108e+01 -1.664707e+02 3.075387e+02 
5.054293e+05 4.183337e+06 1.545501e+03 -3.278749e-07 -8.091685e-08 9.689494e-07 1.026115e-06 7.078480e+01 -1.661369e+02 3.088919e+02 
5.054297e+05 4.183336e+06 1.545501e+03 -3.241537e-07 -8.247441e-08 9.689775e-07 1.025083e-06 7.095584e+01 -1.657251e+02 3.099811e+02 
5.054315e+05 4.183336e+06 1.545501e+03 -3.201914e-07 -8.728706e-08 9.746001e-07 1.029557e-06 7.119500e+01 -1.647512e+02 3.119751e+02 
5.054332e+05 4.183335e+06 1.545501e+03 -3.170864e-07 -9.182151e-08 9.802011e-07 1.034296e-06 7.138743e+01 -1.638501e+02 3.137316e+02 
5.054352e+05 4.183334e+06 1.545501e+03 -3.140800e-07 -9.759449e-08 9.878455e-07 1.041158e-06 7.158533e+01 -1.627383e+02 3.158266e+02 
5.054372e+05 4.183334e+06 1.545501e+03 -3.098895e-07 -1.039179e-07 9.952335e-07 1.047530e-06 7.181907e+01 -1.614617e+02 3.179838e+02 
5.054397e+05 4.183333e+06 1.545501e+03 -3.074837e-07 -1.117738e-07 1.006291e-06 1.058140e-06 7.198942e+01 -1.600232e+02 3.204795e+02 
