# 1    , 2      , 3      , 4      , 5      , 6      , 7       
# dmeas, Bx_siB0, By_siB0, Bz_siB0, In_siB0, Ic_siB0, Dc_siB0 
0.000000e+00 2.668312e-05 1.429926e-06 3.638948e-05 4.514674e-05 5.370953e+01 3.067498e+00 
2.157064e+00 2.668973e-05 1.433622e-06 3.637514e-05 4.513920e-05 5.369181e+01 3.074651e+00 
4.009790e+00 2.668488e-05 1.444128e-06 3.637922e-05 4.513996e-05 5.369925e+01 3.097702e+00 
6.432482e+00 2.667873e-05 1.456859e-06 3.639364e-05 4.514835e-05 5.371566e+01 3.125675e+00 
1.060382e+01 2.657480e-05 1.510527e-06 3.638894e-05 4.508500e-05 5.381536e+01 3.253223e+00 
1.279858e+01 2.655056e-05 1.568176e-06 3.622055e-05 4.493685e-05 5.371008e+01 3.380176e+00 
1.570972e+01 2.662716e-05 1.580669e-06 3.622681e-05 4.498761e-05 5.363554e+01 3.397264e+00 
1.871373e+01 2.668319e-05 1.571009e-06 3.621843e-05 4.501372e-05 5.357248e+01 3.369477e+00 
2.378995e+01 2.675396e-05 1.571487e-06 3.619720e-05 4.503867e-05 5.348409e+01 3.361604e+00 
2.482539e+01 2.675971e-05 1.573330e-06 3.619065e-05 4.503688e-05 5.347315e+01 3.364815e+00 
2.569447e+01 2.677005e-05 1.574561e-06 3.617759e-05 4.503258e-05 5.345264e+01 3.366145e+00 
2.920594e+01 2.682840e-05 1.572669e-06 3.619926e-05 4.508462e-05 5.340969e+01 3.354813e+00 
3.250502e+01 2.682230e-05 1.555834e-06 3.622058e-05 4.509753e-05 5.343304e+01 3.319735e+00 
3.440177e+01 2.682754e-05 1.538602e-06 3.622418e-05 4.510294e-05 5.343144e+01 3.282409e+00 
3.600708e+01 2.683171e-05 1.531353e-06 3.621671e-05 4.509918e-05 5.342196e+01 3.266469e+00 
3.806029e+01 2.684980e-05 1.530906e-06 3.620374e-05 4.509951e-05 5.339374e+01 3.263324e+00 
4.012339e+01 2.687242e-05 1.526155e-06 3.621366e-05 4.512079e-05 5.337850e+01 3.250486e+00 
4.206202e+01 2.686442e-05 1.515289e-06 3.622244e-05 4.512270e-05 5.339392e+01 3.228350e+00 
4.396952e+01 2.686582e-05 1.511475e-06 3.621244e-05 4.511538e-05 5.338513e+01 3.220074e+00 
4.625121e+01 2.686854e-05 1.500565e-06 3.620843e-05 4.511342e-05 5.337996e+01 3.196556e+00 
4.892883e+01 2.688733e-05 1.500497e-06 3.618149e-05 4.510300e-05 5.334043e+01 3.194183e+00 
5.087570e+01 2.692749e-05 1.512764e-06 3.619677e-05 4.513960e-05 5.331048e+01 3.215450e+00 
5.302838e+01 2.693108e-05 1.509277e-06 3.624068e-05 4.517685e-05 5.334030e+01 3.207627e+00 
5.487540e+01 2.696214e-05 1.529644e-06 3.626306e-05 4.521400e-05 5.332454e+01 3.247083e+00 
5.719304e+01 2.698525e-05 1.542921e-06 3.638267e-05 4.532420e-05 5.339069e+01 3.272406e+00 
5.955443e+01 2.687864e-05 1.558664e-06 3.648375e-05 4.534263e-05 5.357391e+01 3.318806e+00 
6.111958e+01 2.675343e-05 1.560841e-06 3.643226e-05 4.522711e-05 5.366247e+01 3.338950e+00 
6.319502e+01 2.673442e-05 1.552112e-06 3.635197e-05 4.515090e-05 5.362201e+01 3.322674e+00 
6.455714e+01 2.672788e-05 1.541024e-06 3.631821e-05 4.511947e-05 5.360391e+01 3.299795e+00 
6.593101e+01 2.672504e-05 1.541512e-06 3.627039e-05 4.507932e-05 5.357072e+01 3.301188e+00 
6.749700e+01 2.674552e-05 1.551051e-06 3.622914e-05 4.505862e-05 5.351809e+01 3.319032e+00 
6.929172e+01 2.678656e-05 1.565273e-06 3.618609e-05 4.504889e-05 5.344280e+01 3.344278e+00 
7.093375e+01 2.685413e-05 1.568012e-06 3.618281e-05 4.508656e-05 5.337129e+01 3.341705e+00 
7.262516e+01 2.686705e-05 1.565519e-06 3.623664e-05 4.513738e-05 5.339906e+01 3.334802e+00 
7.492696e+01 2.685478e-05 1.559790e-06 3.626975e-05 4.515647e-05 5.343693e+01 3.324141e+00 
7.718037e+01 2.683874e-05 1.549131e-06 3.626573e-05 4.514334e-05 5.345084e+01 3.303444e+00 
7.948909e+01 2.684334e-05 1.537329e-06 3.624530e-05 4.512927e-05 5.343140e+01 3.277772e+00 
8.102207e+01 2.685624e-05 1.531774e-06 3.623696e-05 4.513005e-05 5.341229e+01 3.264388e+00 
8.324161e+01 2.687821e-05 1.521392e-06 3.624496e-05 4.514920e-05 5.339659e+01 3.239665e+00 
8.494116e+01 2.688712e-05 1.510312e-06 3.624264e-05 4.515227e-05 5.338640e+01 3.215059e+00 
8.694708e+01 2.691719e-05 1.497771e-06 3.622349e-05 4.515440e-05 5.334205e+01 3.184863e+00 
8.905913e+01 2.693460e-05 1.478113e-06 3.626345e-05 4.519619e-05 5.335572e+01 3.141118e+00 
9.124541e+01 2.693828e-05 1.463090e-06 3.629164e-05 4.522051e-05 5.337413e+01 3.108833e+00 
9.347366e+01 2.694541e-05 1.469868e-06 3.630408e-05 4.523496e-05 5.337592e+01 3.122380e+00 
9.565355e+01 2.690994e-05 1.485020e-06 3.635850e-05 4.525805e-05 5.345216e+01 3.158652e+00 
9.679860e+01 2.686861e-05 1.502859e-06 3.636760e-05 4.524139e-05 5.350000e+01 3.201424e+00 
9.879789e+01 2.680328e-05 1.570160e-06 3.627991e-05 4.513439e-05 5.349642e+01 3.352606e+00 
1.007518e+02 2.684431e-05 1.601101e-06 3.626751e-05 4.514989e-05 5.344342e+01 3.413304e+00 
1.035650e+02 2.690457e-05 1.602060e-06 3.631481e-05 4.522375e-05 5.341783e+01 3.407713e+00 
1.056521e+02 2.695545e-05 1.592184e-06 3.634030e-05 4.527416e-05 5.338604e+01 3.380375e+00 
1.073063e+02 2.699007e-05 1.578575e-06 3.637678e-05 4.532356e-05 5.337929e+01 3.347259e+00 
1.086161e+02 2.698773e-05 1.559266e-06 3.639060e-05 4.533260e-05 5.339320e+01 3.306693e+00 
1.106090e+02 2.697353e-05 1.538108e-06 3.640766e-05 4.533712e-05 5.342168e+01 3.263637e+00 
1.117330e+02 2.697261e-05 1.528494e-06 3.640942e-05 4.533767e-05 5.342449e+01 3.243390e+00 
1.133783e+02 2.699433e-05 1.510014e-06 3.642959e-05 4.536616e-05 5.341872e+01 3.201685e+00 
1.164429e+02 2.694284e-05 1.490378e-06 3.645850e-05 4.535813e-05 5.349375e+01 3.166163e+00 
1.182755e+02 2.693895e-05 1.455007e-06 3.650861e-05 4.539497e-05 5.353727e+01 3.091613e+00 
1.200628e+02 2.684727e-05 1.424266e-06 3.651374e-05 4.534377e-05 5.363583e+01 3.036733e+00 
1.217589e+02 2.678792e-05 1.437680e-06 3.645868e-05 4.526472e-05 5.365419e+01 3.072059e+00 
1.236359e+02 2.677640e-05 1.459972e-06 3.640748e-05 4.521738e-05 5.362625e+01 3.120938e+00 
1.259096e+02 2.677451e-05 1.466762e-06 3.639495e-05 4.520640e-05 5.361837e+01 3.135644e+00 
1.277039e+02 2.676681e-05 1.455291e-06 3.637270e-05 4.518354e-05 5.361013e+01 3.112064e+00 
1.303288e+02 2.677095e-05 1.437127e-06 3.633367e-05 4.515401e-05 5.357753e+01 3.072821e+00 
1.319264e+02 2.675947e-05 1.424389e-06 3.630725e-05 4.512554e-05 5.357002e+01 3.046942e+00 
1.337913e+02 2.674729e-05 1.439067e-06 3.626898e-05 4.508800e-05 5.355277e+01 3.079679e+00 
1.352497e+02 2.675745e-05 1.460005e-06 3.623244e-05 4.506531e-05 5.351364e+01 3.123215e+00 
1.369434e+02 2.678079e-05 1.484948e-06 3.620138e-05 4.505503e-05 5.346492e+01 3.173701e+00 
1.385889e+02 2.680193e-05 1.500435e-06 3.617966e-05 4.505067e-05 5.342603e+01 3.204209e+00 
1.402659e+02 2.682179e-05 1.521381e-06 3.616715e-05 4.505315e-05 5.339510e+01 3.246442e+00 
1.425849e+02 2.688728e-05 1.558213e-06 3.613425e-05 4.506704e-05 5.330127e+01 3.316783e+00 
1.441713e+02 2.698206e-05 1.572264e-06 3.612316e-05 4.511526e-05 5.319568e+01 3.334894e+00 
1.459531e+02 2.702831e-05 1.581383e-06 3.619487e-05 4.520065e-05 5.320273e+01 3.348466e+00 
1.469585e+02 2.703547e-05 1.579389e-06 3.621956e-05 4.522464e-05 5.321433e+01 3.343371e+00 
1.487142e+02 2.706051e-05 1.590859e-06 3.623207e-05 4.525003e-05 5.319778e+01 3.364487e+00 
1.508990e+02 2.710337e-05 1.584670e-06 3.629590e-05 4.532655e-05 5.320318e+01 3.346139e+00 
1.547376e+02 2.705522e-05 1.558867e-06 3.640113e-05 4.538124e-05 5.333287e+01 3.297621e+00 
1.563237e+02 2.706992e-05 1.572724e-06 3.645870e-05 4.543667e-05 5.336057e+01 3.325066e+00 
1.580484e+02 2.703809e-05 1.545095e-06 3.654982e-05 4.548995e-05 5.346278e+01 3.270618e+00 
1.597138e+02 2.697680e-05 1.472470e-06 3.656683e-05 4.546481e-05 5.354161e+01 3.124264e+00 
1.614858e+02 2.692947e-05 1.393136e-06 3.650149e-05 4.538167e-05 5.354486e+01 2.961429e+00 
1.637563e+02 2.699771e-05 1.342837e-06 3.653524e-05 4.544781e-05 5.350362e+01 2.847483e+00 
1.660495e+02 2.702904e-05 1.350381e-06 3.668785e-05 4.558937e-05 5.358569e+01 2.860140e+00 
1.681422e+02 2.691073e-05 1.320534e-06 3.678416e-05 4.559611e-05 5.377852e+01 2.809303e+00 
1.682044e+02 2.691619e-05 1.322423e-06 3.678367e-05 4.559900e-05 5.377254e+01 2.812744e+00 
1.696096e+02 2.669952e-05 1.364288e-06 3.676718e-05 4.545933e-05 5.397814e+01 2.925146e+00 
1.731167e+02 2.652461e-05 1.464570e-06 3.655700e-05 4.518976e-05 5.399508e+01 3.160406e+00 
1.760754e+02 2.650019e-05 1.384126e-06 3.633131e-05 4.499045e-05 5.385569e+01 2.989888e+00 
1.773472e+02 2.651904e-05 1.433886e-06 3.618794e-05 4.488745e-05 5.372563e+01 3.094972e+00 
1.796748e+02 2.657459e-05 1.428230e-06 3.618644e-05 4.491890e-05 5.366776e+01 3.076355e+00 
1.814633e+02 2.669714e-05 1.443641e-06 3.609991e-05 4.492244e-05 5.347579e+01 3.095239e+00 
1.829765e+02 2.681644e-05 1.441567e-06 3.607804e-05 4.497583e-05 5.333737e+01 3.077078e+00 
1.847136e+02 2.683967e-05 1.422708e-06 3.613395e-05 4.503392e-05 5.335719e+01 3.034276e+00 
1.863904e+02 2.685163e-05 1.449656e-06 3.611220e-05 4.502446e-05 5.332701e+01 3.090265e+00 
1.884935e+02 2.688488e-05 1.510827e-06 3.607121e-05 4.501346e-05 5.325852e+01 3.216419e+00 
1.899643e+02 2.693038e-05 1.544314e-06 3.606729e-05 4.503865e-05 5.320729e+01 3.282014e+00 
1.916195e+02 2.696724e-05 1.554607e-06 3.614610e-05 4.512416e-05 5.322920e+01 3.299335e+00 
1.933386e+02 2.696457e-05 1.561957e-06 3.618772e-05 4.515616e-05 5.326309e+01 3.315226e+00 
1.948557e+02 2.696383e-05 1.571235e-06 3.621569e-05 4.517845e-05 5.328452e+01 3.334965e+00 
1.970284e+02 2.698503e-05 1.588271e-06 3.623772e-05 4.520936e-05 5.327869e+01 3.368399e+00 
1.997555e+02 2.697054e-05 1.560710e-06 3.635386e-05 4.529292e-05 5.338283e+01 3.311854e+00 
2.025419e+02 2.688236e-05 1.510475e-06 3.639185e-05 4.526930e-05 5.350386e+01 3.215972e+00 
2.043886e+02 2.685414e-05 1.504333e-06 3.636496e-05 4.523072e-05 5.351264e+01 3.206281e+00 
2.062066e+02 2.684968e-05 1.502442e-06 3.634804e-05 4.521441e-05 5.350454e+01 3.202791e+00 
2.080318e+02 2.684832e-05 1.502549e-06 3.634005e-05 4.520718e-05 5.349989e+01 3.203180e+00 
2.100417e+02 2.684864e-05 1.496381e-06 3.633621e-05 4.520408e-05 5.349702e+01 3.190021e+00 
2.122547e+02 2.684389e-05 1.485276e-06 3.632880e-05 4.519493e-05 5.349690e+01 3.166954e+00 
2.145339e+02 2.685270e-05 1.492870e-06 3.630635e-05 4.518238e-05 5.347057e+01 3.182072e+00 
2.168454e+02 2.686401e-05 1.515443e-06 3.629684e-05 4.518221e-05 5.345059e+01 3.228728e+00 
2.191083e+02 2.686551e-05 1.549666e-06 3.628240e-05 4.517266e-05 5.343617e+01 3.301298e+00 
2.211803e+02 2.686305e-05 1.586352e-06 3.628897e-05 4.517775e-05 5.344146e+01 3.379581e+00 
2.232723e+02 2.688915e-05 1.598238e-06 3.628423e-05 4.518989e-05 5.341063e+01 3.401546e+00 
2.250348e+02 2.696934e-05 1.595417e-06 3.625037e-05 4.521040e-05 5.330377e+01 3.385484e+00 
2.268908e+02 2.708421e-05 1.588797e-06 3.637823e-05 4.538121e-05 5.328454e+01 3.357203e+00 
2.295877e+02 2.708115e-05 1.487921e-06 3.656116e-05 4.552275e-05 5.343104e+01 3.144842e+00 
2.318938e+02 2.698680e-05 1.444798e-06 3.668625e-05 4.556595e-05 5.362225e+01 3.064531e+00 
2.335234e+02 2.691474e-05 1.398936e-06 3.671911e-05 4.554836e-05 5.372210e+01 2.975362e+00 
2.353038e+02 2.663022e-05 1.356196e-06 3.660887e-05 4.529037e-05 5.393161e+01 2.915381e+00 
2.363412e+02 2.657236e-05 1.348552e-06 3.651914e-05 4.518359e-05 5.392423e+01 2.905278e+00 
2.382151e+02 2.652210e-05 1.350617e-06 3.639185e-05 4.505122e-05 5.388040e+01 2.915225e+00 
2.394675e+02 2.649633e-05 1.371199e-06 3.630570e-05 4.496709e-05 5.384110e+01 2.962443e+00 
2.412849e+02 2.648807e-05 1.419770e-06 3.617166e-05 4.485558e-05 5.374595e+01 3.068138e+00 
2.428526e+02 2.653752e-05 1.458989e-06 3.608912e-05 4.481956e-05 5.363046e+01 3.146859e+00 
2.439705e+02 2.658421e-05 1.479128e-06 3.605585e-05 4.482112e-05 5.355610e+01 3.184615e+00 
2.455183e+02 2.664106e-05 1.498908e-06 3.602815e-05 4.483325e-05 5.347558e+01 3.220243e+00 
2.469844e+02 2.665697e-05 1.505247e-06 3.602543e-05 4.484073e-05 5.345683e+01 3.231905e+00 
2.481270e+02 2.667077e-05 1.508171e-06 3.602159e-05 4.484595e-05 5.343961e+01 3.236498e+00 
2.491184e+02 2.670339e-05 1.516907e-06 3.600980e-05 4.485619e-05 5.339672e+01 3.251238e+00 
2.503611e+02 2.673961e-05 1.527293e-06 3.600835e-05 4.487695e-05 5.335794e+01 3.269025e+00 
2.535700e+02 2.678564e-05 1.556148e-06 3.601762e-05 4.491282e-05 5.331627e+01 3.324938e+00 
2.559534e+02 2.676181e-05 1.564982e-06 3.603101e-05 4.490966e-05 5.335028e+01 3.346740e+00 
2.586392e+02 2.678615e-05 1.561782e-06 3.608026e-05 4.496356e-05 5.336310e+01 3.336886e+00 
2.888399e+02 2.695710e-05 1.504411e-06 3.611704e-05 4.509311e-05 5.322030e+01 3.194227e+00 
2.931717e+02 2.690893e-05 1.458726e-06 3.607063e-05 4.502565e-05 5.323652e+01 3.102952e+00 
2.949700e+02 2.688275e-05 1.439580e-06 3.606626e-05 4.500588e-05 5.326090e+01 3.065280e+00 
2.980614e+02 2.683341e-05 1.428507e-06 3.601755e-05 4.493703e-05 5.327470e+01 3.047328e+00 
2.998929e+02 2.676876e-05 1.414296e-06 3.604070e-05 4.491658e-05 5.335912e+01 3.024342e+00 
3.017394e+02 2.671870e-05 1.392475e-06 3.608589e-05 4.492237e-05 5.344585e+01 2.983334e+00 
3.036463e+02 2.668210e-05 1.382925e-06 3.614597e-05 4.494862e-05 5.352940e+01 2.966967e+00 
3.057892e+02 2.667025e-05 1.365065e-06 3.615176e-05 4.494569e-05 5.354687e+01 2.930018e+00 
3.075387e+02 2.664384e-05 1.356885e-06 3.616047e-05 4.493679e-05 5.358094e+01 2.915372e+00 
3.088919e+02 2.658121e-05 1.356016e-06 3.619134e-05 4.492451e-05 5.366856e+01 2.920361e+00 
3.099811e+02 2.653977e-05 1.353184e-06 3.623314e-05 4.493363e-05 5.374279e+01 2.918814e+00 
3.119751e+02 2.650816e-05 1.367441e-06 3.621904e-05 4.490402e-05 5.376388e+01 2.953024e+00 
3.137316e+02 2.647608e-05 1.378793e-06 3.621472e-05 4.488195e-05 5.379300e+01 2.981095e+00 
3.158266e+02 2.645966e-05 1.397486e-06 3.623201e-05 4.488680e-05 5.382192e+01 3.023310e+00 
3.179838e+02 2.646394e-05 1.376095e-06 3.633950e-05 4.497547e-05 5.389952e+01 2.976636e+00 
3.204795e+02 2.647624e-05 1.374611e-06 3.629812e-05 4.494924e-05 5.385587e+01 2.972052e+00 
