# 1, 2, 3, 4   , 5   , 6   , 7   , 8   , 9   , 10  
# x, y, z, Bx_si, By_si, Bz_si, In_si, Ic_si, Dc_si, dmeas 
5.053600e+05 4.183132e+06 1.556266e+03 -1.329738e-07 -1.409754e-07 -4.117749e-08 1.981204e-07 1.199584e+01 -1.366730e+02 0.000000e+00 
5.053607e+05 4.183134e+06 1.555682e+03 -1.292784e-07 -1.343702e-07 -2.683997e-08 1.883843e-07 8.191061e+00 -1.361064e+02 2.157064e+00 
5.053605e+05 4.183136e+06 1.555524e+03 -1.187721e-07 -1.392191e-07 -3.092013e-08 1.855931e-07 9.590291e+00 -1.395315e+02 4.009790e+00 
5.053603e+05 4.183139e+06 1.555228e+03 -1.060414e-07 -1.453723e-07 -4.533544e-08 1.855618e-07 1.414133e+01 -1.438912e+02 6.432482e+00 
5.053594e+05 4.183143e+06 1.554987e+03 -5.237335e-08 -2.492960e-07 -4.063961e-08 2.579594e-07 9.064294e+00 -1.681356e+02 1.060382e+01 
5.053599e+05 4.183145e+06 1.553799e+03 5.275657e-09 -2.735359e-07 1.277464e-07 3.019418e-07 -2.502937e+01 1.788951e+02 1.279858e+01 
5.053622e+05 4.183147e+06 1.552447e+03 1.776854e-08 -1.969433e-07 1.214934e-07 2.320841e-07 -3.156656e+01 1.748446e+02 1.570972e+01 
5.053634e+05 4.183149e+06 1.551012e+03 8.108702e-09 -1.409122e-07 1.298700e-07 1.918026e-07 -4.261764e+01 1.767066e+02 1.871373e+01 
5.053652e+05 4.183154e+06 1.548554e+03 8.586694e-09 -7.013715e-08 1.510954e-07 1.668016e-07 -6.493653e+01 1.730202e+02 2.378995e+01 
5.053655e+05 4.183155e+06 1.548130e+03 1.042952e-08 -6.438894e-08 1.576537e-07 1.706147e-07 -6.752300e+01 1.707993e+02 2.482539e+01 
5.053652e+05 4.183156e+06 1.547834e+03 1.166059e-08 -5.405005e-08 1.707088e-07 1.794405e-07 -7.205257e+01 1.678258e+02 2.569447e+01 
5.053662e+05 4.183159e+06 1.546610e+03 9.768540e-09 4.298653e-09 1.490351e-07 1.494168e-07 -8.590399e+01 6.624807e+01 2.920594e+01 
5.053677e+05 4.183162e+06 1.545895e+03 -7.066060e-09 -1.799271e-09 1.277211e-07 1.279291e-07 -8.673256e+01 -1.042859e+02 3.250502e+01 
5.053688e+05 4.183164e+06 1.545507e+03 -2.429776e-08 3.438415e-09 1.241213e-07 1.265239e-07 -7.881636e+01 -8.194546e+01 3.440177e+01 
5.053695e+05 4.183165e+06 1.545133e+03 -3.154722e-08 7.614617e-09 1.315851e-07 1.355280e-07 -7.614548e+01 -7.642996e+01 3.600708e+01 
5.053702e+05 4.183167e+06 1.544676e+03 -3.199379e-08 2.570076e-08 1.445634e-07 1.502754e-07 -7.415199e+01 -5.122493e+01 3.806029e+01 
5.053715e+05 4.183169e+06 1.544287e+03 -3.674469e-08 4.832496e-08 1.346435e-07 1.476968e-07 -6.573032e+01 -3.724815e+01 4.012339e+01 
5.053725e+05 4.183170e+06 1.544040e+03 -4.761134e-08 4.031875e-08 1.258625e-07 1.404771e-07 -6.363261e+01 -4.974105e+01 4.206202e+01 
5.053731e+05 4.183172e+06 1.543803e+03 -5.142482e-08 4.172485e-08 1.358639e-07 1.511439e-07 -6.401442e+01 -5.094497e+01 4.396952e+01 
5.053732e+05 4.183175e+06 1.543597e+03 -6.233546e-08 4.443969e-08 1.398663e-07 1.594464e-07 -6.130631e+01 -5.451448e+01 4.625121e+01 
5.053734e+05 4.183177e+06 1.543383e+03 -6.240327e-08 6.322617e-08 1.668080e-07 1.889885e-07 -6.196201e+01 -4.462470e+01 4.892883e+01 
5.053739e+05 4.183179e+06 1.543261e+03 -5.013608e-08 1.033860e-07 1.515329e-07 1.901697e-07 -5.282845e+01 -2.587064e+01 5.087570e+01 
5.053738e+05 4.183181e+06 1.543507e+03 -5.362298e-08 1.069787e-07 1.076185e-07 1.609398e-07 -4.196590e+01 -2.662228e+01 5.302838e+01 
5.053744e+05 4.183183e+06 1.543641e+03 -3.325603e-08 1.380370e-07 8.524479e-08 1.656105e-07 -3.097944e+01 -1.354563e+01 5.487540e+01 
5.053749e+05 4.183185e+06 1.544288e+03 -1.997925e-08 1.611544e-07 -3.436971e-08 1.659855e-07 1.195038e+01 -7.067235e+00 5.719304e+01 
5.053746e+05 4.183188e+06 1.545109e+03 -4.235814e-09 5.453855e-08 -1.354465e-07 1.460759e-07 6.800769e+01 -4.441042e+00 5.955443e+01 
5.053744e+05 4.183189e+06 1.545241e+03 -2.058678e-09 -7.067380e-08 -8.395952e-08 1.097644e-07 4.989868e+01 -1.783315e+02 6.111958e+01 
5.053745e+05 4.183191e+06 1.544877e+03 -1.078816e-08 -8.968397e-08 -3.673641e-09 9.040517e-08 2.328873e+00 -1.731408e+02 6.319502e+01 
5.053749e+05 4.183193e+06 1.544620e+03 -2.187612e-08 -9.621896e-08 3.009296e-08 1.031612e-07 -1.696024e+01 -1.671911e+02 6.455714e+01 
5.053752e+05 4.183194e+06 1.544292e+03 -2.138789e-08 -9.906303e-08 7.791038e-08 1.278317e-07 -3.755162e+01 -1.678167e+02 6.593101e+01 
5.053762e+05 4.183195e+06 1.543874e+03 -1.184920e-08 -7.858247e-08 1.191560e-07 1.432263e-07 -5.629879e+01 -1.714252e+02 6.749700e+01 
5.053759e+05 4.183197e+06 1.543386e+03 2.373198e-09 -3.754449e-08 1.622083e-07 1.665135e-07 -7.694277e+01 1.763831e+02 6.929172e+01 
5.053759e+05 4.183198e+06 1.542951e+03 5.111725e-09 3.002760e-08 1.654944e-07 1.682741e-07 -7.957130e+01 9.661087e+00 7.093375e+01 
5.053764e+05 4.183200e+06 1.542931e+03 2.618591e-09 4.294917e-08 1.116609e-07 1.196647e-07 -6.892565e+01 3.488978e+00 7.262516e+01 
5.053772e+05 4.183202e+06 1.542915e+03 -3.110284e-09 3.067747e-08 7.855003e-08 8.438536e-08 -6.856756e+01 -5.789241e+00 7.492696e+01 
5.053775e+05 4.183204e+06 1.542831e+03 -1.376898e-08 1.464381e-08 8.256742e-08 8.497885e-08 -7.631793e+01 -4.323642e+01 7.718037e+01 
5.053783e+05 4.183207e+06 1.542659e+03 -2.557093e-08 1.924457e-08 1.029961e-07 1.078537e-07 -7.273864e+01 -5.303504e+01 7.948909e+01 
5.053792e+05 4.183208e+06 1.542506e+03 -3.112626e-08 3.214127e-08 1.113386e-07 1.199924e-07 -6.810672e+01 -4.408087e+01 8.102207e+01 
5.053796e+05 4.183210e+06 1.542444e+03 -4.150849e-08 5.410928e-08 1.033399e-07 1.238140e-07 -5.657818e+01 -3.749265e+01 8.324161e+01 
5.053800e+05 4.183212e+06 1.542390e+03 -5.258764e-08 6.302278e-08 1.056610e-07 1.337968e-07 -5.215866e+01 -3.984239e+01 8.494116e+01 
5.053812e+05 4.183213e+06 1.542215e+03 -6.512905e-08 9.308926e-08 1.248119e-07 1.687762e-07 -4.768978e+01 -3.497821e+01 8.694708e+01 
5.053813e+05 4.183215e+06 1.542490e+03 -8.478731e-08 1.104962e-07 8.484838e-08 1.630875e-07 -3.134988e+01 -3.750019e+01 8.905913e+01 
5.053809e+05 4.183218e+06 1.542880e+03 -9.980965e-08 1.141819e-07 5.665768e-08 1.618937e-07 -2.048538e+01 -4.115762e+01 9.124541e+01 
5.053820e+05 4.183220e+06 1.543012e+03 -9.303236e-08 1.213119e-07 4.421923e-08 1.591444e-07 -1.613229e+01 -3.748408e+01 9.347366e+01 
5.053823e+05 4.183222e+06 1.543457e+03 -7.788026e-08 8.584340e-08 -1.020339e-08 1.163552e-07 5.030828e+00 -4.221546e+01 9.565355e+01 
5.053829e+05 4.183223e+06 1.543570e+03 -6.004131e-08 4.451217e-08 -1.930152e-08 7.719353e-08 1.447992e+01 -5.344827e+01 9.679860e+01 
5.053828e+05 4.183225e+06 1.543560e+03 7.259799e-09 -2.081997e-08 6.839066e-08 7.185720e-08 -7.213049e+01 1.607766e+02 9.879789e+01 
5.053840e+05 4.183226e+06 1.543365e+03 3.820090e-08 2.020663e-08 8.078845e-08 9.162091e-08 -6.185647e+01 6.212310e+01 1.007518e+02 
5.053867e+05 4.183227e+06 1.543354e+03 3.916049e-08 8.046844e-08 3.349321e-08 9.555370e-08 -2.051895e+01 2.595017e+01 1.035650e+02 
5.053884e+05 4.183228e+06 1.543513e+03 2.928371e-08 1.313532e-07 7.995274e-09 1.348152e-07 -3.399947e+00 1.256792e+01 1.056521e+02 
5.053895e+05 4.183229e+06 1.543841e+03 1.567476e-08 1.659654e-07 -2.847615e-08 1.691186e-07 9.693630e+00 5.395351e+00 1.073063e+02 
5.053907e+05 4.183230e+06 1.543947e+03 -3.633777e-09 1.636337e-07 -4.229801e-08 1.690512e-07 1.448984e+01 -1.272146e+00 1.086161e+02 
5.053924e+05 4.183231e+06 1.544195e+03 -2.479158e-08 1.494253e-07 -5.935621e-08 1.626828e-07 2.139888e+01 -9.420296e+00 1.106090e+02 
5.053927e+05 4.183232e+06 1.544448e+03 -3.440555e-08 1.485149e-07 -6.112454e-08 1.642457e-07 2.184847e+01 -1.304328e+01 1.117330e+02 
5.053928e+05 4.183234e+06 1.544864e+03 -5.288616e-08 1.702319e-07 -8.128549e-08 1.959162e-07 2.451297e+01 -1.725852e+01 1.133783e+02 
5.053956e+05 4.183235e+06 1.545085e+03 -7.252229e-08 1.187353e-07 -1.102032e-07 1.774889e-07 3.838203e+01 -3.141615e+01 1.164429e+02 
5.053947e+05 4.183236e+06 1.545647e+03 -1.078935e-07 1.148533e-07 -1.603149e-07 2.247958e-07 4.549244e+01 -4.321034e+01 1.182755e+02 
5.053957e+05 4.183238e+06 1.545878e+03 -1.386343e-07 2.317059e-08 -1.654359e-07 2.170838e-07 4.964818e+01 -8.051159e+01 1.200628e+02 
5.053971e+05 4.183239e+06 1.545694e+03 -1.252198e-07 -3.618118e-08 -1.103790e-07 1.707999e-07 4.025928e+01 -1.061162e+02 1.217589e+02 
5.053976e+05 4.183241e+06 1.545508e+03 -1.029281e-07 -4.769781e-08 -5.918042e-08 1.279516e-07 2.754997e+01 -1.148634e+02 1.236359e+02 
5.053998e+05 4.183241e+06 1.545113e+03 -9.613844e-08 -4.958673e-08 -4.664848e-08 1.178029e-07 2.332758e+01 -1.172840e+02 1.259096e+02 
5.054001e+05 4.183243e+06 1.545001e+03 -1.076089e-07 -5.729418e-08 -2.439539e-08 1.243280e-07 1.131589e+01 -1.180322e+02 1.277039e+02 
5.054007e+05 4.183245e+06 1.544738e+03 -1.257734e-07 -5.315208e-08 1.462884e-08 1.373247e-07 -6.115172e+00 -1.129090e+02 1.303288e+02 
5.054011e+05 4.183247e+06 1.544486e+03 -1.385109e-07 -6.463474e-08 4.104774e-08 1.582651e-07 -1.503213e+01 -1.150156e+02 1.319264e+02 
5.054014e+05 4.183249e+06 1.544235e+03 -1.238326e-07 -7.681026e-08 7.931843e-08 1.659088e-07 -2.856037e+01 -1.218103e+02 1.337913e+02 
5.054015e+05 4.183250e+06 1.543927e+03 -1.028947e-07 -6.665167e-08 1.158582e-07 1.686798e-07 -4.338148e+01 -1.229338e+02 1.352497e+02 
5.054019e+05 4.183252e+06 1.543481e+03 -7.795202e-08 -4.330804e-08 1.469193e-07 1.718645e-07 -5.874381e+01 -1.190554e+02 1.369434e+02 
5.054018e+05 4.183253e+06 1.543222e+03 -6.246471e-08 -2.217416e-08 1.686381e-07 1.811970e-07 -6.854254e+01 -1.095442e+02 1.385889e+02 
5.054013e+05 4.183255e+06 1.543092e+03 -4.151922e-08 -2.311246e-09 1.811459e-07 1.858575e-07 -7.707129e+01 -9.318619e+01 1.402659e+02 
5.054023e+05 4.183257e+06 1.542552e+03 -4.687037e-09 6.317726e-08 2.140502e-07 2.232282e-07 -7.351321e+01 -4.242925e+00 1.425849e+02 
5.054023e+05 4.183259e+06 1.542437e+03 9.363516e-09 1.579608e-07 2.251352e-07 2.751820e-07 -5.489822e+01 3.392379e+00 1.441713e+02 
5.054034e+05 4.183260e+06 1.542767e+03 1.848264e-08 2.042055e-07 1.534325e-07 2.560919e-07 -3.680767e+01 5.171748e+00 1.459531e+02 
5.054041e+05 4.183261e+06 1.542986e+03 1.648947e-08 2.113748e-07 1.287398e-07 2.480426e-07 -3.126674e+01 4.460643e+00 1.469585e+02 
5.054049e+05 4.183262e+06 1.543562e+03 2.795946e-08 2.364141e-07 1.162328e-07 2.649215e-07 -2.602379e+01 6.744744e+00 1.487142e+02 
5.054068e+05 4.183263e+06 1.544059e+03 2.177002e-08 2.792716e-07 5.240118e-08 2.849779e-07 -1.059573e+01 4.457357e+00 1.508990e+02 
5.054097e+05 4.183266e+06 1.545427e+03 -4.032972e-09 2.311212e-07 -5.282806e-08 2.371162e-07 1.287319e+01 -9.996867e-01 1.547376e+02 
5.054110e+05 4.183267e+06 1.546035e+03 9.824063e-09 2.458208e-07 -1.103952e-07 2.696507e-07 2.416721e+01 2.288569e+00 1.563237e+02 
5.054118e+05 4.183268e+06 1.546950e+03 -1.780458e-08 2.139942e-07 -2.015212e-07 2.944848e-07 4.318198e+01 -4.756123e+00 1.580484e+02 
5.054119e+05 4.183270e+06 1.547545e+03 -9.043035e-08 1.527036e-07 -2.185294e-07 2.815158e-07 5.091940e+01 -3.063382e+01 1.597138e+02 
5.054125e+05 4.183272e+06 1.547979e+03 -1.697640e-07 1.053680e-07 -1.531932e-07 2.517745e-07 3.747780e+01 -5.817322e+01 1.614858e+02 
5.054120e+05 4.183274e+06 1.548948e+03 -2.200634e-07 1.736066e-07 -1.869412e-07 3.369187e-07 3.370077e+01 -5.173033e+01 1.637563e+02 
5.054100e+05 4.183275e+06 1.550463e+03 -2.125194e-07 2.049425e-07 -3.395460e-07 4.499526e-07 4.899270e+01 -4.603979e+01 1.660495e+02 
5.054102e+05 4.183277e+06 1.551664e+03 -2.423657e-07 8.663429e-08 -4.358571e-07 5.061799e-07 5.943712e+01 -7.033043e+01 1.681422e+02 
5.054102e+05 4.183277e+06 1.551653e+03 -2.404771e-07 9.209367e-08 -4.353690e-07 5.058227e-07 5.939690e+01 -6.904504e+01 1.682044e+02 
5.054098e+05 4.183278e+06 1.552655e+03 -1.986122e-07 -1.245788e-07 -4.188785e-07 4.800270e-07 6.076391e+01 -1.220979e+02 1.696096e+02 
5.054083e+05 4.183281e+06 1.551894e+03 -9.832990e-08 -2.994852e-07 -2.087038e-07 3.780443e-07 3.350858e+01 -1.618235e+02 1.731167e+02 
5.054108e+05 4.183283e+06 1.550315e+03 -1.787736e-07 -3.239090e-07 1.698516e-08 3.703587e-07 -2.628585e+00 -1.511046e+02 1.760754e+02 
5.054117e+05 4.183284e+06 1.549118e+03 -1.290142e-07 -3.050612e-07 1.603555e-07 3.679958e-07 -2.583325e+01 -1.570759e+02 1.773472e+02 
5.054096e+05 4.183285e+06 1.549316e+03 -1.346704e-07 -2.495077e-07 1.618577e-07 3.264784e-07 -2.972043e+01 -1.516423e+02 1.796748e+02 
5.054101e+05 4.183287e+06 1.547402e+03 -1.192590e-07 -1.269554e-07 2.483864e-07 3.033747e-07 -5.495933e+01 -1.367904e+02 1.814633e+02 
5.054103e+05 4.183288e+06 1.545898e+03 -1.213328e-07 -7.656943e-09 2.702570e-07 2.963429e-07 -6.577957e+01 -9.361097e+01 1.829765e+02 
5.054108e+05 4.183290e+06 1.544850e+03 -1.401919e-07 1.556692e-08 2.143508e-07 2.565976e-07 -5.665308e+01 -8.366383e+01 1.847136e+02 
5.054119e+05 4.183291e+06 1.543783e+03 -1.132435e-07 2.752583e-08 2.361016e-07 2.632978e-07 -6.372883e+01 -7.633820e+01 1.863904e+02 
5.054140e+05 4.183291e+06 1.542529e+03 -5.207336e-08 6.077653e-08 2.770891e-07 2.884160e-07 -7.388927e+01 -4.058998e+01 1.884935e+02 
5.054143e+05 4.183293e+06 1.541948e+03 -1.858564e-08 1.062822e-07 2.810089e-07 3.010105e-07 -6.899542e+01 -9.919060e+00 1.899643e+02 
5.054152e+05 4.183294e+06 1.541606e+03 -8.292520e-09 1.431447e-07 2.021962e-07 2.478759e-07 -5.465815e+01 -3.315498e+00 1.916195e+02 
5.054163e+05 4.183296e+06 1.541451e+03 -9.427169e-10 1.404744e-07 1.605813e-07 2.133548e-07 -4.882035e+01 -3.845035e-01 1.933386e+02 
5.054171e+05 4.183297e+06 1.541429e+03 8.334731e-09 1.397271e-07 1.326136e-07 1.928199e-07 -4.345297e+01 3.413651e+00 1.948557e+02 
5.054186e+05 4.183298e+06 1.541433e+03 2.537062e-08 1.609300e-07 1.105829e-07 1.969028e-07 -3.416732e+01 8.958949e+00 1.970284e+02 
5.054201e+05 4.183301e+06 1.542100e+03 -2.189989e-09 1.464405e-07 -5.558328e-09 1.465624e-07 2.173444e+00 -8.567830e-01 1.997555e+02 
5.054212e+05 4.183303e+06 1.542595e+03 -5.242548e-08 5.825590e-08 -4.355180e-08 8.966014e-08 2.906118e+01 -4.198459e+01 2.025419e+02 
5.054223e+05 4.183305e+06 1.542510e+03 -5.856737e-08 3.004206e-08 -1.666040e-08 6.789869e-08 1.420379e+01 -6.284450e+01 2.043886e+02 
5.054229e+05 4.183306e+06 1.542486e+03 -6.045787e-08 2.557715e-08 2.550681e-10 6.564609e-08 -2.226235e-01 -6.706885e+01 2.062066e+02 
5.054238e+05 4.183308e+06 1.542419e+03 -6.035134e-08 2.421726e-08 8.247615e-09 6.554985e-08 -7.228229e+00 -6.813583e+01 2.080318e+02 
5.054246e+05 4.183310e+06 1.542389e+03 -6.651875e-08 2.453878e-08 1.209078e-08 7.192414e-08 -9.677633e+00 -6.975097e+01 2.100417e+02 
5.054255e+05 4.183312e+06 1.542302e+03 -7.762425e-08 1.978612e-08 1.949963e-08 8.244544e-08 -1.368098e+01 -7.570003e+01 2.122547e+02 
5.054265e+05 4.183314e+06 1.542153e+03 -7.002976e-08 2.859637e-08 4.194831e-08 8.649612e-08 -2.901072e+01 -6.778755e+01 2.145339e+02 
5.054278e+05 4.183316e+06 1.541989e+03 -4.745672e-08 3.990988e-08 5.146159e-08 8.058060e-08 -3.969010e+01 -4.993703e+01 2.168454e+02 
5.054288e+05 4.183318e+06 1.541925e+03 -1.323423e-08 4.140628e-08 6.589897e-08 7.894491e-08 -5.658943e+01 -1.772486e+01 2.191083e+02 
5.054300e+05 4.183320e+06 1.542058e+03 2.345188e-08 3.894722e-08 5.933030e-08 7.474597e-08 -5.253821e+01 3.105404e+01 2.211803e+02 
5.054312e+05 4.183321e+06 1.542257e+03 3.533800e-08 6.504919e-08 6.406618e-08 9.790120e-08 -4.087389e+01 2.851304e+01 2.232723e+02 
5.054319e+05 4.183323e+06 1.542438e+03 3.251732e-08 1.452378e-07 9.792979e-08 1.781619e-07 -3.334421e+01 1.261984e+01 2.250348e+02 
5.054328e+05 4.183325e+06 1.543451e+03 2.589743e-08 2.601095e-07 -2.992900e-08 2.631034e-07 6.531750e+00 5.685835e+00 2.268908e+02 
5.054348e+05 4.183326e+06 1.544963e+03 -7.497950e-08 2.570470e-07 -2.128580e-07 3.420579e-07 3.848329e+01 -1.626174e+01 2.295877e+02 
5.054368e+05 4.183327e+06 1.545680e+03 -1.181016e-07 1.627041e-07 -3.379471e-07 3.932288e-07 5.925107e+01 -3.597467e+01 2.318938e+02 
5.054384e+05 4.183328e+06 1.545818e+03 -1.639636e-07 9.063972e-08 -3.708104e-07 4.154515e-07 6.319518e+01 -6.106601e+01 2.335234e+02 
5.054392e+05 4.183329e+06 1.546016e+03 -2.067043e-07 -1.938840e-07 -2.605728e-07 3.849881e-07 4.259668e+01 -1.331669e+02 2.353038e+02 
5.054397e+05 4.183330e+06 1.545638e+03 -2.143482e-07 -2.517368e-07 -1.708379e-07 3.721587e-07 2.732556e+01 -1.395864e+02 2.363412e+02 
5.054408e+05 4.183332e+06 1.544869e+03 -2.122830e-07 -3.020047e-07 -4.354857e-08 3.717087e-07 6.728099e+00 -1.448961e+02 2.382151e+02 
5.054413e+05 4.183333e+06 1.544364e+03 -1.917014e-07 -3.277731e-07 4.260178e-08 3.820989e-07 -6.401453e+00 -1.496783e+02 2.394675e+02 
5.054428e+05 4.183334e+06 1.543205e+03 -1.431300e-07 -3.360281e-07 1.766362e-07 4.057110e-07 -2.580912e+01 -1.569286e+02 2.412849e+02 
5.054442e+05 4.183335e+06 1.542146e+03 -1.039113e-07 -2.865807e-07 2.591795e-07 4.001251e-07 -4.037189e+01 -1.600699e+02 2.428526e+02 
5.054451e+05 4.183335e+06 1.541329e+03 -8.377220e-08 -2.398864e-07 2.924466e-07 3.874123e-07 -4.901416e+01 -1.607500e+02 2.439705e+02 
5.054462e+05 4.183336e+06 1.540195e+03 -6.399151e-08 -1.830389e-07 3.201517e-07 3.742930e-07 -5.879847e+01 -1.607301e+02 2.455183e+02 
5.054477e+05 4.183337e+06 1.539574e+03 -5.765315e-08 -1.671266e-07 3.228731e-07 3.681063e-07 -6.129679e+01 -1.609673e+02 2.469844e+02 
5.054488e+05 4.183337e+06 1.539101e+03 -5.472902e-08 -1.533301e-07 3.267134e-07 3.650302e-07 -6.351244e+01 -1.603567e+02 2.481270e+02 
5.054496e+05 4.183337e+06 1.538405e+03 -4.599266e-08 -1.207064e-07 3.384963e-07 3.623053e-07 -6.911290e+01 -1.591417e+02 2.491184e+02 
5.054507e+05 4.183338e+06 1.537565e+03 -3.560704e-08 -8.448585e-08 3.399529e-07 3.520989e-07 -7.490685e+01 -1.571467e+02 2.503611e+02 
5.054538e+05 4.183339e+06 1.536082e+03 -6.752252e-09 -3.846155e-08 3.306777e-07 3.329754e-07 -8.326513e+01 -1.700427e+02 2.535700e+02 
5.054561e+05 4.183338e+06 1.535933e+03 2.081579e-09 -6.228573e-08 3.172874e-07 3.233498e-07 -7.888762e+01 1.780859e+02 2.559534e+02 
5.054583e+05 4.183340e+06 1.535078e+03 -1.118119e-09 -3.795333e-08 2.680389e-07 2.707149e-07 -8.193725e+01 -1.783125e+02 2.586392e+02 
5.054332e+05 4.183356e+06 1.537898e+03 -5.848895e-08 1.329964e-07 2.312597e-07 2.731118e-07 -5.786083e+01 -2.373886e+01 2.888399e+02 
5.054311e+05 4.183353e+06 1.538783e+03 -1.041736e-07 8.483332e-08 2.776687e-07 3.084619e-07 -6.418066e+01 -5.084250e+01 2.931717e+02 
5.054309e+05 4.183351e+06 1.539160e+03 -1.233201e-07 5.864629e-08 2.820429e-07 3.133615e-07 -6.416543e+01 -6.456603e+01 2.949700e+02 
5.054304e+05 4.183348e+06 1.540133e+03 -1.343935e-07 9.309879e-09 3.307496e-07 3.571325e-07 -6.783875e+01 -8.603726e+01 2.980614e+02 
5.054304e+05 4.183346e+06 1.540980e+03 -1.486044e-07 -5.533505e-08 3.076006e-07 3.460684e-07 -6.272825e+01 -1.104236e+02 2.998929e+02 
5.054298e+05 4.183344e+06 1.542138e+03 -1.704252e-07 -1.053960e-07 2.624109e-07 3.301705e-07 -5.263392e+01 -1.217339e+02 3.017394e+02 
5.054291e+05 4.183342e+06 1.543301e+03 -1.799752e-07 -1.419968e-07 2.023308e-07 3.057645e-07 -4.143127e+01 -1.282727e+02 3.036463e+02 
5.054297e+05 4.183340e+06 1.543837e+03 -1.978347e-07 -1.538547e-07 1.965445e-07 3.184958e-07 -3.810484e+01 -1.278720e+02 3.057892e+02 
5.054293e+05 4.183339e+06 1.544754e+03 -2.060147e-07 -1.802603e-07 1.878279e-07 3.319867e-07 -3.445573e+01 -1.311855e+02 3.075387e+02 
5.054293e+05 4.183337e+06 1.545582e+03 -2.068837e-07 -2.428948e-07 1.569642e-07 3.555792e-07 -2.619532e+01 -1.395776e+02 3.088919e+02 
5.054297e+05 4.183336e+06 1.546107e+03 -2.097159e-07 -2.843290e-07 1.151575e-07 3.715978e-07 -1.805309e+01 -1.435882e+02 3.099811e+02 
5.054315e+05 4.183336e+06 1.545924e+03 -1.954585e-07 -3.159356e-07 1.292623e-07 3.933549e-07 -1.918473e+01 -1.482563e+02 3.119751e+02 
5.054332e+05 4.183335e+06 1.545710e+03 -1.841072e-07 -3.480213e-07 1.335838e-07 4.157631e-07 -1.874144e+01 -1.521207e+02 3.137316e+02 
5.054352e+05 4.183334e+06 1.545423e+03 -1.654138e-07 -3.644439e-07 1.162939e-07 4.167797e-07 -1.620230e+01 -1.555876e+02 3.158266e+02 
5.054372e+05 4.183334e+06 1.545492e+03 -1.868047e-07 -3.601650e-07 8.799806e-09 4.058229e-07 -1.242491e+00 -1.525858e+02 3.179838e+02 
5.054397e+05 4.183333e+06 1.544774e+03 -1.882891e-07 -3.478623e-07 5.017541e-08 3.987212e-07 -7.229316e+00 -1.515744e+02 3.204795e+02 
