# 1      , 2      , 3      , 4    , 5     , 6      , 7      , 8      ,                    9              , 10  , 11  , 12  , 13    , 14      
# IGRF_In, IGRF_Ic, IGRF_Dc, dmeas, height, In_siB0, Ic_siB0, Dc_siB0,                    height m (-poh), In_m, Ic_m, Dc_m, min hP, max hP  
4.520148e-05 5.352724e+01 3.334555e+00 0.000000e+00 1.556266e+03 4.514674e-05 5.370953e+01 3.067498e+00 1.557300e+03 4.448792e+01 5.583627e+01 -1.122377e+00 1.535078e+03 1.556266e+03 
4.520148e-05 5.352724e+01 3.334555e+00 2.157064e+00 1.555682e+03 4.513920e-05 5.369181e+01 3.074651e+00 1.556000e+03 4.196911e+01 5.305396e+01 1.006797e+00 1.535078e+03 1.556266e+03 
4.520148e-05 5.352724e+01 3.334555e+00 4.009790e+00 1.555524e+03 4.513996e-05 5.369925e+01 3.097702e+00 1.555300e+03 4.446192e+01 5.314424e+01 6.568822e-02 1.535078e+03 1.556266e+03 
4.520148e-05 5.352724e+01 3.334555e+00 6.432482e+00 1.555228e+03 4.514835e-05 5.371566e+01 3.125675e+00 1.554700e+03 4.390247e+01 5.501466e+01 -2.053104e-02 1.535078e+03 1.556266e+03 
4.520148e-05 5.352724e+01 3.334555e+00 1.060382e+01 1.554987e+03 4.508500e-05 5.381536e+01 3.253223e+00 1.554000e+03 4.332387e+01 5.624892e+01 2.283837e+00 1.535078e+03 1.556266e+03 
4.520148e-05 5.352724e+01 3.334555e+00 1.279858e+01 1.553799e+03 4.493685e-05 5.371008e+01 3.380176e+00 1.553300e+03 4.142757e+01 5.767648e+01 2.327239e+00 1.535078e+03 1.556266e+03 
4.520148e-05 5.352724e+01 3.334555e+00 1.570972e+01 1.552447e+03 4.498761e-05 5.363554e+01 3.397264e+00 1.552000e+03 4.145050e+01 5.546068e+01 3.812288e+00 1.535078e+03 1.556266e+03 
4.520148e-05 5.352724e+01 3.334555e+00 1.871373e+01 1.551012e+03 4.501372e-05 5.357248e+01 3.369477e+00 1.550600e+03 4.136905e+01 5.443539e+01 3.024181e+00 1.535078e+03 1.556266e+03 
4.520148e-05 5.352724e+01 3.334555e+00 2.378995e+01 1.548554e+03 4.503867e-05 5.348409e+01 3.361604e+00 1.548300e+03 4.152581e+01 5.120870e+01 1.675675e+00 1.535078e+03 1.556266e+03 
4.520148e-05 5.352724e+01 3.334555e+00 2.482539e+01 1.548130e+03 4.503688e-05 5.347315e+01 3.364815e+00 1.547200e+03 4.169582e+01 5.002213e+01 1.848368e+00 1.535078e+03 1.556266e+03 
4.520148e-05 5.352724e+01 3.334555e+00 2.569447e+01 1.547834e+03 4.503258e-05 5.345264e+01 3.366145e+00 1.545700e+03 4.319422e+01 4.868189e+01 -7.589213e-01 1.535078e+03 1.556266e+03 
4.520148e-05 5.352724e+01 3.334555e+00 2.920594e+01 1.546610e+03 4.508462e-05 5.340969e+01 3.354813e+00 1.544700e+03 4.333031e+01 5.164319e+01 1.495654e+00 1.535078e+03 1.556266e+03 
4.520148e-05 5.352724e+01 3.334555e+00 3.250502e+01 1.545895e+03 4.509753e-05 5.343304e+01 3.319735e+00 1.543700e+03 4.271910e+01 5.084754e+01 1.506776e+00 1.535078e+03 1.556266e+03 
4.520148e-05 5.352724e+01 3.334555e+00 3.440177e+01 1.545507e+03 4.510294e-05 5.343144e+01 3.282409e+00 1.543400e+03 4.324763e+01 5.055983e+01 1.430580e+00 1.535078e+03 1.556266e+03 
4.520148e-05 5.352724e+01 3.334555e+00 3.600708e+01 1.545133e+03 4.509918e-05 5.342196e+01 3.266469e+00 1.543500e+03 4.379217e+01 5.129007e+01 1.584933e+00 1.535078e+03 1.556266e+03 
4.520148e-05 5.352724e+01 3.334555e+00 3.806029e+01 1.544676e+03 4.509951e-05 5.339374e+01 3.263324e+00 1.543400e+03 4.399741e+01 5.198218e+01 1.437308e+00 1.535078e+03 1.556266e+03 
4.520148e-05 5.352724e+01 3.334555e+00 4.012339e+01 1.544287e+03 4.512079e-05 5.337850e+01 3.250486e+00 1.543400e+03 4.428109e+01 5.239893e+01 1.402505e+00 1.535078e+03 1.556266e+03 
4.520148e-05 5.352724e+01 3.334555e+00 4.206202e+01 1.544040e+03 4.512270e-05 5.339392e+01 3.228350e+00 1.543600e+03 4.415443e+01 5.250524e+01 1.276626e+00 1.535078e+03 1.556266e+03 
4.520148e-05 5.352724e+01 3.334555e+00 4.396952e+01 1.543803e+03 4.511538e-05 5.338513e+01 3.220074e+00 1.543100e+03 4.386501e+01 5.230985e+01 7.168437e-01 1.535078e+03 1.556266e+03 
4.520148e-05 5.352724e+01 3.334555e+00 4.625121e+01 1.543597e+03 4.511342e-05 5.337996e+01 3.196556e+00 1.543000e+03 4.364468e+01 5.192835e+01 3.594499e-01 1.535078e+03 1.556266e+03 
4.520148e-05 5.352724e+01 3.334555e+00 4.892883e+01 1.543383e+03 4.510300e-05 5.334043e+01 3.194183e+00 1.542700e+03 4.364898e+01 5.088048e+01 -1.493370e-01 1.535078e+03 1.556266e+03 
4.520148e-05 5.352724e+01 3.334555e+00 5.087570e+01 1.543261e+03 4.513960e-05 5.331048e+01 3.215450e+00 1.542600e+03 4.411006e+01 4.912592e+01 -1.025141e+00 1.535078e+03 1.556266e+03 
4.520148e-05 5.352724e+01 3.334555e+00 5.302838e+01 1.543507e+03 4.517685e-05 5.334030e+01 3.207627e+00 1.543600e+03 4.685463e+01 4.930186e+01 -2.361017e+00 1.535078e+03 1.556266e+03 
4.520148e-05 5.352724e+01 3.334555e+00 5.487540e+01 1.543641e+03 4.521400e-05 5.332454e+01 3.247083e+00 1.545700e+03 4.767540e+01 5.239186e+01 -2.225564e+00 1.535078e+03 1.556266e+03 
4.520148e-05 5.352724e+01 3.334555e+00 5.719304e+01 1.544288e+03 4.532420e-05 5.339069e+01 3.272406e+00 1.546600e+03 4.691841e+01 5.428650e+01 2.349734e-01 1.535078e+03 1.556266e+03 
4.520148e-05 5.352724e+01 3.334555e+00 5.955443e+01 1.545109e+03 4.534263e-05 5.357391e+01 3.318806e+00 1.547100e+03 4.662411e+01 5.438320e+01 1.165516e+00 1.535078e+03 1.556266e+03 
4.520148e-05 5.352724e+01 3.334555e+00 6.111958e+01 1.545241e+03 4.522711e-05 5.366247e+01 3.338950e+00 1.547400e+03 4.638731e+01 5.608657e+01 1.661418e+00 1.535078e+03 1.556266e+03 
4.520148e-05 5.352724e+01 3.334555e+00 6.319502e+01 1.544877e+03 4.515090e-05 5.362201e+01 3.322674e+00 1.547500e+03 4.429685e+01 5.651648e+01 3.191259e+00 1.535078e+03 1.556266e+03 
4.520148e-05 5.352724e+01 3.334555e+00 6.455714e+01 1.544620e+03 4.511947e-05 5.360391e+01 3.299795e+00 1.545900e+03 4.227339e+01 5.662921e+01 2.873329e+00 1.535078e+03 1.556266e+03 
4.520148e-05 5.352724e+01 3.334555e+00 6.593101e+01 1.544292e+03 4.507932e-05 5.357072e+01 3.301188e+00 1.544800e+03 4.097923e+01 5.512826e+01 2.597322e+00 1.535078e+03 1.556266e+03 
4.520148e-05 5.352724e+01 3.334555e+00 6.749700e+01 1.543874e+03 4.505862e-05 5.351809e+01 3.319032e+00 1.543900e+03 4.100407e+01 5.231613e+01 2.928146e+00 1.535078e+03 1.556266e+03 
4.520148e-05 5.352724e+01 3.334555e+00 6.929172e+01 1.543386e+03 4.504889e-05 5.344280e+01 3.344278e+00 1.543100e+03 4.181209e+01 5.269397e+01 2.313403e+00 1.535078e+03 1.556266e+03 
4.520148e-05 5.352724e+01 3.334555e+00 7.093375e+01 1.542951e+03 4.508656e-05 5.337129e+01 3.341705e+00 1.542100e+03 4.160604e+01 5.192082e+01 1.837403e+00 1.535078e+03 1.556266e+03 
4.520148e-05 5.352724e+01 3.334555e+00 7.262516e+01 1.542931e+03 4.513738e-05 5.339906e+01 3.334802e+00 1.541900e+03 4.257990e+01 5.171535e+01 2.168046e+00 1.535078e+03 1.556266e+03 
4.520148e-05 5.352724e+01 3.334555e+00 7.492696e+01 1.542915e+03 4.515647e-05 5.343693e+01 3.324141e+00 1.541600e+03 4.286244e+01 5.224487e+01 3.161507e+00 1.535078e+03 1.556266e+03 
4.520148e-05 5.352724e+01 3.334555e+00 7.718037e+01 1.542831e+03 4.514334e-05 5.345084e+01 3.303444e+00 1.541200e+03 4.290580e+01 5.310423e+01 3.222746e+00 1.535078e+03 1.556266e+03 
4.520148e-05 5.352724e+01 3.334555e+00 7.948909e+01 1.542659e+03 4.512927e-05 5.343140e+01 3.277772e+00 1.540600e+03 4.238042e+01 5.295924e+01 2.702064e+00 1.535078e+03 1.556266e+03 
4.520148e-05 5.352724e+01 3.334555e+00 8.102207e+01 1.542506e+03 4.513005e-05 5.341229e+01 3.264388e+00 1.540300e+03 4.231536e+01 5.251960e+01 3.145245e+00 1.535078e+03 1.556266e+03 
4.520148e-05 5.352724e+01 3.334555e+00 8.324161e+01 1.542444e+03 4.514920e-05 5.339659e+01 3.239665e+00 1.540000e+03 4.257007e+01 5.167717e+01 2.593745e+00 1.535078e+03 1.556266e+03 
4.520148e-05 5.352724e+01 3.334555e+00 8.494116e+01 1.542390e+03 4.515227e-05 5.338640e+01 3.215059e+00 1.539700e+03 4.323530e+01 5.182386e+01 2.435426e+00 1.535078e+03 1.556266e+03 
4.520148e-05 5.352724e+01 3.334555e+00 8.694708e+01 1.542215e+03 4.515440e-05 5.334205e+01 3.184863e+00 1.539700e+03 4.348858e+01 5.213753e+01 2.205294e+00 1.535078e+03 1.556266e+03 
4.520148e-05 5.352724e+01 3.334555e+00 8.905913e+01 1.542490e+03 4.519619e-05 5.335572e+01 3.141118e+00 1.539800e+03 4.375665e+01 5.153973e+01 1.794059e+00 1.535078e+03 1.556266e+03 
4.520148e-05 5.352724e+01 3.334555e+00 9.124541e+01 1.542880e+03 4.522051e-05 5.337413e+01 3.108833e+00 1.539800e+03 4.333735e+01 5.242923e+01 1.497827e+00 1.535078e+03 1.556266e+03 
4.520148e-05 5.352724e+01 3.334555e+00 9.347366e+01 1.543012e+03 4.523496e-05 5.337592e+01 3.122380e+00 1.539600e+03 4.340233e+01 5.063036e+01 1.295131e+00 1.535078e+03 1.556266e+03 
4.520148e-05 5.352724e+01 3.334555e+00 9.565355e+01 1.543457e+03 4.525805e-05 5.345216e+01 3.158652e+00 1.539600e+03 4.693453e+01 4.701704e+01 1.684363e+00 1.535078e+03 1.556266e+03 
4.520148e-05 5.352724e+01 3.334555e+00 9.679860e+01 1.543570e+03 4.524139e-05 5.350000e+01 3.201424e+00 1.540900e+03 4.612276e+01 5.226802e+01 -5.761827e-01 1.535078e+03 1.556266e+03 
4.520148e-05 5.352724e+01 3.334555e+00 9.879789e+01 1.543560e+03 4.513439e-05 5.349642e+01 3.352606e+00 1.540800e+03 4.659234e+01 5.460551e+01 -2.922006e+00 1.535078e+03 1.556266e+03 
4.520148e-05 5.352724e+01 3.334555e+00 1.007518e+02 1.543365e+03 4.514989e-05 5.344342e+01 3.413304e+00 1.541900e+03 4.461297e+01 5.579629e+01 -3.906813e-01 1.535078e+03 1.556266e+03 
4.520148e-05 5.352724e+01 3.334555e+00 1.035650e+02 1.543354e+03 4.522375e-05 5.341783e+01 3.407713e+00 1.542400e+03 4.394269e+01 5.541521e+01 -2.411192e-01 1.535078e+03 1.556266e+03 
4.520148e-05 5.352724e+01 3.334555e+00 1.056521e+02 1.543513e+03 4.527416e-05 5.338604e+01 3.380375e+00 1.542100e+03 4.222226e+01 5.514488e+01 2.161051e+00 1.535078e+03 1.556266e+03 
4.520148e-05 5.352724e+01 3.334555e+00 1.073063e+02 1.543841e+03 4.532356e-05 5.337929e+01 3.347259e+00 1.542200e+03 4.164813e+01 5.273971e+01 4.783560e+00 1.535078e+03 1.556266e+03 
4.520148e-05 5.352724e+01 3.334555e+00 1.086161e+02 1.543947e+03 4.533260e-05 5.339320e+01 3.306693e+00 1.541800e+03 4.351370e+01 5.109438e+01 6.023655e+00 1.535078e+03 1.556266e+03 
4.520148e-05 5.352724e+01 3.334555e+00 1.106090e+02 1.544195e+03 4.533712e-05 5.342168e+01 3.263637e+00 1.542100e+03 4.607738e+01 5.147225e+01 3.011337e+00 1.535078e+03 1.556266e+03 
4.520148e-05 5.352724e+01 3.334555e+00 1.117330e+02 1.544448e+03 4.533767e-05 5.342449e+01 3.243390e+00 1.542600e+03 4.670324e+01 5.271624e+01 2.011809e+00 1.535078e+03 1.556266e+03 
4.520148e-05 5.352724e+01 3.334555e+00 1.133783e+02 1.544864e+03 4.536616e-05 5.341872e+01 3.201685e+00 1.542600e+03 4.558016e+01 5.322058e+01 -6.130479e-01 1.535078e+03 1.556266e+03 
4.520148e-05 5.352724e+01 3.334555e+00 1.164429e+02 1.545085e+03 4.535813e-05 5.349375e+01 3.166163e+00 1.542700e+03 4.526098e+01 5.269316e+01 -1.001412e+00 1.535078e+03 1.556266e+03 
4.520148e-05 5.352724e+01 3.334555e+00 1.182755e+02 1.545647e+03 4.539497e-05 5.353727e+01 3.091613e+00 1.543400e+03 4.521312e+01 5.251648e+01 7.519339e-01 1.535078e+03 1.556266e+03 
4.520148e-05 5.352724e+01 3.334555e+00 1.200628e+02 1.545878e+03 4.534377e-05 5.363583e+01 3.036733e+00 1.543700e+03 4.514027e+01 5.070417e+01 1.222414e+00 1.535078e+03 1.556266e+03 
4.520148e-05 5.352724e+01 3.334555e+00 1.217589e+02 1.545694e+03 4.526472e-05 5.365419e+01 3.072059e+00 1.544800e+03 4.744231e+01 5.205731e+01 1.068296e+00 1.535078e+03 1.556266e+03 
4.520148e-05 5.352724e+01 3.334555e+00 1.236359e+02 1.545508e+03 4.521738e-05 5.362625e+01 3.120938e+00 1.544900e+03 4.709993e+01 5.639430e+01 -2.769507e+00 1.535078e+03 1.556266e+03 
4.520148e-05 5.352724e+01 3.334555e+00 1.259096e+02 1.545113e+03 4.520640e-05 5.361837e+01 3.135644e+00 1.544400e+03 4.364940e+01 5.667753e+01 -7.207159e+00 1.535078e+03 1.556266e+03 
4.520148e-05 5.352724e+01 3.334555e+00 1.277039e+02 1.545001e+03 4.518354e-05 5.361013e+01 3.112064e+00 1.543800e+03 4.121377e+01 5.379794e+01 -2.278588e+00 1.535078e+03 1.556266e+03 
4.520148e-05 5.352724e+01 3.334555e+00 1.303288e+02 1.544738e+03 4.515401e-05 5.357753e+01 3.072821e+00 1.543100e+03 4.360169e+01 5.223138e+01 4.067718e-01 1.535078e+03 1.556266e+03 
4.520148e-05 5.352724e+01 3.334555e+00 1.319264e+02 1.544486e+03 4.512554e-05 5.357002e+01 3.046942e+00 1.542800e+03 4.407682e+01 5.262185e+01 -1.190656e-01 1.535078e+03 1.556266e+03 
4.520148e-05 5.352724e+01 3.334555e+00 1.337913e+02 1.544235e+03 4.508800e-05 5.355277e+01 3.079679e+00 1.542700e+03 4.439353e+01 5.344606e+01 -5.660931e-01 1.535078e+03 1.556266e+03 
4.520148e-05 5.352724e+01 3.334555e+00 1.352497e+02 1.543927e+03 4.506531e-05 5.351364e+01 3.123215e+00 1.542800e+03 4.347919e+01 5.414681e+01 -1.049436e+00 1.535078e+03 1.556266e+03 
4.520148e-05 5.352724e+01 3.334555e+00 1.369434e+02 1.543481e+03 4.505503e-05 5.346492e+01 3.173701e+00 1.542700e+03 4.311361e+01 5.347171e+01 -2.338540e-01 1.535078e+03 1.556266e+03 
4.520148e-05 5.352724e+01 3.334555e+00 1.385889e+02 1.543222e+03 4.505067e-05 5.342603e+01 3.204209e+00 1.543500e+03 4.329046e+01 5.271491e+01 6.364126e-01 1.535078e+03 1.556266e+03 
4.520148e-05 5.352724e+01 3.334555e+00 1.402659e+02 1.543092e+03 4.505315e-05 5.339510e+01 3.246442e+00 1.543300e+03 4.405094e+01 5.371134e+01 1.076425e+00 1.535078e+03 1.556266e+03 
4.520148e-05 5.352724e+01 3.334555e+00 1.425849e+02 1.542552e+03 4.506704e-05 5.330127e+01 3.316783e+00 1.543200e+03 4.308813e+01 5.266710e+01 9.360760e-01 1.535078e+03 1.556266e+03 
4.520148e-05 5.352724e+01 3.334555e+00 1.441713e+02 1.542437e+03 4.511526e-05 5.319568e+01 3.334894e+00 1.543100e+03 4.361254e+01 5.237617e+01 1.271262e+00 1.535078e+03 1.556266e+03 
4.520148e-05 5.352724e+01 3.334555e+00 1.459531e+02 1.542767e+03 4.520065e-05 5.320273e+01 3.348466e+00 1.542800e+03 4.347306e+01 5.203587e+01 1.375366e+00 1.535078e+03 1.556266e+03 
4.520148e-05 5.352724e+01 3.334555e+00 1.469585e+02 1.542986e+03 4.522464e-05 5.321433e+01 3.343371e+00 1.542400e+03 4.363393e+01 5.188368e+01 1.439842e+00 1.535078e+03 1.556266e+03 
4.520148e-05 5.352724e+01 3.334555e+00 1.487142e+02 1.543562e+03 4.525003e-05 5.319778e+01 3.364487e+00 1.541500e+03 4.373689e+01 5.044286e+01 1.122758e+00 1.535078e+03 1.556266e+03 
4.520148e-05 5.352724e+01 3.334555e+00 1.508990e+02 1.544059e+03 4.532655e-05 5.320318e+01 3.346139e+00 1.541400e+03 4.399965e+01 5.075273e+01 6.641804e-01 1.535078e+03 1.556266e+03 
4.520148e-05 5.352724e+01 3.334555e+00 1.547376e+02 1.545427e+03 4.538124e-05 5.333287e+01 3.297621e+00 1.543200e+03 4.545103e+01 4.849445e+01 2.634746e+00 1.535078e+03 1.556266e+03 
4.520148e-05 5.352724e+01 3.334555e+00 1.563237e+02 1.546035e+03 4.543667e-05 5.336057e+01 3.325066e+00 1.544400e+03 4.770238e+01 4.925869e+01 2.282191e+00 1.535078e+03 1.556266e+03 
4.520148e-05 5.352724e+01 3.334555e+00 1.580484e+02 1.546950e+03 4.548995e-05 5.346278e+01 3.270618e+00 1.544800e+03 4.917775e+01 5.132983e+01 1.157750e+00 1.535078e+03 1.556266e+03 
4.520148e-05 5.352724e+01 3.334555e+00 1.597138e+02 1.547545e+03 4.546481e-05 5.354161e+01 3.124264e+00 1.544700e+03 4.703244e+01 5.424963e+01 1.997217e-01 1.535078e+03 1.556266e+03 
4.520148e-05 5.352724e+01 3.334555e+00 1.614858e+02 1.547979e+03 4.538167e-05 5.354486e+01 2.961429e+00 1.544300e+03 4.615388e+01 5.150006e+01 1.715321e+00 1.535078e+03 1.556266e+03 
4.520148e-05 5.352724e+01 3.334555e+00 1.637563e+02 1.548948e+03 4.544781e-05 5.350362e+01 2.847483e+00 1.544600e+03 4.804514e+01 4.944723e+01 5.260500e+00 1.535078e+03 1.556266e+03 
4.520148e-05 5.352724e+01 3.334555e+00 1.660495e+02 1.550463e+03 4.558937e-05 5.358569e+01 2.860140e+00 1.545300e+03 4.737498e+01 5.087166e+01 7.040976e+00 1.535078e+03 1.556266e+03 
4.520148e-05 5.352724e+01 3.334555e+00 1.681422e+02 1.551664e+03 4.559611e-05 5.377852e+01 2.809303e+00 1.547400e+03 4.832565e+01 5.473040e+01 8.034639e+00 1.535078e+03 1.556266e+03 
4.520148e-05 5.352724e+01 3.334555e+00 1.682044e+02 1.551653e+03 4.559900e-05 5.377254e+01 2.812744e+00 1.547400e+03 4.849527e+01 5.383797e+01 5.516721e+00 1.535078e+03 1.556266e+03 
4.520148e-05 5.352724e+01 3.334555e+00 1.696096e+02 1.552655e+03 4.545933e-05 5.397814e+01 2.925146e+00 1.548700e+03 4.747329e+01 5.353095e+01 4.105337e+00 1.535078e+03 1.556266e+03 
4.520148e-05 5.352724e+01 3.334555e+00 1.731167e+02 1.551894e+03 4.518976e-05 5.399508e+01 3.160406e+00 1.544200e+03 4.815239e+01 5.537150e+01 -1.326956e+00 1.535078e+03 1.556266e+03 
4.520148e-05 5.352724e+01 3.334555e+00 1.760754e+02 1.550315e+03 4.499045e-05 5.385569e+01 2.989888e+00 1.543900e+03 4.612961e+01 6.074418e+01 5.561774e-01 1.535078e+03 1.556266e+03 
4.520148e-05 5.352724e+01 3.334555e+00 1.773472e+02 1.549118e+03 4.488745e-05 5.372563e+01 3.094972e+00 1.542800e+03 4.445392e+01 6.568666e+01 -1.241810e+01 1.535078e+03 1.556266e+03 
4.520148e-05 5.352724e+01 3.334555e+00 1.796748e+02 1.549316e+03 4.491890e-05 5.366776e+01 3.076355e+00 1.541800e+03 4.279455e+01 6.124319e+01 2.857434e+00 1.535078e+03 1.556266e+03 
4.520148e-05 5.352724e+01 3.334555e+00 1.814633e+02 1.547402e+03 4.492244e-05 5.347579e+01 3.095239e+00 1.548800e+03 4.179907e+01 5.304400e+01 -3.836298e-01 1.535078e+03 1.556266e+03 
4.520148e-05 5.352724e+01 3.334555e+00 1.829765e+02 1.545898e+03 4.497583e-05 5.333737e+01 3.077078e+00 1.548200e+03 4.216683e+01 5.307585e+01 -1.674401e+00 1.535078e+03 1.556266e+03 
4.520148e-05 5.352724e+01 3.334555e+00 1.847136e+02 1.544850e+03 4.503392e-05 5.335719e+01 3.034276e+00 1.547400e+03 4.290856e+01 5.331989e+01 -1.589852e+00 1.535078e+03 1.556266e+03 
4.520148e-05 5.352724e+01 3.334555e+00 1.863904e+02 1.543783e+03 4.502446e-05 5.332701e+01 3.090265e+00 1.546700e+03 4.288546e+01 5.336968e+01 -3.594397e+00 1.535078e+03 1.556266e+03 
4.520148e-05 5.352724e+01 3.334555e+00 1.884935e+02 1.542529e+03 4.501346e-05 5.325852e+01 3.216419e+00 1.546000e+03 4.223477e+01 5.259882e+01 -1.291264e+00 1.535078e+03 1.556266e+03 
4.520148e-05 5.352724e+01 3.334555e+00 1.899643e+02 1.541948e+03 4.503865e-05 5.320729e+01 3.282014e+00 1.545100e+03 4.102368e+01 5.287970e+01 -1.148582e+00 1.535078e+03 1.556266e+03 
4.520148e-05 5.352724e+01 3.334555e+00 1.916195e+02 1.541606e+03 4.512416e-05 5.322920e+01 3.299335e+00 1.543900e+03 4.164495e+01 5.003042e+01 1.669709e+00 1.535078e+03 1.556266e+03 
4.520148e-05 5.352724e+01 3.334555e+00 1.933386e+02 1.541451e+03 4.515616e-05 5.326309e+01 3.315226e+00 1.543000e+03 4.264267e+01 5.056570e+01 1.614315e+00 1.535078e+03 1.556266e+03 
4.520148e-05 5.352724e+01 3.334555e+00 1.948557e+02 1.541429e+03 4.517845e-05 5.328452e+01 3.334965e+00 1.541700e+03 4.342484e+01 5.052783e+01 1.789757e+00 1.535078e+03 1.556266e+03 
4.520148e-05 5.352724e+01 3.334555e+00 1.970284e+02 1.541433e+03 4.520936e-05 5.327869e+01 3.368399e+00 1.540900e+03 4.397124e+01 5.169277e+01 2.693670e+00 1.535078e+03 1.556266e+03 
4.520148e-05 5.352724e+01 3.334555e+00 1.997555e+02 1.542100e+03 4.529292e-05 5.338283e+01 3.311854e+00 1.540600e+03 4.452215e+01 5.185518e+01 1.583166e+00 1.535078e+03 1.556266e+03 
4.520148e-05 5.352724e+01 3.334555e+00 2.025419e+02 1.542595e+03 4.526930e-05 5.350386e+01 3.215972e+00 1.540500e+03 4.578723e+01 5.242492e+01 7.333876e-01 1.535078e+03 1.556266e+03 
4.520148e-05 5.352724e+01 3.334555e+00 2.043886e+02 1.542510e+03 4.523072e-05 5.351264e+01 3.206281e+00 1.541100e+03 4.501628e+01 5.416932e+01 -3.666159e-01 1.535078e+03 1.556266e+03 
4.520148e-05 5.352724e+01 3.334555e+00 2.062066e+02 1.542486e+03 4.521441e-05 5.350454e+01 3.202791e+00 1.541000e+03 4.440732e+01 5.456089e+01 -1.180510e+00 1.535078e+03 1.556266e+03 
4.520148e-05 5.352724e+01 3.334555e+00 2.080318e+02 1.542419e+03 4.520718e-05 5.349989e+01 3.203180e+00 1.540900e+03 4.345749e+01 5.455760e+01 -1.319032e+00 1.535078e+03 1.556266e+03 
4.520148e-05 5.352724e+01 3.334555e+00 2.100417e+02 1.542389e+03 4.520408e-05 5.349702e+01 3.190021e+00 1.540600e+03 4.333011e+01 5.351250e+01 -1.189557e-01 1.535078e+03 1.556266e+03 
4.520148e-05 5.352724e+01 3.334555e+00 2.122547e+02 1.542302e+03 4.519493e-05 5.349690e+01 3.166954e+00 1.540600e+03 4.383210e+01 5.302252e+01 -6.923340e-02 1.535078e+03 1.556266e+03 
4.520148e-05 5.352724e+01 3.334555e+00 2.145339e+02 1.542153e+03 4.518238e-05 5.347057e+01 3.182072e+00 1.540600e+03 4.453225e+01 5.331030e+01 -1.795810e-01 1.535078e+03 1.556266e+03 
4.520148e-05 5.352724e+01 3.334555e+00 2.168454e+02 1.541989e+03 4.518221e-05 5.345059e+01 3.228728e+00 1.540600e+03 4.449596e+01 5.452690e+01 -4.801669e-01 1.535078e+03 1.556266e+03 
4.520148e-05 5.352724e+01 3.334555e+00 2.191083e+02 1.541925e+03 4.517266e-05 5.343617e+01 3.301298e+00 1.539900e+03 4.321488e+01 5.491263e+01 -3.391484e-01 1.535078e+03 1.556266e+03 
4.520148e-05 5.352724e+01 3.334555e+00 2.211803e+02 1.542058e+03 4.517775e-05 5.344146e+01 3.379581e+00 1.539600e+03 4.362244e+01 5.337837e+01 2.826230e-04 1.535078e+03 1.556266e+03 
4.520148e-05 5.352724e+01 3.334555e+00 2.232723e+02 1.542257e+03 4.518989e-05 5.341063e+01 3.401546e+00 1.539100e+03 4.357931e+01 5.363767e+01 5.904045e-01 1.535078e+03 1.556266e+03 
4.520148e-05 5.352724e+01 3.334555e+00 2.250348e+02 1.542438e+03 4.521040e-05 5.330377e+01 3.385484e+00 1.539000e+03 4.275391e+01 5.323554e+01 1.235312e+00 1.535078e+03 1.556266e+03 
4.520148e-05 5.352724e+01 3.334555e+00 2.268908e+02 1.543451e+03 4.538121e-05 5.328454e+01 3.357203e+00 1.539300e+03 4.286663e+01 5.168238e+01 1.508501e+00 1.535078e+03 1.556266e+03 
4.520148e-05 5.352724e+01 3.334555e+00 2.295877e+02 1.544963e+03 4.552275e-05 5.343104e+01 3.144842e+00 1.539600e+03 4.315136e+01 5.019224e+01 2.788409e+00 1.535078e+03 1.556266e+03 
4.520148e-05 5.352724e+01 3.334555e+00 2.318938e+02 1.545680e+03 4.556595e-05 5.362225e+01 3.064531e+00 1.540500e+03 4.578857e+01 4.878858e+01 2.683316e+00 1.535078e+03 1.556266e+03 
4.520148e-05 5.352724e+01 3.334555e+00 2.335234e+02 1.545818e+03 4.554836e-05 5.372210e+01 2.975362e+00 1.541300e+03 4.727535e+01 5.090495e+01 -9.930897e-02 1.535078e+03 1.556266e+03 
4.520148e-05 5.352724e+01 3.334555e+00 2.353038e+02 1.546016e+03 4.529037e-05 5.393161e+01 2.915381e+00 1.542100e+03 4.838431e+01 5.284410e+01 1.144985e+00 1.535078e+03 1.556266e+03 
4.520148e-05 5.352724e+01 3.334555e+00 2.363412e+02 1.545638e+03 4.518359e-05 5.392423e+01 2.905278e+00 1.543500e+03 4.756678e+01 5.484378e+01 -1.263009e+00 1.535078e+03 1.556266e+03 
4.520148e-05 5.352724e+01 3.334555e+00 2.382151e+02 1.544869e+03 4.505122e-05 5.388040e+01 2.915225e+00 1.544100e+03 4.771110e+01 5.711368e+01 -1.193583e+00 1.535078e+03 1.556266e+03 
4.520148e-05 5.352724e+01 3.334555e+00 2.394675e+02 1.544364e+03 4.496709e-05 5.384110e+01 2.962443e+00 1.544900e+03 4.543249e+01 5.992780e+01 -3.243286e+00 1.535078e+03 1.556266e+03 
4.520148e-05 5.352724e+01 3.334555e+00 2.412849e+02 1.543205e+03 4.485558e-05 5.374595e+01 3.068138e+00 1.544900e+03 4.267248e+01 6.027011e+01 -3.173430e+00 1.535078e+03 1.556266e+03 
4.520148e-05 5.352724e+01 3.334555e+00 2.428526e+02 1.542146e+03 4.481956e-05 5.363046e+01 3.146859e+00 1.543600e+03 4.159712e+01 5.789257e+01 -2.915180e+00 1.535078e+03 1.556266e+03 
4.520148e-05 5.352724e+01 3.334555e+00 2.439705e+02 1.541329e+03 4.482112e-05 5.355610e+01 3.184615e+00 1.542700e+03 4.047966e+01 5.733275e+01 2.591390e-01 1.535078e+03 1.556266e+03 
4.520148e-05 5.352724e+01 3.334555e+00 2.455183e+02 1.540195e+03 4.483325e-05 5.347558e+01 3.220243e+00 1.541800e+03 4.040144e+01 5.638868e+01 4.943449e-01 1.535078e+03 1.556266e+03 
4.520148e-05 5.352724e+01 3.334555e+00 2.469844e+02 1.539574e+03 4.484073e-05 5.345683e+01 3.231905e+00 1.541000e+03 4.071995e+01 5.618657e+01 7.123870e-01 1.535078e+03 1.556266e+03 
4.520148e-05 5.352724e+01 3.334555e+00 2.481270e+02 1.539101e+03 4.484595e-05 5.343961e+01 3.236498e+00 1.540800e+03 4.075032e+01 5.583331e+01 5.342485e-01 1.535078e+03 1.556266e+03 
4.520148e-05 5.352724e+01 3.334555e+00 2.491184e+02 1.538405e+03 4.485619e-05 5.339672e+01 3.251238e+00 1.540400e+03 4.078849e+01 5.607136e+01 1.117144e+00 1.535078e+03 1.556266e+03 
4.520148e-05 5.352724e+01 3.334555e+00 2.503611e+02 1.537565e+03 4.487695e-05 5.335794e+01 3.269025e+00 1.540100e+03 4.076222e+01 5.615789e+01 1.025457e+00 1.535078e+03 1.556266e+03 
4.520148e-05 5.352724e+01 3.334555e+00 2.535700e+02 1.536082e+03 4.491282e-05 5.331627e+01 3.324938e+00 1.538300e+03 3.976962e+01 5.563509e+01 6.568993e-01 1.535078e+03 1.556266e+03 
4.520148e-05 5.352724e+01 3.334555e+00 2.559534e+02 1.535933e+03 4.490966e-05 5.335028e+01 3.346740e+00 1.537700e+03 4.016802e+01 5.675772e+01 -1.581074e-01 1.535078e+03 1.556266e+03 
4.520148e-05 5.352724e+01 3.334555e+00 2.586392e+02 1.535078e+03 4.496356e-05 5.336310e+01 3.336886e+00 1.536200e+03 4.025341e+01 5.597967e+01 -2.144414e-01 1.535078e+03 1.556266e+03 
4.520148e-05 5.352724e+01 3.334555e+00 2.888399e+02 1.537898e+03 4.509311e-05 5.322030e+01 3.194227e+00 1.537400e+03 4.293960e+01 5.111345e+01 -1.028746e-02 1.535078e+03 1.556266e+03 
4.520148e-05 5.352724e+01 3.334555e+00 2.931717e+02 1.538783e+03 4.502565e-05 5.323652e+01 3.102952e+00 1.538000e+03 4.240373e+01 5.143620e+01 -1.577845e+00 1.535078e+03 1.556266e+03 
4.520148e-05 5.352724e+01 3.334555e+00 2.949700e+02 1.539160e+03 4.500588e-05 5.326090e+01 3.065280e+00 1.539100e+03 4.223195e+01 5.069244e+01 -1.598336e+00 1.535078e+03 1.556266e+03 
4.520148e-05 5.352724e+01 3.334555e+00 2.980614e+02 1.540133e+03 4.493703e-05 5.327470e+01 3.047328e+00 1.540500e+03 4.027488e+01 5.084315e+01 1.633675e+00 1.535078e+03 1.556266e+03 
4.520148e-05 5.352724e+01 3.334555e+00 2.998929e+02 1.540980e+03 4.491658e-05 5.335912e+01 3.024342e+00 1.541300e+03 3.989841e+01 5.277636e+01 -1.039823e+00 1.535078e+03 1.556266e+03 
4.520148e-05 5.352724e+01 3.334555e+00 3.017394e+02 1.542138e+03 4.492237e-05 5.344585e+01 2.983334e+00 1.542300e+03 4.038977e+01 5.443445e+01 -1.483066e+00 1.535078e+03 1.556266e+03 
4.520148e-05 5.352724e+01 3.334555e+00 3.036463e+02 1.543301e+03 4.494862e-05 5.352940e+01 2.966967e+00 1.543400e+03 4.042214e+01 5.417343e+01 -1.701861e+00 1.535078e+03 1.556266e+03 
4.520148e-05 5.352724e+01 3.334555e+00 3.057892e+02 1.543837e+03 4.494569e-05 5.354687e+01 2.930018e+00 1.545000e+03 4.039419e+01 5.574209e+01 -2.134232e+00 1.535078e+03 1.556266e+03 
4.520148e-05 5.352724e+01 3.334555e+00 3.075387e+02 1.544754e+03 4.493679e-05 5.358094e+01 2.915372e+00 1.547100e+03 4.100769e+01 5.896923e+01 -3.263895e+00 1.535078e+03 1.556266e+03 
4.520148e-05 5.352724e+01 3.334555e+00 3.088919e+02 1.545582e+03 4.492451e-05 5.366856e+01 2.920361e+00 1.548200e+03 4.406393e+01 6.490037e+01 -1.274586e+01 1.535078e+03 1.556266e+03 
4.520148e-05 5.352724e+01 3.334555e+00 3.099811e+02 1.546107e+03 4.493363e-05 5.374279e+01 2.918814e+00 1.548200e+03 4.632386e+01 5.979148e+01 -5.335812e+00 1.535078e+03 1.556266e+03 
4.520148e-05 5.352724e+01 3.334555e+00 3.119751e+02 1.545924e+03 4.490402e-05 5.376388e+01 2.953024e+00 1.548200e+03 4.633012e+01 5.943835e+01 -4.525480e+00 1.535078e+03 1.556266e+03 
4.520148e-05 5.352724e+01 3.334555e+00 3.137316e+02 1.545710e+03 4.488195e-05 5.379300e+01 2.981095e+00 1.547500e+03 4.633235e+01 5.953845e+01 -5.154669e+00 1.535078e+03 1.556266e+03 
4.520148e-05 5.352724e+01 3.334555e+00 3.158266e+02 1.545423e+03 4.488680e-05 5.382192e+01 3.023310e+00 1.547000e+03 4.559281e+01 6.084432e+01 -2.315776e+00 1.535078e+03 1.556266e+03 
4.520148e-05 5.352724e+01 3.334555e+00 3.179838e+02 1.545492e+03 4.497547e-05 5.389952e+01 2.976636e+00 1.546400e+03 4.618013e+01 5.929545e+01 -3.779381e+00 1.535078e+03 1.556266e+03 
4.520148e-05 5.352724e+01 3.334555e+00 3.204795e+02 1.544774e+03 4.494924e-05 5.385587e+01 2.972052e+00 1.546000e+03 4.540810e+01 5.995110e+01 -4.404756e+00 1.535078e+03 1.556266e+03 
