# 1, 2, 3, 4   , 5   , 6   , 7   , 8   , 9   , 10  
# x, y, z, Bx_si, By_si, Bz_si, In_si, Ic_si, Dc_si, dmeas 
5.053600e+05 4.183132e+06 1.545501e+03 -3.010220e-08 4.673795e-09 1.438766e-07 1.470662e-07 7.804536e+01 1.711745e+02 0.000000e+00 
5.053607e+05 4.183134e+06 1.545501e+03 -2.983343e-08 4.428945e-09 1.425552e-07 1.457108e-07 7.805410e+01 1.715558e+02 2.157064e+00 
5.053605e+05 4.183136e+06 1.545501e+03 -2.957931e-08 4.485173e-09 1.415172e-07 1.446449e-07 7.806315e+01 1.713778e+02 4.009790e+00 
5.053603e+05 4.183139e+06 1.545501e+03 -2.925098e-08 4.488578e-09 1.401866e-07 1.432761e-07 7.807988e+01 1.712760e+02 6.432482e+00 
5.053594e+05 4.183143e+06 1.545501e+03 -2.870066e-08 4.689733e-09 1.381899e-07 1.412167e-07 7.811583e+01 1.707198e+02 1.060382e+01 
5.053599e+05 4.183145e+06 1.545501e+03 -2.843333e-08 4.518858e-09 1.370998e-07 1.400901e-07 7.814053e+01 1.709696e+02 1.279858e+01 
5.053622e+05 4.183147e+06 1.545501e+03 -2.824318e-08 3.841440e-09 1.360283e-07 1.389825e-07 7.816552e+01 1.722546e+02 1.570972e+01 
5.053634e+05 4.183149e+06 1.545501e+03 -2.791968e-08 3.473867e-09 1.346998e-07 1.376067e-07 7.820215e+01 1.729075e+02 1.871373e+01 
5.053652e+05 4.183154e+06 1.545501e+03 -2.738223e-08 2.928424e-09 1.326177e-07 1.354468e-07 7.826912e+01 1.738956e+02 2.378995e+01 
5.053655e+05 4.183155e+06 1.545501e+03 -2.727179e-08 2.845741e-09 1.322149e-07 1.350283e-07 7.828360e+01 1.740429e+02 2.482539e+01 
5.053652e+05 4.183156e+06 1.545501e+03 -2.717826e-08 2.922692e-09 1.319378e-07 1.347397e-07 7.829502e+01 1.738621e+02 2.569447e+01 
5.053662e+05 4.183159e+06 1.545501e+03 -2.682299e-08 2.623558e-09 1.306556e-07 1.334063e-07 7.834478e+01 1.744137e+02 2.920594e+01 
5.053677e+05 4.183162e+06 1.545501e+03 -2.653136e-08 2.209622e-09 1.295680e-07 1.322749e-07 7.838866e+01 1.752392e+02 3.250502e+01 
5.053688e+05 4.183164e+06 1.545501e+03 -2.638185e-08 1.926606e-09 1.290020e-07 1.316861e-07 7.841202e+01 1.758232e+02 3.440177e+01 
5.053695e+05 4.183165e+06 1.545501e+03 -2.624622e-08 1.737788e-09 1.285183e-07 1.311825e-07 7.843309e+01 1.762119e+02 3.600708e+01 
5.053702e+05 4.183167e+06 1.545501e+03 -2.607067e-08 1.535392e-09 1.279123e-07 1.305511e-07 7.846052e+01 1.766295e+02 3.806029e+01 
5.053715e+05 4.183169e+06 1.545501e+03 -2.592689e-08 1.213468e-09 1.273893e-07 1.300066e-07 7.848375e+01 1.773203e+02 4.012339e+01 
5.053725e+05 4.183170e+06 1.545501e+03 -2.578565e-08 9.505754e-10 1.268997e-07 1.294965e-07 7.850645e+01 1.778888e+02 4.206202e+01 
5.053731e+05 4.183172e+06 1.545501e+03 -2.563219e-08 8.036153e-10 1.263971e-07 1.289725e-07 7.853091e+01 1.782043e+02 4.396952e+01 
5.053732e+05 4.183175e+06 1.545501e+03 -2.544688e-08 7.546368e-10 1.258094e-07 1.283593e-07 7.856043e+01 1.783014e+02 4.625121e+01 
5.053734e+05 4.183177e+06 1.545501e+03 -2.524056e-08 7.140332e-10 1.251552e-07 1.276770e-07 7.859343e+01 1.783796e+02 4.892883e+01 
5.053739e+05 4.183179e+06 1.545501e+03 -2.510350e-08 5.930072e-10 1.247078e-07 1.272108e-07 7.861546e+01 1.786468e+02 5.087570e+01 
5.053738e+05 4.183181e+06 1.545501e+03 -2.495350e-08 6.016723e-10 1.242306e-07 1.267134e-07 7.863924e+01 1.786188e+02 5.302838e+01 
5.053744e+05 4.183183e+06 1.545501e+03 -2.484000e-08 4.455483e-10 1.238506e-07 1.263178e-07 7.865721e+01 1.789724e+02 5.487540e+01 
5.053749e+05 4.183185e+06 1.545501e+03 -2.469894e-08 3.241140e-10 1.233821e-07 1.258304e-07 7.867906e+01 1.792482e+02 5.719304e+01 
5.053746e+05 4.183188e+06 1.545501e+03 -2.456160e-08 3.939823e-10 1.229305e-07 1.253608e-07 7.869963e+01 1.790810e+02 5.955443e+01 
5.053744e+05 4.183189e+06 1.545501e+03 -2.447589e-08 4.372272e-10 1.226437e-07 1.250629e-07 7.871206e+01 1.789766e+02 6.111958e+01 
5.053745e+05 4.183191e+06 1.545501e+03 -2.436855e-08 4.242937e-10 1.222714e-07 1.246768e-07 7.872704e+01 1.790025e+02 6.319502e+01 
5.053749e+05 4.183193e+06 1.545501e+03 -2.430583e-08 3.273811e-10 1.220423e-07 1.244395e-07 7.873541e+01 1.792283e+02 6.455714e+01 
5.053752e+05 4.183194e+06 1.545501e+03 -2.424385e-08 2.595618e-10 1.218143e-07 1.242037e-07 7.874327e+01 1.793866e+02 6.593101e+01 
5.053762e+05 4.183195e+06 1.545501e+03 -2.419103e-08 3.183588e-11 1.216124e-07 1.239951e-07 7.874962e+01 1.799246e+02 6.749700e+01 
5.053759e+05 4.183197e+06 1.545501e+03 -2.411753e-08 9.175853e-11 1.213333e-07 1.237071e-07 7.875772e+01 1.797820e+02 6.929172e+01 
5.053759e+05 4.183198e+06 1.545501e+03 -2.405463e-08 9.347365e-11 1.210846e-07 1.234508e-07 7.876384e+01 1.797774e+02 7.093375e+01 
5.053764e+05 4.183200e+06 1.545501e+03 -2.399705e-08 -7.428170e-12 1.208459e-07 1.232055e-07 7.876856e+01 -1.799823e+02 7.262516e+01 
5.053772e+05 4.183202e+06 1.545501e+03 -2.392897e-08 -2.068164e-10 1.205531e-07 1.229052e-07 7.877270e+01 -1.795048e+02 7.492696e+01 
5.053775e+05 4.183204e+06 1.545501e+03 -2.386601e-08 -2.573667e-10 1.202577e-07 1.226033e-07 7.877445e+01 -1.793822e+02 7.718037e+01 
5.053783e+05 4.183207e+06 1.545501e+03 -2.381350e-08 -4.442930e-10 1.199988e-07 1.223397e-07 7.877370e+01 -1.789311e+02 7.948909e+01 
5.053792e+05 4.183208e+06 1.545501e+03 -2.378578e-08 -6.383736e-10 1.198660e-07 1.222048e-07 7.877229e+01 -1.784626e+02 8.102207e+01 
5.053796e+05 4.183210e+06 1.545501e+03 -2.374594e-08 -7.019536e-10 1.196196e-07 1.219557e-07 7.876728e+01 -1.783068e+02 8.324161e+01 
5.053800e+05 4.183212e+06 1.545501e+03 -2.372138e-08 -8.003599e-10 1.194527e-07 1.217879e-07 7.876188e+01 -1.780676e+02 8.494116e+01 
5.053812e+05 4.183213e+06 1.545501e+03 -2.369913e-08 -1.043427e-09 1.193179e-07 1.216532e-07 7.875541e+01 -1.774790e+02 8.694708e+01 
5.053813e+05 4.183215e+06 1.545501e+03 -2.368218e-08 -1.063629e-09 1.191116e-07 1.214478e-07 7.874386e+01 -1.774284e+02 8.905913e+01 
5.053809e+05 4.183218e+06 1.545501e+03 -2.367524e-08 -9.749870e-10 1.188940e-07 1.212322e-07 7.872876e+01 -1.776418e+02 9.124541e+01 
5.053820e+05 4.183220e+06 1.545501e+03 -2.367103e-08 -1.194262e-09 1.187629e-07 1.211048e-07 7.871393e+01 -1.771117e+02 9.347366e+01 
5.053823e+05 4.183222e+06 1.545501e+03 -2.367820e-08 -1.240050e-09 1.185934e-07 1.209404e-07 7.869380e+01 -1.770021e+02 9.565355e+01 
5.053829e+05 4.183223e+06 1.545501e+03 -2.368221e-08 -1.356961e-09 1.185427e-07 1.208928e-07 7.868426e+01 -1.767206e+02 9.679860e+01 
5.053828e+05 4.183225e+06 1.545501e+03 -2.370185e-08 -1.332263e-09 1.183869e-07 1.207435e-07 7.866127e+01 -1.767828e+02 9.879789e+01 
5.053840e+05 4.183226e+06 1.545501e+03 -2.371611e-08 -1.566704e-09 1.183387e-07 1.207020e-07 7.864350e+01 -1.762205e+02 1.007518e+02 
5.053867e+05 4.183227e+06 1.545501e+03 -2.370530e-08 -2.139125e-09 1.184975e-07 1.208643e-07 7.864260e+01 -1.748437e+02 1.035650e+02 
5.053884e+05 4.183228e+06 1.545501e+03 -2.371066e-08 -2.489650e-09 1.185694e-07 1.209426e-07 7.863101e+01 -1.740058e+02 1.056521e+02 
5.053895e+05 4.183229e+06 1.545501e+03 -2.372542e-08 -2.696391e-09 1.185900e-07 1.209700e-07 7.861568e+01 -1.735162e+02 1.073063e+02 
5.053907e+05 4.183230e+06 1.545501e+03 -2.372191e-08 -2.952927e-09 1.186964e-07 1.210796e-07 7.861317e+01 -1.729043e+02 1.086161e+02 
5.053924e+05 4.183231e+06 1.545501e+03 -2.372777e-08 -3.293603e-09 1.188288e-07 1.212194e-07 7.860224e+01 -1.720974e+02 1.106090e+02 
5.053927e+05 4.183232e+06 1.545501e+03 -2.375008e-08 -3.350225e-09 1.188084e-07 1.212054e-07 7.858646e+01 -1.719707e+02 1.117330e+02 
5.053928e+05 4.183234e+06 1.545501e+03 -2.379352e-08 -3.348519e-09 1.187297e-07 1.211367e-07 7.855926e+01 -1.719892e+02 1.133783e+02 
5.053956e+05 4.183235e+06 1.545501e+03 -2.379018e-08 -3.943749e-09 1.190744e-07 1.214918e-07 7.855135e+01 -1.705876e+02 1.164429e+02 
5.053947e+05 4.183236e+06 1.545501e+03 -2.385503e-08 -3.726441e-09 1.188611e-07 1.212886e-07 7.851770e+01 -1.711215e+02 1.182755e+02 
5.053957e+05 4.183238e+06 1.545501e+03 -2.389209e-08 -3.929266e-09 1.189528e-07 1.213921e-07 7.849453e+01 -1.706608e+02 1.200628e+02 
5.053971e+05 4.183239e+06 1.545501e+03 -2.391154e-08 -4.203812e-09 1.191250e-07 1.215738e-07 7.848060e+01 -1.700289e+02 1.217589e+02 
5.053976e+05 4.183241e+06 1.545501e+03 -2.397787e-08 -4.284162e-09 1.191387e-07 1.216032e-07 7.844527e+01 -1.698698e+02 1.236359e+02 
5.053998e+05 4.183241e+06 1.545501e+03 -2.395246e-08 -4.776815e-09 1.195374e-07 1.220071e-07 7.845215e+01 -1.687215e+02 1.259096e+02 
5.054001e+05 4.183243e+06 1.545501e+03 -2.402815e-08 -4.803546e-09 1.195262e-07 1.220121e-07 7.841454e+01 -1.686948e+02 1.277039e+02 
5.054007e+05 4.183245e+06 1.545501e+03 -2.414561e-08 -4.881503e-09 1.195590e-07 1.220704e-07 7.835761e+01 -1.685706e+02 1.303288e+02 
5.054011e+05 4.183247e+06 1.545501e+03 -2.421864e-08 -4.962366e-09 1.196184e-07 1.221463e-07 7.832296e+01 -1.684204e+02 1.319264e+02 
5.054014e+05 4.183249e+06 1.545501e+03 -2.432170e-08 -4.973347e-09 1.196194e-07 1.221683e-07 7.827567e+01 -1.684434e+02 1.337913e+02 
5.054015e+05 4.183250e+06 1.545501e+03 -2.440879e-08 -4.970107e-09 1.196148e-07 1.221810e-07 7.823634e+01 -1.684908e+02 1.352497e+02 
5.054019e+05 4.183252e+06 1.545501e+03 -2.450546e-08 -5.038868e-09 1.196838e-07 1.222707e-07 7.819316e+01 -1.683807e+02 1.369434e+02 
5.054018e+05 4.183253e+06 1.545501e+03 -2.462011e-08 -4.982258e-09 1.196402e-07 1.222487e-07 7.814264e+01 -1.685598e+02 1.385889e+02 
5.054013e+05 4.183255e+06 1.545501e+03 -2.474573e-08 -4.838439e-09 1.195186e-07 1.221493e-07 7.808724e+01 -1.689367e+02 1.402659e+02 
5.054023e+05 4.183257e+06 1.545501e+03 -2.488484e-08 -5.016272e-09 1.197184e-07 1.223802e-07 7.802818e+01 -1.686031e+02 1.425849e+02 
5.054023e+05 4.183259e+06 1.545501e+03 -2.501380e-08 -4.975192e-09 1.197070e-07 1.223937e-07 7.797286e+01 -1.687508e+02 1.441713e+02 
5.054034e+05 4.183260e+06 1.545501e+03 -2.510689e-08 -5.189480e-09 1.199530e-07 1.226621e-07 7.793566e+01 -1.683217e+02 1.459531e+02 
5.054041e+05 4.183261e+06 1.545501e+03 -2.515632e-08 -5.322333e-09 1.201092e-07 1.228307e-07 7.791642e+01 -1.680541e+02 1.469585e+02 
5.054049e+05 4.183262e+06 1.545501e+03 -2.527981e-08 -5.457944e-09 1.202986e-07 1.230472e-07 7.786699e+01 -1.678168e+02 1.487142e+02 
5.054068e+05 4.183263e+06 1.545501e+03 -2.531720e-08 -5.883287e-09 1.207954e-07 1.235601e-07 7.785669e+01 -1.669176e+02 1.508990e+02 
5.054097e+05 4.183266e+06 1.545501e+03 -2.548544e-08 -6.492457e-09 1.216051e-07 1.244165e-07 7.779664e+01 -1.657078e+02 1.547376e+02 
5.054110e+05 4.183267e+06 1.545501e+03 -2.555124e-08 -6.761880e-09 1.219786e-07 1.248093e-07 7.777392e+01 -1.651770e+02 1.563237e+02 
5.054118e+05 4.183268e+06 1.545501e+03 -2.568201e-08 -6.927153e-09 1.222615e-07 1.251217e-07 7.772572e+01 -1.649050e+02 1.580484e+02 
5.054119e+05 4.183270e+06 1.545501e+03 -2.585988e-08 -6.894109e-09 1.223160e-07 1.252097e-07 7.765803e+01 -1.650724e+02 1.597138e+02 
5.054125e+05 4.183272e+06 1.545501e+03 -2.602874e-08 -6.992553e-09 1.225429e-07 1.254717e-07 7.759606e+01 -1.649627e+02 1.614858e+02 
5.054120e+05 4.183274e+06 1.545501e+03 -2.630557e-08 -6.804310e-09 1.224522e-07 1.254305e-07 7.748914e+01 -1.654975e+02 1.637563e+02 
5.054100e+05 4.183275e+06 1.545501e+03 -2.649927e-08 -6.289575e-09 1.218817e-07 1.248876e-07 7.740373e+01 -1.666480e+02 1.660495e+02 
5.054102e+05 4.183277e+06 1.545501e+03 -2.675609e-08 -6.290575e-09 1.220301e-07 1.250872e-07 7.730672e+01 -1.667696e+02 1.681422e+02 
5.054102e+05 4.183277e+06 1.545501e+03 -2.675167e-08 -6.281690e-09 1.220158e-07 1.250718e-07 7.730811e+01 -1.667855e+02 1.682044e+02 
5.054098e+05 4.183278e+06 1.545501e+03 -2.694265e-08 -6.153324e-09 1.219569e-07 1.250490e-07 7.723196e+01 -1.671351e+02 1.696096e+02 
5.054083e+05 4.183281e+06 1.545501e+03 -2.743175e-08 -5.727686e-09 1.216804e-07 1.248656e-07 7.703076e+01 -1.682062e+02 1.731167e+02 
5.054108e+05 4.183283e+06 1.545501e+03 -2.760394e-08 -6.223291e-09 1.224491e-07 1.256761e-07 7.698793e+01 -1.672951e+02 1.760754e+02 
5.054117e+05 4.183284e+06 1.545501e+03 -2.770247e-08 -6.412911e-09 1.227739e-07 1.260237e-07 7.695993e+01 -1.669660e+02 1.773472e+02 
5.054096e+05 4.183285e+06 1.545501e+03 -2.792129e-08 -5.900589e-09 1.222026e-07 1.254906e-07 7.685530e+01 -1.680673e+02 1.796748e+02 
5.054101e+05 4.183287e+06 1.545501e+03 -2.817634e-08 -5.963379e-09 1.224463e-07 1.257878e-07 7.676409e+01 -1.680500e+02 1.814633e+02 
5.054103e+05 4.183288e+06 1.545501e+03 -2.842096e-08 -5.939429e-09 1.225664e-07 1.259585e-07 7.667279e+01 -1.681962e+02 1.829765e+02 
5.054108e+05 4.183290e+06 1.545501e+03 -2.867835e-08 -6.018077e-09 1.228411e-07 1.262878e-07 7.658318e+01 -1.681486e+02 1.847136e+02 
5.054119e+05 4.183291e+06 1.545501e+03 -2.887161e-08 -6.208432e-09 1.232403e-07 1.267292e-07 7.652453e+01 -1.678642e+02 1.863904e+02 
5.054140e+05 4.183291e+06 1.545501e+03 -2.886389e-08 -6.674550e-09 1.239208e-07 1.274129e-07 7.655474e+01 -1.669797e+02 1.884935e+02 
5.054143e+05 4.183293e+06 1.545501e+03 -2.911375e-08 -6.688827e-09 1.241143e-07 1.276586e-07 7.646726e+01 -1.670609e+02 1.899643e+02 
5.054152e+05 4.183294e+06 1.545501e+03 -2.932594e-08 -6.868209e-09 1.245348e-07 1.281254e-07 7.640377e+01 -1.668188e+02 1.916195e+02 
5.054163e+05 4.183296e+06 1.545501e+03 -2.952832e-08 -7.090471e-09 1.250219e-07 1.286572e-07 7.634732e+01 -1.664975e+02 1.933386e+02 
5.054171e+05 4.183297e+06 1.545501e+03 -2.975263e-08 -7.225638e-09 1.253962e-07 1.290799e-07 7.627880e+01 -1.663496e+02 1.948557e+02 
5.054186e+05 4.183298e+06 1.545501e+03 -3.000453e-08 -7.536451e-09 1.260758e-07 1.298160e-07 7.621313e+01 -1.659003e+02 1.970284e+02 
5.054201e+05 4.183301e+06 1.545501e+03 -3.041980e-08 -7.809753e-09 1.268321e-07 1.306627e-07 7.609211e+01 -1.656013e+02 1.997555e+02 
5.054212e+05 4.183303e+06 1.545501e+03 -3.092413e-08 -7.985323e-09 1.275105e-07 1.314496e-07 7.593802e+01 -1.655212e+02 2.025419e+02 
5.054223e+05 4.183305e+06 1.545501e+03 -3.119388e-08 -8.227746e-09 1.281254e-07 1.321244e-07 7.586726e+01 -1.652241e+02 2.043886e+02 
5.054229e+05 4.183306e+06 1.545501e+03 -3.156580e-08 -8.302046e-09 1.285454e-07 1.326244e-07 7.575296e+01 -1.652645e+02 2.062066e+02 
5.054238e+05 4.183308e+06 1.545501e+03 -3.190840e-08 -8.458594e-09 1.290846e-07 1.332386e-07 7.565530e+01 -1.651530e+02 2.080318e+02 
5.054246e+05 4.183310e+06 1.545501e+03 -3.231551e-08 -8.602059e-09 1.296583e-07 1.339013e-07 7.553774e+01 -1.650941e+02 2.100417e+02 
5.054255e+05 4.183312e+06 1.545501e+03 -3.279112e-08 -8.741426e-09 1.302855e-07 1.346327e-07 7.540023e+01 -1.650733e+02 2.122547e+02 
5.054265e+05 4.183314e+06 1.545501e+03 -3.329433e-08 -8.896485e-09 1.309676e-07 1.354259e-07 7.525755e+01 -1.650397e+02 2.145339e+02 
5.054278e+05 4.183316e+06 1.545501e+03 -3.374306e-08 -9.179832e-09 1.318345e-07 1.363935e-07 7.514424e+01 -1.647810e+02 2.168454e+02 
5.054288e+05 4.183318e+06 1.545501e+03 -3.426316e-08 -9.367451e-09 1.325985e-07 1.372737e-07 7.500365e+01 -1.647092e+02 2.191083e+02 
5.054300e+05 4.183320e+06 1.545501e+03 -3.469326e-08 -9.633995e-09 1.334307e-07 1.382034e-07 7.489852e+01 -1.644805e+02 2.211803e+02 
5.054312e+05 4.183321e+06 1.545501e+03 -3.512038e-08 -9.936783e-09 1.343282e-07 1.391986e-07 7.479886e+01 -1.642019e+02 2.232723e+02 
5.054319e+05 4.183323e+06 1.545501e+03 -3.559377e-08 -1.004441e-08 1.349214e-07 1.398985e-07 7.467095e+01 -1.642412e+02 2.250348e+02 
5.054328e+05 4.183325e+06 1.545501e+03 -3.605588e-08 -1.024276e-08 1.356679e-07 1.407505e-07 7.455550e+01 -1.641412e+02 2.268908e+02 
5.054348e+05 4.183326e+06 1.545501e+03 -3.654731e-08 -1.078926e-08 1.370599e-07 1.422587e-07 7.446253e+01 -1.635527e+02 2.295877e+02 
5.054368e+05 4.183327e+06 1.545501e+03 -3.674540e-08 -1.148910e-08 1.384645e-07 1.437173e-07 7.446157e+01 -1.626372e+02 2.318938e+02 
5.054384e+05 4.183328e+06 1.545501e+03 -3.669226e-08 -1.212554e-08 1.395261e-07 1.447788e-07 7.451911e+01 -1.617130e+02 2.335234e+02 
5.054392e+05 4.183329e+06 1.545501e+03 -3.720763e-08 -1.229340e-08 1.402671e-07 1.456379e-07 7.439143e+01 -1.617164e+02 2.353038e+02 
5.054397e+05 4.183330e+06 1.545501e+03 -3.747928e-08 -1.245207e-08 1.407786e-07 1.462134e-07 7.432920e+01 -1.616215e+02 2.363412e+02 
5.054408e+05 4.183332e+06 1.545501e+03 -3.793647e-08 -1.280939e-08 1.417930e-07 1.473381e-07 7.423095e+01 -1.613426e+02 2.382151e+02 
5.054413e+05 4.183333e+06 1.545501e+03 -3.834223e-08 -1.290332e-08 1.423086e-07 1.479472e-07 7.413072e+01 -1.614004e+02 2.394675e+02 
5.054428e+05 4.183334e+06 1.545501e+03 -3.859907e-08 -1.350079e-08 1.435512e-07 1.492619e-07 7.409985e+01 -1.607217e+02 2.412849e+02 
5.054442e+05 4.183335e+06 1.545501e+03 -3.872845e-08 -1.412337e-08 1.447114e-07 1.504685e-07 7.409957e+01 -1.599643e+02 2.428526e+02 
5.054451e+05 4.183335e+06 1.545501e+03 -3.892948e-08 -1.448419e-08 1.454880e-07 1.513012e-07 7.406601e+01 -1.595917e+02 2.439705e+02 
5.054462e+05 4.183336e+06 1.545501e+03 -3.922768e-08 -1.498333e-08 1.465723e-07 1.524688e-07 7.401341e+01 -1.590952e+02 2.455183e+02 
5.054477e+05 4.183337e+06 1.545501e+03 -3.917136e-08 -1.575850e-08 1.477818e-07 1.536951e-07 7.405497e+01 -1.580853e+02 2.469844e+02 
5.054488e+05 4.183337e+06 1.545501e+03 -3.912001e-08 -1.639563e-08 1.487545e-07 1.546839e-07 7.408467e+01 -1.572609e+02 2.481270e+02 
5.054496e+05 4.183337e+06 1.545501e+03 -3.924395e-08 -1.684031e-08 1.495657e-07 1.555429e-07 7.406468e+01 -1.567749e+02 2.491184e+02 
5.054507e+05 4.183338e+06 1.545501e+03 -3.939277e-08 -1.742548e-08 1.506101e-07 1.566487e-07 7.403936e+01 -1.561377e+02 2.503611e+02 
5.054538e+05 4.183339e+06 1.545501e+03 -3.935966e-08 -1.943283e-08 1.536242e-07 1.597724e-07 7.405361e+01 -1.537233e+02 2.535700e+02 
5.054561e+05 4.183338e+06 1.545501e+03 -3.879482e-08 -2.126048e-08 1.557820e-07 1.619416e-07 7.414667e+01 -1.512762e+02 2.559534e+02 
5.054583e+05 4.183340e+06 1.545501e+03 -3.908411e-08 -2.296807e-08 1.584341e-07 1.647922e-07 7.403244e+01 -1.495591e+02 2.586392e+02 
5.054332e+05 4.183356e+06 1.545501e+03 -5.135802e-08 -7.419986e-09 1.424821e-07 1.516372e-07 6.998863e+01 -1.717790e+02 2.888399e+02 
5.054311e+05 4.183353e+06 1.545501e+03 -4.914643e-08 -7.203267e-09 1.403421e-07 1.488730e-07 7.050952e+01 -1.716617e+02 2.931717e+02 
5.054309e+05 4.183351e+06 1.545501e+03 -4.808248e-08 -7.325174e-09 1.397848e-07 1.480047e-07 7.081497e+01 -1.713378e+02 2.949700e+02 
5.054304e+05 4.183348e+06 1.545501e+03 -4.638977e-08 -7.459885e-09 1.387577e-07 1.464970e-07 7.129302e+01 -1.708645e+02 2.980614e+02 
5.054304e+05 4.183346e+06 1.545501e+03 -4.538907e-08 -7.644432e-09 1.383560e-07 1.458115e-07 7.159874e+01 -1.704400e+02 2.998929e+02 
5.054298e+05 4.183344e+06 1.545501e+03 -4.452490e-08 -7.638264e-09 1.376662e-07 1.448889e-07 7.183269e+01 -1.702656e+02 3.017394e+02 
5.054291e+05 4.183342e+06 1.545501e+03 -4.369152e-08 -7.598332e-09 1.369307e-07 1.439330e-07 7.205459e+01 -1.701344e+02 3.036463e+02 
5.054297e+05 4.183340e+06 1.545501e+03 -4.264641e-08 -7.953330e-09 1.368107e-07 1.435240e-07 7.240656e+01 -1.694360e+02 3.057892e+02 
5.054293e+05 4.183339e+06 1.545501e+03 -4.189457e-08 -7.974971e-09 1.362541e-07 1.427723e-07 7.262013e+01 -1.692222e+02 3.075387e+02 
5.054293e+05 4.183337e+06 1.545501e+03 -4.128908e-08 -8.080178e-09 1.359751e-07 1.423352e-07 7.280732e+01 -1.689273e+02 3.088919e+02 
5.054297e+05 4.183336e+06 1.545501e+03 -4.081093e-08 -8.276560e-09 1.359709e-07 1.422045e-07 7.297254e+01 -1.685358e+02 3.099811e+02 
5.054315e+05 4.183336e+06 1.545501e+03 -4.031261e-08 -8.906588e-09 1.367704e-07 1.428656e-07 7.320331e+01 -1.675413e+02 3.119751e+02 
5.054332e+05 4.183335e+06 1.545501e+03 -3.992379e-08 -9.501281e-09 1.375687e-07 1.435595e-07 7.338937e+01 -1.666135e+02 3.137316e+02 
5.054352e+05 4.183334e+06 1.545501e+03 -3.955072e-08 -1.026052e-08 1.386611e-07 1.445560e-07 7.358107e+01 -1.654566e+02 3.158266e+02 
5.054372e+05 4.183334e+06 1.545501e+03 -3.902381e-08 -1.108804e-08 1.397142e-07 1.454849e-07 7.380841e+01 -1.641383e+02 3.179838e+02 
5.054397e+05 4.183333e+06 1.545501e+03 -3.873209e-08 -1.212468e-08 1.412990e-07 1.470122e-07 7.397427e+01 -1.626178e+02 3.204795e+02 
