# 1, 2, 3, 4   , 5   , 6   , 7   , 8   , 9   , 10  
# x, y, z, Bx_si, By_si, Bz_si, In_si, Ic_si, Dc_si, dmeas 
5.017307e+05 4.171089e+06 1.610039e+03 -4.957954e-07 1.956064e-07 4.931694e-07 7.261481e-07 -4.277789e+01 -6.846925e+01 0.000000e+00 
5.017320e+05 4.171090e+06 1.609790e+03 -2.888658e-07 3.455336e-07 6.624809e-07 8.010730e-07 -5.579097e+01 -3.989559e+01 1.784959e+00 
5.017326e+05 4.171091e+06 1.609743e+03 -1.786568e-07 4.621744e-07 6.951033e-07 8.536346e-07 -5.451689e+01 -2.113437e+01 2.920910e+00 
5.017346e+05 4.171092e+06 1.609717e+03 -2.008418e-08 5.436722e-07 5.522623e-07 7.752267e-07 -4.542956e+01 -2.115642e+00 5.015343e+00 
5.017368e+05 4.171093e+06 1.609917e+03 2.376704e-08 6.250576e-07 3.337418e-07 7.089749e-07 -2.808225e+01 2.177552e+00 7.493052e+00 
5.017379e+05 4.171093e+06 1.609987e+03 4.207625e-08 6.736762e-07 2.279378e-07 7.124364e-07 -1.865937e+01 3.573919e+00 8.719226e+00 
5.017393e+05 4.171095e+06 1.610349e+03 1.252888e-07 7.520732e-07 4.337180e-08 7.636704e-07 -3.255801e+00 9.458117e+00 1.087796e+01 
5.017409e+05 4.171096e+06 1.610691e+03 2.070404e-07 8.613171e-07 -2.588077e-07 9.228837e-07 1.628609e+01 1.351613e+01 1.270049e+01 
5.017420e+05 4.171097e+06 1.611176e+03 1.810931e-07 8.423779e-07 -6.055243e-07 1.053117e-06 3.509844e+01 1.213270e+01 1.433582e+01 
5.017432e+05 4.171098e+06 1.611805e+03 -1.019216e-07 6.454702e-07 -8.235133e-07 1.051282e-06 5.156758e+01 -8.973078e+00 1.609878e+01 
5.017448e+05 4.171100e+06 1.611888e+03 -5.370032e-07 3.847634e-07 -7.815117e-07 1.023316e-06 4.979193e+01 -5.437835e+01 1.836947e+01 
5.017462e+05 4.171101e+06 1.611687e+03 -7.977362e-07 2.262724e-07 -5.614827e-07 1.001422e-06 3.410323e+01 -7.416437e+01 2.014572e+01 
5.017472e+05 4.171102e+06 1.611523e+03 -8.960599e-07 1.596648e-07 -3.970673e-07 9.930149e-07 2.356945e+01 -7.989676e+01 2.123105e+01 
5.017487e+05 4.171102e+06 1.611247e+03 -1.013284e-06 1.243375e-07 -1.613705e-07 1.033559e-06 8.982391e+00 -8.300435e+01 2.277289e+01 
5.017489e+05 4.171103e+06 1.611138e+03 -1.020113e-06 1.547768e-07 -2.653168e-08 1.032129e-06 1.472995e+00 -8.137259e+01 2.383888e+01 
5.017500e+05 4.171104e+06 1.610628e+03 -1.067161e-06 2.051186e-07 2.503283e-07 1.115154e-06 -1.297222e+01 -7.911989e+01 2.521519e+01 
5.017511e+05 4.171106e+06 1.610277e+03 -8.940106e-07 3.039145e-07 4.665689e-07 1.053236e-06 -2.629457e+01 -7.122479e+01 2.721156e+01 
5.017529e+05 4.171107e+06 1.609818e+03 -6.510106e-07 4.001292e-07 5.884137e-07 9.644423e-07 -3.759729e+01 -5.842396e+01 2.942741e+01 
5.017539e+05 4.171108e+06 1.609666e+03 -4.759665e-07 3.717795e-07 6.501108e-07 8.873603e-07 -4.710772e+01 -5.200645e+01 3.077011e+01 
5.017554e+05 4.171109e+06 1.609480e+03 -1.895633e-07 3.925725e-07 7.479408e-07 8.657152e-07 -5.976383e+01 -2.577472e+01 3.267952e+01 
5.017572e+05 4.171109e+06 1.609209e+03 4.030274e-08 5.418367e-07 8.560168e-07 1.013892e-06 -5.759577e+01 4.253925e+00 3.443055e+01 
5.017585e+05 4.171110e+06 1.609168e+03 4.184743e-07 6.597468e-07 9.026745e-07 1.193821e-06 -4.912353e+01 3.238676e+01 3.605762e+01 
5.017605e+05 4.171110e+06 1.609736e+03 7.991732e-07 8.247518e-07 4.238172e-07 1.224138e-06 -2.025609e+01 4.409761e+01 3.807532e+01 
5.017615e+05 4.171113e+06 1.610575e+03 8.542225e-07 9.696116e-07 8.876726e-08 1.295269e-06 -3.929669e+00 4.137987e+01 4.067109e+01 
5.017635e+05 4.171114e+06 1.611532e+03 5.077983e-07 1.149438e-06 -5.601659e-07 1.375809e-06 2.402616e+01 2.383487e+01 4.298730e+01 
5.017654e+05 4.171113e+06 1.611409e+03 8.187383e-08 1.114601e-06 -6.594010e-07 1.297632e-06 3.054116e+01 4.201158e+00 4.496619e+01 
5.017666e+05 4.171114e+06 1.611595e+03 -1.209286e-07 1.131818e-06 -7.088097e-07 1.340913e-06 3.191107e+01 -6.098607e+00 4.645463e+01 
5.017680e+05 4.171116e+06 1.612026e+03 -3.412588e-07 1.093169e-06 -8.446242e-07 1.422978e-06 3.641012e+01 -1.733700e+01 4.860010e+01 
5.017693e+05 4.171116e+06 1.612099e+03 -5.196814e-07 1.023339e-06 -8.481088e-07 1.427088e-06 3.646227e+01 -2.692279e+01 4.999314e+01 
5.017704e+05 4.171117e+06 1.612251e+03 -6.432534e-07 8.696310e-07 -8.425117e-07 1.371080e-06 3.791472e+01 -3.648979e+01 5.158459e+01 
5.017719e+05 4.171119e+06 1.612324e+03 -7.011968e-07 6.776663e-07 -6.894227e-07 1.194241e-06 3.526011e+01 -4.597767e+01 5.363782e+01 
5.017726e+05 4.171120e+06 1.612328e+03 -6.909487e-07 6.379192e-07 -5.697417e-07 1.099526e-06 3.120961e+01 -4.728522e+01 5.500955e+01 
5.017735e+05 4.171120e+06 1.612245e+03 -7.346635e-07 6.673179e-07 -5.081604e-07 1.115020e-06 2.711262e+01 -4.775015e+01 5.601082e+01 
5.017753e+05 4.171120e+06 1.611837e+03 -8.680873e-07 7.018479e-07 -3.573729e-07 1.172127e-06 1.775171e+01 -5.104449e+01 5.777422e+01 
5.017763e+05 4.171121e+06 1.611710e+03 -8.706817e-07 7.670868e-07 -2.634143e-07 1.189914e-06 1.278966e+01 -4.861935e+01 5.907390e+01 
5.017774e+05 4.171122e+06 1.611639e+03 -8.924184e-07 8.248326e-07 -2.449778e-07 1.239667e-06 1.139757e+01 -4.725382e+01 6.041970e+01 
