# 1, 2, 3, 4   , 5   , 6   , 7   , 8   , 9   , 10  
# x, y, z, Bx_si, By_si, Bz_si, In_si, Ic_si, Dc_si, dmeas 
5.017307e+05 4.171089e+06 1.612896e+03 -3.878563e-07 1.425941e-08 1.369493e-06 1.423428e-06 7.417711e+01 1.778945e+02 0.000000e+00 
5.017320e+05 4.171090e+06 1.612896e+03 -3.894050e-07 1.082217e-08 1.363860e-06 1.418404e-06 7.405923e+01 1.784081e+02 1.784959e+00 
5.017326e+05 4.171091e+06 1.612896e+03 -3.906329e-07 9.259712e-09 1.359629e-06 1.414662e-06 7.396592e+01 1.786421e+02 2.920910e+00 
5.017346e+05 4.171092e+06 1.612896e+03 -3.914513e-07 4.221071e-09 1.356867e-06 1.412211e-06 7.390645e+01 1.793822e+02 5.015343e+00 
5.017368e+05 4.171093e+06 1.612896e+03 -3.929162e-07 -1.249519e-09 1.352215e-06 1.408144e-06 7.379752e+01 -1.798178e+02 7.493052e+00 
5.017379e+05 4.171093e+06 1.612896e+03 -3.935475e-07 -4.002050e-09 1.350315e-06 1.406501e-06 7.375051e+01 -1.794174e+02 8.719226e+00 
5.017393e+05 4.171095e+06 1.612896e+03 -3.957901e-07 -7.140769e-09 1.343929e-06 1.401017e-06 7.358766e+01 -1.789664e+02 1.087796e+01 
5.017409e+05 4.171096e+06 1.612896e+03 -3.967581e-07 -1.111611e-08 1.341449e-06 1.398937e-06 7.351733e+01 -1.783951e+02 1.270049e+01 
5.017420e+05 4.171097e+06 1.612896e+03 -3.983973e-07 -1.363325e-08 1.337391e-06 1.395536e-06 7.340248e+01 -1.780401e+02 1.433582e+01 
5.017432e+05 4.171098e+06 1.612896e+03 -4.001182e-07 -1.645317e-08 1.333480e-06 1.392312e-06 7.328450e+01 -1.776453e+02 1.609878e+01 
5.017448e+05 4.171100e+06 1.612896e+03 -4.023091e-07 -2.014958e-08 1.328999e-06 1.388703e-06 7.313819e+01 -1.771327e+02 1.836947e+01 
5.017462e+05 4.171101e+06 1.612896e+03 -4.036898e-07 -2.347848e-08 1.326574e-06 1.386837e-06 7.304751e+01 -1.766714e+02 2.014572e+01 
5.017472e+05 4.171102e+06 1.612896e+03 -4.043514e-07 -2.568627e-08 1.325589e-06 1.386126e-06 7.300422e+01 -1.763652e+02 2.123105e+01 
5.017487e+05 4.171102e+06 1.612896e+03 -4.048961e-07 -2.910957e-08 1.325096e-06 1.385881e-06 7.296763e+01 -1.758879e+02 2.277289e+01 
5.017489e+05 4.171103e+06 1.612896e+03 -4.065439e-07 -2.943526e-08 1.322203e-06 1.383606e-06 7.286654e+01 -1.758588e+02 2.383888e+01 
5.017500e+05 4.171104e+06 1.612896e+03 -4.076148e-07 -3.199490e-08 1.320882e-06 1.382715e-06 7.280050e+01 -1.755119e+02 2.521519e+01 
5.017511e+05 4.171106e+06 1.612896e+03 -4.101891e-07 -3.431884e-08 1.317362e-06 1.380173e-06 7.264810e+01 -1.752174e+02 2.721156e+01 
5.017529e+05 4.171107e+06 1.612896e+03 -4.121744e-07 -3.819331e-08 1.315547e-06 1.379133e-06 7.253368e+01 -1.747059e+02 2.942741e+01 
5.017539e+05 4.171108e+06 1.612896e+03 -4.135671e-07 -4.033830e-08 1.314346e-06 1.378467e-06 7.245569e+01 -1.744291e+02 3.077011e+01 
5.017554e+05 4.171109e+06 1.612896e+03 -4.151398e-07 -4.384429e-08 1.313565e-06 1.378302e-06 7.236983e+01 -1.739712e+02 3.267952e+01 
5.017572e+05 4.171109e+06 1.612896e+03 -4.149889e-07 -4.807144e-08 1.315267e-06 1.380019e-06 7.237876e+01 -1.733924e+02 3.443055e+01 
5.017585e+05 4.171110e+06 1.612896e+03 -4.162698e-07 -5.113136e-08 1.315052e-06 1.380310e-06 7.231140e+01 -1.729973e+02 3.605762e+01 
5.017605e+05 4.171110e+06 1.612896e+03 -4.159970e-07 -5.614084e-08 1.317490e-06 1.382745e-06 7.232749e+01 -1.723141e+02 3.807532e+01 
5.017615e+05 4.171113e+06 1.612896e+03 -4.204937e-07 -5.763955e-08 1.313935e-06 1.380783e-06 7.209857e+01 -1.721948e+02 4.067109e+01 
5.017635e+05 4.171114e+06 1.612896e+03 -4.218958e-07 -6.248154e-08 1.315310e-06 1.382729e-06 7.203439e+01 -1.715759e+02 4.298730e+01 
5.017654e+05 4.171113e+06 1.612896e+03 -4.195155e-07 -6.777540e-08 1.320140e-06 1.386851e-06 7.215655e+01 -1.708228e+02 4.496619e+01 
5.017666e+05 4.171114e+06 1.612896e+03 -4.206656e-07 -7.073780e-08 1.320966e-06 1.388133e-06 7.210349e+01 -1.704546e+02 4.645463e+01 
5.017680e+05 4.171116e+06 1.612896e+03 -4.234520e-07 -7.382551e-08 1.320949e-06 1.389125e-06 7.197501e+01 -1.701103e+02 4.860010e+01 
5.017693e+05 4.171116e+06 1.612896e+03 -4.241338e-07 -7.702082e-08 1.322621e-06 1.391096e-06 7.194811e+01 -1.697075e+02 4.999314e+01 
5.017704e+05 4.171117e+06 1.612896e+03 -4.261992e-07 -7.945085e-08 1.323130e-06 1.392347e-06 7.185792e+01 -1.694403e+02 5.158459e+01 
5.017719e+05 4.171119e+06 1.612896e+03 -4.285260e-07 -8.308937e-08 1.324630e-06 1.394698e-06 7.176133e+01 -1.690268e+02 5.363782e+01 
5.017726e+05 4.171120e+06 1.612896e+03 -4.310232e-07 -8.436536e-08 1.324559e-06 1.395477e-06 7.165532e+01 -1.689254e+02 5.500955e+01 
5.017735e+05 4.171120e+06 1.612896e+03 -4.314932e-07 -8.680323e-08 1.326278e-06 1.397403e-06 7.164110e+01 -1.686257e+02 5.601082e+01 
5.017753e+05 4.171120e+06 1.612896e+03 -4.302924e-07 -9.221347e-08 1.331004e-06 1.401865e-06 7.170486e+01 -1.679042e+02 5.777422e+01 
5.017763e+05 4.171121e+06 1.612896e+03 -4.314706e-07 -9.501375e-08 1.332914e-06 1.404227e-06 7.166169e+01 -1.675812e+02 5.907390e+01 
5.017774e+05 4.171122e+06 1.612896e+03 -4.328630e-07 -9.780094e-08 1.334866e-06 1.406699e-06 7.161069e+01 -1.672684e+02 6.041970e+01 
