# 1      , 2      , 3      , 4    , 5     , 6      , 7      , 8      ,                    9              , 10  , 11  , 12  , 13    , 14      
# IGRF_In, IGRF_Ic, IGRF_Dc, dmeas, height, In_siB0, Ic_siB0, Dc_siB0,                    height m (-poh), In_m, Ic_m, Dc_m, min hP, max hP  
4.515490e-05 5.338396e+01 3.320776e+00 0.000000e+00 1.610039e+03 4.486330e-05 5.283270e+01 2.250444e+00 1.608800e+03 4.558949e+01 5.573350e+01 1.192015e+00 1.609168e+03 1.612328e+03 
4.515490e-05 5.338396e+01 3.320776e+00 1.784959e+00 1.609790e+03 4.482482e-05 5.254032e+01 2.672629e+00 1.609300e+03 4.461398e+01 5.576463e+01 6.175329e-01 1.609168e+03 1.612328e+03 
4.515490e-05 5.338396e+01 3.320776e+00 2.920910e+00 1.609743e+03 4.487319e-05 5.239149e+01 2.891586e+00 1.609600e+03 4.383340e+01 5.581105e+01 1.344289e+00 1.609168e+03 1.612328e+03 
4.515490e-05 5.338396e+01 3.320776e+00 5.015343e+00 1.609717e+03 4.504117e-05 5.241186e+01 3.213286e+00 1.609700e+03 4.393711e+01 5.477402e+01 2.137239e+00 1.609168e+03 1.612328e+03 
4.515490e-05 5.338396e+01 3.320776e+00 7.493052e+00 1.609917e+03 4.526546e-05 5.249658e+01 3.294829e+00 1.609700e+03 4.440189e+01 5.439523e+01 2.975800e+00 1.609168e+03 1.612328e+03 
4.515490e-05 5.338396e+01 3.320776e+00 8.719226e+00 1.609987e+03 4.537960e-05 5.252823e+01 3.326965e+00 1.610000e+03 4.467114e+01 5.361377e+01 2.813380e+00 1.609168e+03 1.612328e+03 
4.515490e-05 5.338396e+01 3.320776e+00 1.087796e+01 1.610349e+03 4.557672e-05 5.258637e+01 3.489439e+00 1.609700e+03 4.469933e+01 5.399017e+01 3.012219e+00 1.609168e+03 1.612328e+03 
4.515490e-05 5.338396e+01 3.320776e+00 1.270049e+01 1.610691e+03 4.588616e-05 5.270244e+01 3.643885e+00 1.609400e+03 4.528953e+01 5.425924e+01 2.848354e+00 1.609168e+03 1.612328e+03 
4.515490e-05 5.338396e+01 3.320776e+00 1.433582e+01 1.611176e+03 4.615008e-05 5.298356e+01 3.592968e+00 1.610000e+03 4.529276e+01 5.441747e+01 2.007010e+00 1.609168e+03 1.612328e+03 
4.515490e-05 5.338396e+01 3.320776e+00 1.609878e+01 1.611805e+03 4.619693e-05 5.335720e+01 3.031630e+00 1.608900e+03 4.486449e+01 5.427883e+01 3.040385e+00 1.609168e+03 1.612328e+03 
4.515490e-05 5.338396e+01 3.320776e+00 1.836947e+01 1.611888e+03 4.599648e-05 5.360594e+01 2.148405e+00 1.609100e+03 4.574571e+01 5.375686e+01 3.742693e+00 1.609168e+03 1.612328e+03 
4.515490e-05 5.338396e+01 3.320776e+00 2.014572e+01 1.611687e+03 4.572031e-05 5.361075e+01 1.610579e+00 1.609700e+03 4.659152e+01 5.427024e+01 3.012246e+00 1.609168e+03 1.612328e+03 
4.515490e-05 5.338396e+01 3.320776e+00 2.123105e+01 1.611523e+03 4.554693e-05 5.355810e+01 1.406402e+00 1.609700e+03 4.775808e+01 5.495697e+01 2.616600e+00 1.609168e+03 1.612328e+03 
4.515490e-05 5.338396e+01 3.320776e+00 2.277289e+01 1.611247e+03 4.533492e-05 5.341973e+01 1.159717e+00 1.609900e+03 4.694172e+01 5.615684e+01 1.346506e+00 1.609168e+03 1.612328e+03 
4.515490e-05 5.338396e+01 3.320776e+00 2.383888e+01 1.611138e+03 4.524482e-05 5.328716e+01 1.143949e+00 1.609800e+03 4.582936e+01 5.701364e+01 -7.124104e-01 1.609168e+03 1.612328e+03 
4.515490e-05 5.338396e+01 3.320776e+00 2.521519e+01 1.610628e+03 4.505289e-05 5.302628e+01 1.042363e+00 1.609600e+03 4.480515e+01 5.584351e+01 -6.783739e-01 1.609168e+03 1.612328e+03 
4.515490e-05 5.338396e+01 3.320776e+00 2.721156e+01 1.610277e+03 4.494227e-05 5.275610e+01 1.403260e+00 1.609400e+03 4.498182e+01 5.526353e+01 -8.256533e-01 1.609168e+03 1.612328e+03 
4.515490e-05 5.338396e+01 3.320776e+00 2.942741e+01 1.609818e+03 4.490799e-05 5.255721e+01 1.908114e+00 1.609500e+03 4.518667e+01 5.570496e+01 -1.028314e+00 1.609168e+03 1.612328e+03 
4.515490e-05 5.338396e+01 3.320776e+00 3.077011e+01 1.609666e+03 4.484568e-05 5.253154e+01 2.277528e+00 1.609600e+03 4.520486e+01 5.583089e+01 -3.667187e-01 1.609168e+03 1.612328e+03 
4.515490e-05 5.338396e+01 3.320776e+00 3.267952e+01 1.609480e+03 4.478858e-05 5.242124e+01 2.876103e+00 1.609600e+03 4.490691e+01 5.553958e+01 -4.582157e-01 1.609168e+03 1.612328e+03 
4.515490e-05 5.338396e+01 3.320776e+00 3.443055e+01 1.609209e+03 4.480185e-05 5.217326e+01 3.339228e+00 1.609200e+03 4.454692e+01 5.490105e+01 -5.609182e-01 1.609168e+03 1.612328e+03 
4.515490e-05 5.338396e+01 3.320776e+00 3.605762e+01 1.609168e+03 4.485244e-05 5.199320e+01 4.108215e+00 1.608700e+03 4.388991e+01 5.513940e+01 nan 1.609168e+03 1.612328e+03 
4.515490e-05 5.338396e+01 3.320776e+00 3.807532e+01 1.609736e+03 4.534960e-05 5.217232e+01 4.866141e+00 1.607900e+03 4.334008e+01 5.366511e+01 nan 1.609168e+03 1.612328e+03 
4.515490e-05 5.338396e+01 3.320776e+00 4.067109e+01 1.610575e+03 4.570573e-05 5.228234e+01 4.953356e+00 1.608500e+03 4.386606e+01 5.076648e+01 nan 1.609168e+03 1.612328e+03 
4.515490e-05 5.338396e+01 3.320776e+00 4.298730e+01 1.611532e+03 4.631261e-05 5.262517e+01 4.218297e+00 1.609600e+03 4.558251e+01 5.327490e+01 nan 1.609168e+03 1.612328e+03 
4.515490e-05 5.338396e+01 3.320776e+00 4.496619e+01 1.611409e+03 4.635342e-05 5.276141e+01 3.355852e+00 1.610000e+03 4.595939e+01 5.515565e+01 4.336137e+00 1.609168e+03 1.612328e+03 
4.515490e-05 5.338396e+01 3.320776e+00 4.645463e+01 1.611595e+03 4.639643e-05 5.279238e+01 2.940341e+00 1.611100e+03 4.590326e+01 5.526007e+01 3.591989e+00 1.609168e+03 1.612328e+03 
4.515490e-05 5.338396e+01 3.320776e+00 4.860010e+01 1.612026e+03 4.647509e-05 5.294179e+01 2.494243e+00 1.611500e+03 4.560212e+01 5.532536e+01 4.591324e+00 1.609168e+03 1.612328e+03 
4.515490e-05 5.338396e+01 3.320776e+00 4.999314e+01 1.612099e+03 4.643153e-05 5.302019e+01 2.134806e+00 1.611800e+03 4.614243e+01 5.516415e+01 2.408508e+00 1.609168e+03 1.612328e+03 
4.515490e-05 5.338396e+01 3.320776e+00 5.158459e+01 1.612251e+03 4.633220e-05 5.317206e+01 1.891858e+00 1.611200e+03 4.624633e+01 5.530047e+01 2.631057e+00 1.609168e+03 1.612328e+03 
4.515490e-05 5.338396e+01 3.320776e+00 5.363782e+01 1.612324e+03 4.609359e-05 5.325075e+01 1.784709e+00 1.611400e+03 4.601924e+01 5.451555e+01 7.030058e-01 1.609168e+03 1.612328e+03 
4.515490e-05 5.338396e+01 3.320776e+00 5.500955e+01 1.612328e+03 4.597413e-05 5.320086e+01 1.808595e+00 1.611300e+03 4.571128e+01 5.464385e+01 -9.518235e-01 1.609168e+03 1.612328e+03 
4.515490e-05 5.338396e+01 3.320776e+00 5.601082e+01 1.612245e+03 4.594166e-05 5.312685e+01 1.715855e+00 1.610800e+03 4.511480e+01 5.486852e+01 -2.655544e-01 1.609168e+03 1.612328e+03 
4.515490e-05 5.338396e+01 3.320776e+00 5.777422e+01 1.611837e+03 4.583968e-05 5.298292e+01 1.436831e+00 1.611000e+03 4.544901e+01 5.460137e+01 1.585892e+00 1.609168e+03 1.612328e+03 
4.515490e-05 5.338396e+01 3.320776e+00 5.907390e+01 1.611710e+03 4.580402e-05 5.284708e+01 1.428071e+00 1.611100e+03 4.590008e+01 5.482478e+01 2.192245e+00 1.609168e+03 1.612328e+03 
4.515490e-05 5.338396e+01 3.320776e+00 6.041970e+01 1.611639e+03 4.582390e-05 5.277616e+01 1.380183e+00 1.611100e+03 4.598110e+01 5.451786e+01 1.394544e+00 1.609168e+03 1.612328e+03 
