# 1    , 2      , 3      , 4      , 5      , 6      , 7       
# dmeas, Bx_siB0, By_siB0, Bz_siB0, In_siB0, Ic_siB0, Dc_siB0 
0.000000e+00 2.708301e-05 1.064305e-06 3.575043e-05 4.486330e-05 5.283270e+01 2.250444e+00 
1.784959e+00 2.723293e-05 1.271234e-06 3.558112e-05 4.482482e-05 5.254032e+01 2.672629e+00 
2.920910e+00 2.734957e-05 1.381443e-06 3.554850e-05 4.487319e-05 5.239149e+01 2.891586e+00 
5.015343e+00 2.743107e-05 1.540016e-06 3.569134e-05 4.504117e-05 5.241186e+01 3.213286e+00 
7.493052e+00 2.751246e-05 1.583867e-06 3.590986e-05 4.526546e-05 5.249658e+01 3.294829e+00 
8.719226e+00 2.756108e-05 1.602176e-06 3.601566e-05 4.537960e-05 5.252823e+01 3.326965e+00 
1.087796e+01 2.763947e-05 1.685389e-06 3.620023e-05 4.557672e-05 5.258637e+01 3.489439e+00 
1.270049e+01 2.774872e-05 1.767140e-06 3.650241e-05 4.588616e-05 5.270244e+01 3.643885e+00 
1.433582e+01 2.772978e-05 1.741193e-06 3.684912e-05 4.615008e-05 5.298356e+01 3.592968e+00 
1.609878e+01 2.753287e-05 1.458178e-06 3.706711e-05 4.619693e-05 5.335720e+01 3.031630e+00 
1.836947e+01 2.727216e-05 1.023097e-06 3.702511e-05 4.599648e-05 5.360594e+01 2.148405e+00 
2.014572e+01 2.711367e-05 7.623638e-07 3.680508e-05 4.572031e-05 5.361075e+01 1.610579e+00 
2.123105e+01 2.704706e-05 6.640401e-07 3.664067e-05 4.554693e-05 5.355810e+01 1.406402e+00 
2.277289e+01 2.701174e-05 5.468162e-07 3.640497e-05 4.533492e-05 5.341973e+01 1.159717e+00 
2.383888e+01 2.704218e-05 5.399872e-07 3.627013e-05 4.524482e-05 5.328716e+01 1.143949e+00 
2.521519e+01 2.709252e-05 4.929395e-07 3.599327e-05 4.505289e-05 5.302628e+01 1.042363e+00 
2.721156e+01 2.719131e-05 6.660894e-07 3.577703e-05 4.494227e-05 5.275610e+01 1.403260e+00 
2.942741e+01 2.728753e-05 9.090894e-07 3.565519e-05 4.490799e-05 5.255721e+01 1.908114e+00 
3.077011e+01 2.725918e-05 1.084133e-06 3.559349e-05 4.484568e-05 5.253154e+01 2.277528e+00 
3.267952e+01 2.727997e-05 1.370537e-06 3.549566e-05 4.478858e-05 5.242124e+01 2.876103e+00 
3.443055e+01 2.742924e-05 1.600403e-06 3.538758e-05 4.480185e-05 5.217326e+01 3.339228e+00 
3.605762e+01 2.754715e-05 1.978574e-06 3.534093e-05 4.485244e-05 5.199320e+01 4.108215e+00 
3.807532e+01 2.771215e-05 2.359273e-06 3.581978e-05 4.534960e-05 5.217232e+01 4.866141e+00 
4.067109e+01 2.785701e-05 2.414323e-06 3.615483e-05 4.570573e-05 5.228234e+01 4.953356e+00 
4.298730e+01 2.803684e-05 2.067898e-06 3.680377e-05 4.631261e-05 5.262517e+01 4.218297e+00 
4.496619e+01 2.800200e-05 1.641974e-06 3.690300e-05 4.635342e-05 5.276141e+01 3.355852e+00 
4.645463e+01 2.801922e-05 1.439171e-06 3.695241e-05 4.639643e-05 5.279238e+01 2.940341e+00 
4.860010e+01 2.798057e-05 1.218841e-06 3.708822e-05 4.647509e-05 5.294179e+01 2.494243e+00 
4.999314e+01 2.791074e-05 1.040419e-06 3.709171e-05 4.643153e-05 5.302019e+01 2.134806e+00 
5.158459e+01 2.775703e-05 9.168466e-07 3.708611e-05 4.633220e-05 5.317206e+01 1.891858e+00 
5.363782e+01 2.756507e-05 8.589032e-07 3.693302e-05 4.609359e-05 5.325075e+01 1.784709e+00 
5.500955e+01 2.752532e-05 8.691513e-07 3.681334e-05 4.597413e-05 5.320086e+01 1.808595e+00 
5.601082e+01 2.755472e-05 8.254365e-07 3.675176e-05 4.594166e-05 5.312685e+01 1.715855e+00 
5.777422e+01 2.758925e-05 6.920127e-07 3.660097e-05 4.583968e-05 5.298292e+01 1.436831e+00 
5.907390e+01 2.765449e-05 6.894183e-07 3.650701e-05 4.580402e-05 5.284708e+01 1.428071e+00 
6.041970e+01 2.771223e-05 6.676816e-07 3.648858e-05 4.582390e-05 5.277616e+01 1.380183e+00 
