# 1      , 2      , 3      , 4    , 5     , 6      , 7      , 8      ,                    9              , 10  , 11  , 12  , 13    , 14      
# IGRF_In, IGRF_Ic, IGRF_Dc, dmeas, height, In_siB0, Ic_siB0, Dc_siB0,                    height m (-poh), In_m, Ic_m, Dc_m, min hP, max hP  
4.520184e-05 5.352726e+01 3.334743e+00 0.000000e+00 1.548796e+03 4.487344e-05 5.279397e+01 2.277517e+00 1.549300e+03 4.375459e+01 5.509041e+01 -6.011071e+00 1.548585e+03 1.553684e+03 
4.520184e-05 5.352726e+01 3.334743e+00 8.983734e-01 1.548789e+03 4.484010e-05 5.275395e+01 2.238138e+00 1.548800e+03 4.196558e+01 5.619294e+01 -5.553058e+00 1.548585e+03 1.553684e+03 
4.520184e-05 5.352726e+01 3.334743e+00 2.221069e+00 1.548739e+03 4.478676e-05 5.267665e+01 2.174514e+00 1.547400e+03 3.930686e+01 5.337319e+01 -1.076764e+00 1.548585e+03 1.553684e+03 
4.520184e-05 5.352726e+01 3.334743e+00 2.544252e+00 1.548720e+03 4.477425e-05 5.265376e+01 2.157765e+00 1.547200e+03 3.996128e+01 5.154560e+01 1.722298e-01 1.548585e+03 1.553684e+03 
4.520184e-05 5.352726e+01 3.334743e+00 4.362665e+00 1.548630e+03 4.472428e-05 5.248228e+01 2.060536e+00 1.547100e+03 4.193975e+01 5.125500e+01 6.215965e-01 1.548585e+03 1.553684e+03 
4.520184e-05 5.352726e+01 3.334743e+00 5.882665e+00 1.548585e+03 4.473770e-05 5.228502e+01 2.030170e+00 1.547200e+03 4.224309e+01 5.128343e+01 -1.374542e-01 1.548585e+03 1.553684e+03 
4.520184e-05 5.352726e+01 3.334743e+00 7.815423e+00 1.548719e+03 4.485953e-05 5.211315e+01 2.087184e+00 1.546800e+03 4.205514e+01 5.051134e+01 -9.761630e-01 1.548585e+03 1.553684e+03 
4.520184e-05 5.352726e+01 3.334743e+00 9.887912e+00 1.548734e+03 4.499415e-05 5.194462e+01 2.187061e+00 1.546200e+03 4.264493e+01 5.057560e+01 -3.673194e-01 1.548585e+03 1.553684e+03 
4.520184e-05 5.352726e+01 3.334743e+00 1.107605e+01 1.548853e+03 4.512133e-05 5.179307e+01 2.201094e+00 1.546000e+03 4.367432e+01 5.045741e+01 -2.111152e+00 1.548585e+03 1.553684e+03 
4.520184e-05 5.352726e+01 3.334743e+00 1.262422e+01 1.549256e+03 4.543176e-05 5.174136e+01 2.107007e+00 1.546300e+03 4.330969e+01 5.025139e+01 -2.188391e+00 1.548585e+03 1.553684e+03 
4.520184e-05 5.352726e+01 3.334743e+00 1.471058e+01 1.550090e+03 4.571299e-05 5.209430e+01 1.904861e+00 1.546300e+03 4.236042e+01 5.020479e+01 nan 1.548585e+03 1.553684e+03 
4.520184e-05 5.352726e+01 3.334743e+00 1.624470e+01 1.550694e+03 4.574741e-05 5.250271e+01 1.807440e+00 1.546300e+03 4.335926e+01 4.871502e+01 nan 1.548585e+03 1.553684e+03 
4.520184e-05 5.352726e+01 3.334743e+00 1.755470e+01 1.551058e+03 4.564878e-05 5.273514e+01 1.817962e+00 1.546500e+03 4.413047e+01 4.770372e+01 nan 1.548585e+03 1.553684e+03 
4.520184e-05 5.352726e+01 3.334743e+00 1.896372e+01 1.551295e+03 4.557665e-05 5.280179e+01 1.871591e+00 1.547000e+03 4.649897e+01 4.702777e+01 nan 1.548585e+03 1.553684e+03 
4.520184e-05 5.352726e+01 3.334743e+00 2.030081e+01 1.551409e+03 4.562561e-05 5.279873e+01 1.900929e+00 1.547900e+03 4.689250e+01 5.054062e+01 nan 1.548585e+03 1.553684e+03 
4.520184e-05 5.352726e+01 3.334743e+00 2.344030e+01 1.551980e+03 4.607334e-05 5.286709e+01 1.728306e+00 1.549800e+03 4.397719e+01 5.399093e+01 -4.577567e+00 1.548585e+03 1.553684e+03 
4.520184e-05 5.352726e+01 3.334743e+00 2.441308e+01 1.552236e+03 4.620253e-05 5.305424e+01 1.551391e+00 1.549200e+03 4.315235e+01 5.345321e+01 -3.873092e+00 1.548585e+03 1.553684e+03 
4.520184e-05 5.352726e+01 3.334743e+00 2.586531e+01 1.552806e+03 4.629241e-05 5.348007e+01 1.547968e+00 1.548400e+03 4.264820e+01 5.086527e+01 nan 1.548585e+03 1.553684e+03 
4.520184e-05 5.352726e+01 3.334743e+00 2.708080e+01 1.553223e+03 4.612721e-05 5.382628e+01 1.470893e+00 1.548400e+03 4.388131e+01 4.972756e+01 nan 1.548585e+03 1.553684e+03 
4.520184e-05 5.352726e+01 3.334743e+00 2.807691e+01 1.553316e+03 4.595005e-05 5.396396e+01 1.406830e+00 1.548900e+03 4.492666e+01 4.961956e+01 nan 1.548585e+03 1.553684e+03 
4.520184e-05 5.352726e+01 3.334743e+00 2.882400e+01 1.553212e+03 4.583994e-05 5.401329e+01 1.344742e+00 1.549400e+03 4.605467e+01 5.040206e+01 nan 1.548585e+03 1.553684e+03 
4.520184e-05 5.352726e+01 3.334743e+00 2.989556e+01 1.552907e+03 4.567788e-05 5.394220e+01 1.115823e+00 1.549500e+03 4.703026e+01 5.147384e+01 -2.207705e+00 1.548585e+03 1.553684e+03 
4.520184e-05 5.352726e+01 3.334743e+00 3.205369e+01 1.552714e+03 4.548849e-05 5.376393e+01 1.232348e+00 1.551300e+03 4.573811e+01 5.420913e+01 -3.129961e+00 1.548585e+03 1.553684e+03 
4.520184e-05 5.352726e+01 3.334743e+00 3.389868e+01 1.552378e+03 4.537104e-05 5.354935e+01 1.355744e+00 1.551800e+03 4.399393e+01 5.438491e+01 -3.695874e+00 1.548585e+03 1.553684e+03 
4.520184e-05 5.352726e+01 3.334743e+00 3.503460e+01 1.552197e+03 4.533403e-05 5.343680e+01 1.510373e+00 1.550900e+03 4.350230e+01 5.278250e+01 -2.180698e+00 1.548585e+03 1.553684e+03 
4.520184e-05 5.352726e+01 3.334743e+00 3.616962e+01 1.552172e+03 4.534023e-05 5.340459e+01 1.674302e+00 1.550800e+03 4.435194e+01 5.261297e+01 -3.058522e+00 1.548585e+03 1.553684e+03 
4.520184e-05 5.352726e+01 3.334743e+00 3.739152e+01 1.552004e+03 4.532376e-05 5.332588e+01 1.873522e+00 1.550700e+03 4.537174e+01 5.364699e+01 -2.478152e+00 1.548585e+03 1.553684e+03 
4.520184e-05 5.352726e+01 3.334743e+00 3.839386e+01 1.551971e+03 4.531707e-05 5.329091e+01 2.053635e+00 1.551300e+03 4.536058e+01 5.378216e+01 -3.196548e+00 1.548585e+03 1.553684e+03 
4.520184e-05 5.352726e+01 3.334743e+00 3.989993e+01 1.551876e+03 4.533307e-05 5.320847e+01 2.390421e+00 1.552100e+03 4.472416e+01 5.384856e+01 -3.289790e+00 1.548585e+03 1.553684e+03 
4.520184e-05 5.352726e+01 3.334743e+00 4.079011e+01 1.551927e+03 4.532856e-05 5.316624e+01 2.490862e+00 1.552300e+03 4.438550e+01 5.355630e+01 -3.857872e+00 1.548585e+03 1.553684e+03 
4.520184e-05 5.352726e+01 3.334743e+00 4.267450e+01 1.552003e+03 4.547082e-05 5.296423e+01 2.795141e+00 1.552600e+03 4.410932e+01 5.371975e+01 nan 1.548585e+03 1.553684e+03 
4.520184e-05 5.352726e+01 3.334743e+00 4.333384e+01 1.552054e+03 4.560004e-05 5.288306e+01 2.846667e+00 1.552300e+03 4.398635e+01 5.338968e+01 nan 1.548585e+03 1.553684e+03 
4.520184e-05 5.352726e+01 3.334743e+00 4.449146e+01 1.552302e+03 4.596176e-05 5.292233e+01 2.763584e+00 1.551800e+03 4.393693e+01 5.255568e+01 nan 1.548585e+03 1.553684e+03 
4.520184e-05 5.352726e+01 3.334743e+00 4.655473e+01 1.552841e+03 4.631860e-05 5.356765e+01 2.265110e+00 1.551600e+03 4.452657e+01 5.298532e+01 nan 1.548585e+03 1.553684e+03 
4.520184e-05 5.352726e+01 3.334743e+00 4.760658e+01 1.553195e+03 4.634914e-05 5.398830e+01 1.880038e+00 1.551700e+03 4.469332e+01 5.292093e+01 nan 1.548585e+03 1.553684e+03 
4.520184e-05 5.352726e+01 3.334743e+00 4.903818e+01 1.553522e+03 4.612229e-05 5.451983e+01 1.382340e+00 1.552600e+03 4.570344e+01 5.190030e+01 nan 1.548585e+03 1.553684e+03 
4.520184e-05 5.352726e+01 3.334743e+00 5.076613e+01 1.553684e+03 4.542410e-05 5.481501e+01 9.989130e-01 1.553900e+03 4.618686e+01 5.338301e+01 nan 1.548585e+03 1.553684e+03 
4.520184e-05 5.352726e+01 3.334743e+00 5.297495e+01 1.552605e+03 4.442941e-05 5.451047e+01 1.062576e+00 1.554800e+03 4.780973e+01 5.531058e+01 -3.641082e+00 1.548585e+03 1.553684e+03 
4.520184e-05 5.352726e+01 3.334743e+00 5.469393e+01 1.551577e+03 4.410228e-05 5.367008e+01 1.546775e+00 1.555000e+03 4.521140e+01 5.658621e+01 -4.674853e+00 1.548585e+03 1.553684e+03 
4.520184e-05 5.352726e+01 3.334743e+00 5.521043e+01 1.551272e+03 4.407996e-05 5.342361e+01 1.729668e+00 1.555200e+03 4.407371e+01 5.707856e+01 -6.174535e+00 1.548585e+03 1.553684e+03 
4.520184e-05 5.352726e+01 3.334743e+00 5.661767e+01 1.550642e+03 4.421401e-05 5.291139e+01 2.189237e+00 1.553400e+03 4.151188e+01 5.516227e+01 -5.250365e+00 1.548585e+03 1.553684e+03 
4.520184e-05 5.352726e+01 3.334743e+00 5.741972e+01 1.550527e+03 4.434957e-05 5.282668e+01 2.444840e+00 1.552500e+03 4.111654e+01 5.476407e+01 -4.342762e+00 1.548585e+03 1.553684e+03 
4.520184e-05 5.352726e+01 3.334743e+00 5.839248e+01 1.550390e+03 4.448940e-05 5.273311e+01 2.824322e+00 1.551900e+03 4.120433e+01 5.280440e+01 -2.972248e+00 1.548585e+03 1.553684e+03 
4.520184e-05 5.352726e+01 3.334743e+00 5.942958e+01 1.550213e+03 4.468833e-05 5.261619e+01 3.181014e+00 1.551000e+03 4.172367e+01 5.249527e+01 nan 1.548585e+03 1.553684e+03 
4.520184e-05 5.352726e+01 3.334743e+00 6.126411e+01 1.550069e+03 4.507730e-05 5.251321e+01 3.385763e+00 1.550400e+03 4.253652e+01 4.999526e+01 nan 1.548585e+03 1.553684e+03 
4.520184e-05 5.352726e+01 3.334743e+00 6.183720e+01 1.550068e+03 4.518419e-05 5.257598e+01 3.428989e+00 1.550000e+03 4.298869e+01 4.950871e+01 nan 1.548585e+03 1.553684e+03 
4.520184e-05 5.352726e+01 3.334743e+00 6.253454e+01 1.550196e+03 4.532364e-05 5.273240e+01 3.448185e+00 1.549700e+03 4.367292e+01 4.998560e+01 nan 1.548585e+03 1.553684e+03 
4.520184e-05 5.352726e+01 3.334743e+00 6.350054e+01 1.550460e+03 4.545180e-05 5.301572e+01 3.295757e+00 1.549600e+03 4.502355e+01 4.811610e+01 nan 1.548585e+03 1.553684e+03 
4.520184e-05 5.352726e+01 3.334743e+00 6.538343e+01 1.550935e+03 4.549633e-05 5.376946e+01 3.217532e+00 1.550400e+03 4.607392e+01 5.059999e+01 nan 1.548585e+03 1.553684e+03 
4.520184e-05 5.352726e+01 3.334743e+00 6.680855e+01 1.551330e+03 4.524672e-05 5.430052e+01 3.324954e+00 1.550900e+03 4.644707e+01 5.289539e+01 nan 1.548585e+03 1.553684e+03 
4.520184e-05 5.352726e+01 3.334743e+00 6.814375e+01 1.551214e+03 4.482895e-05 5.450663e+01 3.325131e+00 1.551600e+03 4.689723e+01 5.373158e+01 nan 1.548585e+03 1.553684e+03 
4.520184e-05 5.352726e+01 3.334743e+00 6.898663e+01 1.551057e+03 4.462278e-05 5.447191e+01 3.324892e+00 1.551900e+03 4.678271e+01 5.412634e+01 nan 1.548585e+03 1.553684e+03 
4.520184e-05 5.352726e+01 3.334743e+00 6.995889e+01 1.550939e+03 4.450958e-05 5.444074e+01 3.310831e+00 1.552700e+03 4.610072e+01 5.596665e+01 nan 1.548585e+03 1.553684e+03 
4.520184e-05 5.352726e+01 3.334743e+00 7.064598e+01 1.550924e+03 4.448522e-05 5.447360e+01 3.295503e+00 1.549600e+03 4.661956e+01 5.725590e+01 nan 1.548585e+03 1.553684e+03 
