# 1    , 2      , 3      , 4      , 5      , 6      , 7       
# dmeas, Bx_siB0, By_siB0, Bz_siB0, In_siB0, Ic_siB0, Dc_siB0 
0.000000e+00 2.711277e-05 1.078305e-06 3.574018e-05 4.487344e-05 5.279397e+01 2.277517e+00 
8.983734e-01 2.711828e-05 1.059857e-06 3.569468e-05 4.484010e-05 5.275395e+01 2.238138e+00 
2.221069e+00 2.713522e-05 1.030342e-06 3.561561e-05 4.478676e-05 5.267665e+01 2.174514e+00 
2.544252e+00 2.714215e-05 1.022660e-06 3.559482e-05 4.477425e-05 5.265376e+01 2.157765e+00 
4.362665e+00 2.721978e-05 9.793310e-07 3.547373e-05 4.472428e-05 5.248228e+01 2.060536e+00 
5.882665e+00 2.735039e-05 9.695162e-07 3.539037e-05 4.473770e-05 5.228502e+01 2.030170e+00 
7.815423e+00 2.753014e-05 1.003318e-06 3.540426e-05 4.485953e-05 5.211315e+01 2.087184e+00 
9.887912e+00 2.771521e-05 1.058443e-06 3.542908e-05 4.499415e-05 5.194462e+01 2.187061e+00 
1.107605e+01 2.788711e-05 1.071848e-06 3.545553e-05 4.512133e-05 5.179307e+01 2.201094e+00 
1.262422e+01 2.811289e-05 1.034295e-06 3.567409e-05 4.543176e-05 5.174136e+01 2.107007e+00 
1.471058e+01 2.806888e-05 9.335246e-07 3.606860e-05 4.571299e-05 5.209430e+01 1.904861e+00 
1.624470e+01 2.783369e-05 8.783269e-07 3.629518e-05 4.574741e-05 5.250271e+01 1.807440e+00 
1.755470e+01 2.762644e-05 8.768653e-07 3.632935e-05 4.564878e-05 5.273514e+01 1.817962e+00 
1.896372e+01 2.753977e-05 8.999181e-07 3.630402e-05 4.557665e-05 5.280179e+01 1.871591e+00 
2.030081e+01 2.757083e-05 9.150665e-07 3.634155e-05 4.562561e-05 5.279873e+01 1.900929e+00 
2.344030e+01 2.780025e-05 8.388390e-07 3.673139e-05 4.607334e-05 5.286709e+01 1.728306e+00 
2.441308e+01 2.776026e-05 7.518447e-07 3.692529e-05 4.620253e-05 5.305424e+01 1.551391e+00 
2.586531e+01 2.753867e-05 7.441970e-07 3.720289e-05 4.629241e-05 5.348007e+01 1.547968e+00 
2.708080e+01 2.721695e-05 6.988651e-07 3.723532e-05 4.612721e-05 5.382628e+01 1.470893e+00 
2.807691e+01 2.702399e-05 6.636757e-07 3.715737e-05 4.595005e-05 5.396396e+01 1.406830e+00 
2.882400e+01 2.692802e-05 6.321214e-07 3.709154e-05 4.583994e-05 5.401329e+01 1.344742e+00 
2.989556e+01 2.688095e-05 5.235668e-07 3.692708e-05 4.567788e-05 5.394220e+01 1.115823e+00 
3.205369e+01 2.688264e-05 5.782952e-07 3.669048e-05 4.548849e-05 5.376393e+01 1.232348e+00 
3.389868e+01 2.694876e-05 6.377858e-07 3.649506e-05 4.537104e-05 5.354935e+01 1.355744e+00 
3.503460e+01 2.699651e-05 7.118194e-07 3.641230e-05 4.533403e-05 5.343680e+01 1.510373e+00 
3.616962e+01 2.701852e-05 7.897621e-07 3.640210e-05 4.534023e-05 5.340459e+01 1.674302e+00 
3.739152e+01 2.705573e-05 8.850143e-07 3.635172e-05 4.532376e-05 5.332588e+01 1.873522e+00 
3.839386e+01 2.707098e-05 9.707124e-07 3.632982e-05 4.531707e-05 5.329091e+01 2.053635e+00 
3.989993e+01 2.712659e-05 1.132398e-06 3.630363e-05 4.533307e-05 5.320847e+01 2.390421e+00 
4.079011e+01 2.714858e-05 1.180994e-06 3.627999e-05 4.532856e-05 5.316624e+01 2.490862e+00 
4.267450e+01 2.735511e-05 1.335563e-06 3.629752e-05 4.547082e-05 5.296423e+01 2.795141e+00 
4.333384e+01 2.748310e-05 1.366587e-06 3.636173e-05 4.560004e-05 5.288306e+01 2.846667e+00 
4.449146e+01 2.767799e-05 1.336046e-06 3.666916e-05 4.596176e-05 5.292233e+01 2.763584e+00 
4.655473e+01 2.748588e-05 1.087183e-06 3.726603e-05 4.631860e-05 5.356765e+01 2.265110e+00 
4.760658e+01 2.723633e-05 8.940224e-07 3.749168e-05 4.634914e-05 5.398830e+01 1.880038e+00 
4.903818e+01 2.676256e-05 6.458094e-07 3.755814e-05 4.612229e-05 5.451983e+01 1.382340e+00 
5.076613e+01 2.617022e-05 4.563062e-07 3.712493e-05 4.542410e-05 5.481501e+01 9.989130e-01 
5.297495e+01 2.578924e-05 4.783279e-07 3.617539e-05 4.442941e-05 5.451047e+01 1.062576e+00 
5.469393e+01 2.611817e-05 7.052656e-07 3.552963e-05 4.410228e-05 5.367008e+01 1.546775e+00 
5.521043e+01 2.625501e-05 7.928378e-07 3.539899e-05 4.407996e-05 5.342361e+01 1.729668e+00 
5.661767e+01 2.664377e-05 1.018538e-06 3.526968e-05 4.421401e-05 5.291139e+01 2.189237e+00 
5.741972e+01 2.677287e-05 1.143106e-06 3.533824e-05 4.434957e-05 5.282668e+01 2.444840e+00 
5.839248e+01 2.690688e-05 1.327416e-06 3.540571e-05 4.448940e-05 5.273311e+01 2.824322e+00 
5.942958e+01 2.709077e-05 1.505604e-06 3.550873e-05 4.468833e-05 5.261619e+01 3.181014e+00 
6.126411e+01 2.738519e-05 1.620151e-06 3.576855e-05 4.507730e-05 5.251321e+01 3.385763e+00 
6.183720e+01 2.740967e-05 1.642352e-06 3.588348e-05 4.518419e-05 5.257598e+01 3.428989e+00 
6.253454e+01 2.739552e-05 1.650715e-06 3.606928e-05 4.532364e-05 5.273240e+01 3.448185e+00 
6.350054e+01 2.729840e-05 1.571987e-06 3.630692e-05 4.545180e-05 5.301572e+01 3.295757e+00 
6.538343e+01 2.684757e-05 1.509253e-06 3.669941e-05 4.549633e-05 5.376946e+01 3.217532e+00 
6.680855e+01 2.635855e-05 1.531343e-06 3.674436e-05 4.524672e-05 5.430052e+01 3.324954e+00 
6.814375e+01 2.598426e-05 1.509678e-06 3.649895e-05 4.482895e-05 5.450663e+01 3.325131e+00 
6.898663e+01 2.588674e-05 1.503904e-06 3.631539e-05 4.462278e-05 5.447191e+01 3.324892e+00 
6.995889e+01 2.584111e-05 1.494890e-06 3.620919e-05 4.450958e-05 5.444074e+01 3.310831e+00 
7.064598e+01 2.580664e-05 1.485969e-06 3.620420e-05 4.448522e-05 5.447360e+01 3.295503e+00 
