# 1, 2, 3, 4   , 5   , 6   , 7   , 8   , 9   , 10  
# x, y, z, Bx_si, By_si, Bz_si, In_si, Ic_si, Dc_si, dmeas 
5.053355e+05 4.183192e+06 1.553172e+03 -2.738847e-07 2.540464e-08 1.158733e-06 1.190932e-06 7.664627e+01 1.747006e+02 0.000000e+00 
5.053356e+05 4.183193e+06 1.553172e+03 -2.740211e-07 2.520606e-08 1.156096e-06 1.188394e-06 7.661139e+01 1.747444e+02 8.983734e-01 
5.053358e+05 4.183194e+06 1.553172e+03 -2.742914e-07 2.425217e-08 1.152241e-06 1.184687e-06 7.655958e+01 1.749472e+02 2.221069e+00 
5.053359e+05 4.183194e+06 1.553172e+03 -2.743675e-07 2.394259e-08 1.151319e-06 1.183802e-06 7.654692e+01 1.750127e+02 2.544252e+00 
5.053362e+05 4.183196e+06 1.553172e+03 -2.748399e-07 2.288945e-08 1.146351e-06 1.179059e-06 7.647274e+01 1.752392e+02 4.362665e+00 
5.053362e+05 4.183198e+06 1.553172e+03 -2.752967e-07 2.270555e-08 1.142546e-06 1.175464e-06 7.640851e+01 1.752851e+02 5.882665e+00 
5.053359e+05 4.183200e+06 1.553172e+03 -2.759617e-07 2.315546e-08 1.138196e-06 1.171401e-06 7.632522e+01 1.752036e+02 7.815423e+00 
5.053369e+05 4.183201e+06 1.553172e+03 -2.768609e-07 1.994503e-08 1.133442e-06 1.166936e-06 7.623918e+01 1.758795e+02 9.887912e+00 
5.053370e+05 4.183203e+06 1.553172e+03 -2.774452e-07 1.966069e-08 1.130916e-06 1.164617e-06 7.618273e+01 1.759466e+02 1.107605e+01 
5.053368e+05 4.183204e+06 1.553172e+03 -2.782468e-07 2.015574e-08 1.128020e-06 1.162006e-06 7.610866e+01 1.758568e+02 1.262422e+01 
5.053363e+05 4.183206e+06 1.553172e+03 -2.794452e-07 2.115999e-08 1.124529e-06 1.158924e-06 7.600631e+01 1.756697e+02 1.471058e+01 
5.053362e+05 4.183208e+06 1.553172e+03 -2.804843e-07 2.124926e-08 1.121939e-06 1.156663e-06 7.592515e+01 1.756676e+02 1.624470e+01 
5.053362e+05 4.183209e+06 1.553172e+03 -2.814632e-07 2.108711e-08 1.119786e-06 1.154811e-06 7.585278e+01 1.757154e+02 1.755470e+01 
5.053362e+05 4.183210e+06 1.553172e+03 -2.826014e-07 2.088694e-08 1.117591e-06 1.152957e-06 7.577215e+01 1.757730e+02 1.896372e+01 
5.053369e+05 4.183212e+06 1.553172e+03 -2.837036e-07 1.902756e-08 1.115392e-06 1.151064e-06 7.569849e+01 1.761630e+02 2.030081e+01 
5.053380e+05 4.183215e+06 1.553172e+03 -2.866507e-07 1.570132e-08 1.110735e-06 1.147235e-06 7.550847e+01 1.768648e+02 2.344030e+01 
5.053384e+05 4.183215e+06 1.553172e+03 -2.875852e-07 1.431712e-08 1.109425e-06 1.146183e-06 7.545042e+01 1.771499e+02 2.441308e+01 
5.053382e+05 4.183217e+06 1.553172e+03 -2.891481e-07 1.484388e-08 1.107913e-06 1.145119e-06 7.535452e+01 1.770612e+02 2.586531e+01 
5.053385e+05 4.183218e+06 1.553172e+03 -2.905576e-07 1.391842e-08 1.106474e-06 1.144073e-06 7.527031e+01 1.772575e+02 2.708080e+01 
5.053389e+05 4.183219e+06 1.553172e+03 -2.917336e-07 1.291118e-08 1.105342e-06 1.143266e-06 7.520120e+01 1.774659e+02 2.807691e+01 
5.053391e+05 4.183220e+06 1.553172e+03 -2.926442e-07 1.216390e-08 1.104535e-06 1.142710e-06 7.514832e+01 1.776198e+02 2.882400e+01 
5.053399e+05 4.183220e+06 1.553172e+03 -2.936486e-07 1.005635e-08 1.103516e-06 1.141962e-06 7.509041e+01 1.780386e+02 2.989556e+01 
5.053405e+05 4.183222e+06 1.553172e+03 -2.965729e-07 8.505349e-09 1.101538e-06 1.140796e-06 7.492536e+01 1.783573e+02 3.205369e+01 
5.053415e+05 4.183224e+06 1.553172e+03 -2.989169e-07 5.873625e-09 1.100088e-06 1.139991e-06 7.479576e+01 1.788743e+02 3.389868e+01 
5.053421e+05 4.183225e+06 1.553172e+03 -3.004083e-07 4.257575e-09 1.099314e-06 1.139629e-06 7.471454e+01 1.791880e+02 3.503460e+01 
5.053423e+05 4.183226e+06 1.553172e+03 -3.022103e-07 3.638573e-09 1.098581e-06 1.139397e-06 7.461782e+01 1.793102e+02 3.616962e+01 
5.053430e+05 4.183227e+06 1.553172e+03 -3.039031e-07 1.889472e-09 1.097932e-06 1.139217e-06 7.452784e+01 1.796438e+02 3.739152e+01 
5.053434e+05 4.183228e+06 1.553172e+03 -3.055661e-07 1.128962e-09 1.097419e-06 1.139166e-06 7.444053e+01 1.797883e+02 3.839386e+01 
5.053440e+05 4.183229e+06 1.553172e+03 -3.080201e-07 -4.682407e-10 1.096791e-06 1.139223e-06 7.431325e+01 -1.799129e+02 3.989993e+01 
5.053440e+05 4.183230e+06 1.553172e+03 -3.096918e-07 -3.165175e-10 1.096437e-06 1.139335e-06 7.422751e+01 -1.799414e+02 4.079011e+01 
5.053446e+05 4.183232e+06 1.553172e+03 -3.131814e-07 -1.802148e-09 1.095882e-06 1.139755e-06 7.405086e+01 -1.796703e+02 4.267450e+01 
5.053448e+05 4.183233e+06 1.553172e+03 -3.144754e-07 -2.225449e-09 1.095729e-06 1.139965e-06 7.398608e+01 -1.795945e+02 4.333384e+01 
5.053452e+05 4.183234e+06 1.553172e+03 -3.167600e-07 -3.124724e-09 1.095532e-06 1.140411e-06 7.387266e+01 -1.794348e+02 4.449146e+01 
5.053468e+05 4.183235e+06 1.553172e+03 -3.193621e-07 -6.926558e-09 1.095702e-06 1.141317e-06 7.374667e+01 -1.787575e+02 4.655473e+01 
5.053473e+05 4.183236e+06 1.553172e+03 -3.214683e-07 -7.940535e-09 1.095754e-06 1.141964e-06 7.364483e+01 -1.785850e+02 4.760658e+01 
5.053483e+05 4.183237e+06 1.553172e+03 -3.238593e-07 -1.007451e-08 1.096084e-06 1.142973e-06 7.353167e+01 -1.782182e+02 4.903818e+01 
5.053493e+05 4.183238e+06 1.553172e+03 -3.271283e-07 -1.228177e-08 1.096610e-06 1.144429e-06 7.337865e+01 -1.778499e+02 5.076613e+01 
5.053497e+05 4.183241e+06 1.553172e+03 -3.326223e-07 -1.304437e-08 1.097066e-06 1.146456e-06 7.312086e+01 -1.777542e+02 5.297495e+01 
5.053506e+05 4.183242e+06 1.553172e+03 -3.365100e-07 -1.480987e-08 1.097908e-06 1.148416e-06 7.294410e+01 -1.774800e+02 5.469393e+01 
5.053509e+05 4.183242e+06 1.553172e+03 -3.377103e-07 -1.533120e-08 1.098197e-06 1.149052e-06 7.289006e+01 -1.774007e+02 5.521043e+01 
5.053513e+05 4.183244e+06 1.553172e+03 -3.414511e-07 -1.613808e-08 1.098901e-06 1.150840e-06 7.272079e+01 -1.772940e+02 5.661767e+01 
5.053514e+05 4.183245e+06 1.553172e+03 -3.437998e-07 -1.616625e-08 1.099214e-06 1.151838e-06 7.261392e+01 -1.773078e+02 5.741972e+01 
5.053515e+05 4.183246e+06 1.553172e+03 -3.467052e-07 -1.627851e-08 1.099665e-06 1.153140e-06 7.248274e+01 -1.773118e+02 5.839248e+01 
5.053519e+05 4.183246e+06 1.553172e+03 -3.496153e-07 -1.699005e-08 1.100391e-06 1.154720e-06 7.235443e+01 -1.772178e+02 5.942958e+01 
5.053527e+05 4.183248e+06 1.553172e+03 -3.549507e-07 -1.822519e-08 1.101830e-06 1.157735e-06 7.212180e+01 -1.770607e+02 6.126411e+01 
5.053532e+05 4.183248e+06 1.553172e+03 -3.557762e-07 -1.923777e-08 1.102447e-06 1.158592e-06 7.208986e+01 -1.769049e+02 6.183720e+01 
5.053536e+05 4.183249e+06 1.553172e+03 -3.575609e-07 -2.002201e-08 1.103168e-06 1.159840e-06 7.201502e+01 -1.767950e+02 6.253454e+01 
5.053536e+05 4.183250e+06 1.553172e+03 -3.608900e-07 -1.981718e-08 1.103732e-06 1.161404e-06 7.186819e+01 -1.768569e+02 6.350054e+01 
5.053540e+05 4.183252e+06 1.553172e+03 -3.673631e-07 -2.033503e-08 1.105383e-06 1.165007e-06 7.159004e+01 -1.768317e+02 6.538343e+01 
5.053547e+05 4.183253e+06 1.553172e+03 -3.719054e-07 -2.144308e-08 1.107037e-06 1.168034e-06 7.140168e+01 -1.767001e+02 6.680855e+01 
5.053550e+05 4.183254e+06 1.553172e+03 -3.769287e-07 -2.165993e-08 1.108376e-06 1.170915e-06 7.118941e+01 -1.767112e+02 6.814375e+01 
5.053553e+05 4.183255e+06 1.553172e+03 -3.799048e-07 -2.218001e-08 1.109435e-06 1.172888e-06 7.106732e+01 -1.766587e+02 6.898663e+01 
5.053561e+05 4.183256e+06 1.553172e+03 -3.820937e-07 -2.359825e-08 1.110905e-06 1.175016e-06 7.098587e+01 -1.764659e+02 6.995889e+01 
5.053568e+05 4.183256e+06 1.553172e+03 -3.823593e-07 -2.495606e-08 1.111893e-06 1.176064e-06 7.098537e+01 -1.762657e+02 7.064598e+01 
