# 1, 2, 3, 4   , 5   , 6   , 7   , 8   , 9   , 10  
# x, y, z, Bx_si, By_si, Bz_si, In_si, Ic_si, Dc_si, dmeas 
5.053355e+05 4.183192e+06 1.548796e+03 -4.846947e-07 2.884684e-07 6.084224e-07 8.296510e-07 -4.716775e+01 -5.924081e+01 0.000000e+00 
5.053356e+05 4.183193e+06 1.548789e+03 -5.031427e-07 2.939798e-07 6.539201e-07 8.758928e-07 -4.829460e+01 -5.970280e+01 8.983734e-01 
5.053358e+05 4.183194e+06 1.548739e+03 -5.326577e-07 3.109182e-07 7.329855e-07 9.579468e-07 -4.992150e+01 -5.972742e+01 2.221069e+00 
5.053359e+05 4.183194e+06 1.548720e+03 -5.403404e-07 3.178520e-07 7.537819e-07 9.804003e-07 -5.025083e+01 -5.953408e+01 2.544252e+00 
5.053362e+05 4.183196e+06 1.548630e+03 -5.836690e-07 3.954771e-07 8.748706e-07 1.123597e-06 -5.113566e+01 -5.587958e+01 4.362665e+00 
5.053362e+05 4.183198e+06 1.548585e+03 -5.934838e-07 5.260900e-07 9.582315e-07 1.243865e-06 -5.038675e+01 -4.844482e+01 5.882665e+00 
5.053359e+05 4.183200e+06 1.548719e+03 -5.596817e-07 7.058421e-07 9.443370e-07 1.305078e-06 -4.635139e+01 -3.841187e+01 7.815423e+00 
5.053369e+05 4.183201e+06 1.548734e+03 -5.045571e-07 8.909129e-07 9.195184e-07 1.376160e-06 -4.192650e+01 -2.952449e+01 9.887912e+00 
5.053370e+05 4.183203e+06 1.548853e+03 -4.911523e-07 1.062806e-06 8.930688e-07 1.472535e-06 -3.733570e+01 -2.480297e+01 1.107605e+01 
5.053368e+05 4.183204e+06 1.549256e+03 -5.287047e-07 1.288587e-06 6.745061e-07 1.547561e-06 -2.583947e+01 -2.230824e+01 1.262422e+01 
5.053363e+05 4.183206e+06 1.550090e+03 -6.294754e-07 1.244583e-06 2.799966e-07 1.422542e-06 -1.135155e+01 -2.682901e+01 1.471058e+01 
5.053362e+05 4.183208e+06 1.550694e+03 -6.846731e-07 1.009388e-06 5.342033e-08 1.220858e-06 -2.507856e+00 -3.414925e+01 1.624470e+01 
5.053362e+05 4.183209e+06 1.551058e+03 -6.861347e-07 8.021386e-07 1.924923e-08 1.055736e-06 -1.044732e+00 -4.054307e+01 1.755470e+01 
5.053362e+05 4.183210e+06 1.551295e+03 -6.630819e-07 7.154681e-07 4.457546e-08 9.765035e-07 -2.616348e+00 -4.282375e+01 1.896372e+01 
5.053369e+05 4.183212e+06 1.551409e+03 -6.479335e-07 7.465333e-07 7.047056e-09 9.885239e-07 -4.084575e-01 -4.095547e+01 2.030081e+01 
5.053380e+05 4.183215e+06 1.551980e+03 -7.241610e-07 9.759547e-07 -3.827880e-07 1.274136e-06 1.748339e+01 -3.657551e+01 2.344030e+01 
5.053384e+05 4.183215e+06 1.552236e+03 -8.111553e-07 9.359558e-07 -5.766898e-07 1.366220e-06 2.496762e+01 -4.091416e+01 2.441308e+01 
5.053382e+05 4.183217e+06 1.552806e+03 -8.188030e-07 7.143690e-07 -8.542890e-07 1.382234e-06 3.817383e+01 -4.889676e+01 2.586531e+01 
5.053385e+05 4.183218e+06 1.553223e+03 -8.641349e-07 3.926479e-07 -8.867196e-07 1.298912e-06 4.305210e+01 -6.556378e+01 2.708080e+01 
5.053389e+05 4.183219e+06 1.553316e+03 -8.993243e-07 1.996918e-07 -8.087697e-07 1.225875e-06 4.128073e+01 -7.748079e+01 2.807691e+01 
5.053391e+05 4.183220e+06 1.553212e+03 -9.308786e-07 1.037160e-07 -7.429378e-07 1.195512e-06 3.842130e+01 -8.364248e+01 2.882400e+01 
5.053399e+05 4.183220e+06 1.552907e+03 -1.039433e-06 5.665019e-08 -5.784754e-07 1.190909e-06 2.906114e+01 -8.688041e+01 2.989556e+01 
5.053405e+05 4.183222e+06 1.552714e+03 -9.847048e-07 5.833882e-08 -3.418838e-07 1.043998e-06 1.911563e+01 -8.660948e+01 3.205369e+01 
5.053415e+05 4.183224e+06 1.552378e+03 -9.252142e-07 1.244627e-07 -1.464554e-07 9.449664e-07 8.915911e+00 -8.233839e+01 3.389868e+01 
5.053421e+05 4.183225e+06 1.552197e+03 -8.511806e-07 1.722141e-07 -6.370487e-08 8.707609e-07 4.195508e+00 -7.856210e+01 3.503460e+01 
5.053423e+05 4.183226e+06 1.552172e+03 -7.732379e-07 1.942161e-07 -5.349678e-08 7.990486e-07 3.838858e+00 -7.590054e+01 3.616962e+01 
5.053430e+05 4.183227e+06 1.552004e+03 -6.779857e-07 2.314284e-07 -3.117011e-09 7.164031e-07 2.492900e-01 -7.115282e+01 3.739152e+01 
5.053434e+05 4.183228e+06 1.551971e+03 -5.922876e-07 2.466829e-07 1.877604e-08 6.418797e-07 -1.676235e+00 -6.738868e+01 3.839386e+01 
5.053440e+05 4.183229e+06 1.551876e+03 -4.306021e-07 3.022884e-07 4.497301e-08 5.280331e-07 -4.885847e+00 -5.493063e+01 3.989993e+01 
5.053440e+05 4.183230e+06 1.551927e+03 -3.820056e-07 3.242832e-07 6.861024e-08 5.057620e-07 -7.796622e+00 -4.967218e+01 4.079011e+01 
5.053446e+05 4.183232e+06 1.552003e+03 -2.274375e-07 5.308072e-07 5.107582e-08 5.797351e-07 -5.054425e+00 -2.319391e+01 4.267450e+01 
5.053448e+05 4.183233e+06 1.552054e+03 -1.964128e-07 6.588032e-07 -1.312689e-08 6.875842e-07 1.093919e+00 -1.660120e+01 4.333384e+01 
5.053452e+05 4.183234e+06 1.552302e+03 -2.269536e-07 8.536857e-07 -3.205600e-07 9.397052e-07 1.994563e+01 -1.488780e+01 4.449146e+01 
5.053468e+05 4.183235e+06 1.552841e+03 -4.758169e-07 6.615813e-07 -9.174253e-07 1.227094e-06 4.838639e+01 -3.572412e+01 4.655473e+01 
5.053473e+05 4.183236e+06 1.553195e+03 -6.689776e-07 4.120297e-07 -1.143075e-06 1.387055e-06 5.549761e+01 -5.837069e+01 4.760658e+01 
5.053483e+05 4.183237e+06 1.553522e+03 -9.171906e-07 -6.173727e-08 -1.209544e-06 1.519226e-06 5.276479e+01 -9.385084e+01 4.903818e+01 
5.053493e+05 4.183238e+06 1.553684e+03 -1.106694e-06 -6.540808e-07 -7.763326e-07 1.501761e-06 3.112777e+01 -1.205840e+02 5.076613e+01 
5.053497e+05 4.183241e+06 1.552605e+03 -1.084672e-06 -1.035057e-06 1.732146e-07 1.509258e-06 -6.590249e+00 -1.336591e+02 5.297495e+01 
5.053506e+05 4.183242e+06 1.551577e+03 -8.577344e-07 -7.061317e-07 8.189673e-07 1.380231e-06 -3.639547e+01 -1.294630e+02 5.469393e+01 
5.053509e+05 4.183242e+06 1.551272e+03 -7.701622e-07 -5.692883e-07 9.496136e-07 1.348705e-06 -4.475631e+01 -1.264711e+02 5.521043e+01 
5.053513e+05 4.183244e+06 1.550642e+03 -5.444618e-07 -1.805289e-07 1.078917e-06 1.221921e-06 -6.200247e+01 -1.083441e+02 5.661767e+01 
5.053514e+05 4.183245e+06 1.550527e+03 -4.198944e-07 -5.143054e-08 1.010360e-06 1.095346e-06 -6.728119e+01 -9.698306e+01 5.741972e+01 
5.053515e+05 4.183246e+06 1.550390e+03 -2.355842e-07 8.258314e-08 9.428915e-07 9.753790e-07 -7.517065e+01 -7.068208e+01 5.839248e+01 
5.053519e+05 4.183246e+06 1.550213e+03 -5.739569e-08 2.664683e-07 8.398702e-07 8.829958e-07 -7.201918e+01 -1.215546e+01 5.942958e+01 
5.053527e+05 4.183248e+06 1.550069e+03 5.715150e-08 5.608885e-07 5.800477e-07 8.088990e-07 -4.581417e+01 5.818049e+00 6.126411e+01 
5.053532e+05 4.183248e+06 1.550068e+03 7.935171e-08 5.853690e-07 4.651249e-07 7.518609e-07 -3.821628e+01 7.719869e+00 6.183720e+01 
5.053536e+05 4.183249e+06 1.550196e+03 8.771541e-08 5.712198e-07 2.793185e-07 6.418761e-07 -2.579544e+01 8.730037e+00 6.253454e+01 
5.053536e+05 4.183250e+06 1.550460e+03 8.987388e-09 4.740953e-07 4.167576e-08 4.760084e-07 -5.022823e+00 1.086022e+00 6.350054e+01 
5.053540e+05 4.183252e+06 1.550935e+03 -5.374726e-08 2.326669e-08 -3.508087e-07 3.556639e-07 8.052195e+01 -6.659267e+01 6.538343e+01 
5.053547e+05 4.183253e+06 1.551330e+03 -3.165731e-08 -4.657539e-07 -3.957602e-07 6.120090e-07 4.029006e+01 -1.761116e+02 6.680855e+01 
5.053550e+05 4.183254e+06 1.551214e+03 -5.332164e-08 -8.400404e-07 -1.503529e-07 8.550538e-07 1.012756e+01 -1.763680e+02 6.814375e+01 
5.053553e+05 4.183255e+06 1.551057e+03 -5.909596e-08 -9.375607e-07 3.320593e-08 9.400080e-07 -2.024404e+00 -1.763933e+02 6.898663e+01 
5.053561e+05 4.183256e+06 1.550939e+03 -6.810997e-08 -9.831914e-07 1.394141e-07 9.953595e-07 -8.051555e+00 -1.760372e+02 6.995889e+01 
5.053568e+05 4.183256e+06 1.550924e+03 -7.703097e-08 -1.017662e-06 1.443955e-07 1.030737e-06 -8.053030e+00 -1.756713e+02 7.064598e+01 
