# 1      , 2      , 3      , 4    , 5     , 6      , 7      , 8      ,                    9              , 10  , 11  , 12  , 13    , 14      
# IGRF_In, IGRF_Ic, IGRF_Dc, dmeas, height, In_siB0, Ic_siB0, Dc_siB0,                    height m (-poh), In_m, Ic_m, Dc_m, min hP, max hP  
4.520184e-05 5.352726e+01 3.334743e+00 0.000000e+00 1.547888e+03 4.454368e-05 5.434736e+01 2.462888e+00 1.534100e+03 4.433006e+01 5.553510e+01 -2.276843e+00 1.543481e+03 1.549074e+03 
4.520184e-05 5.352726e+01 3.334743e+00 7.512208e+01 1.547784e+03 4.491679e-05 5.303595e+01 2.272504e+00 -3.000000e+00 4.548676e+01 5.529570e+01 -1.627874e+01 1.543481e+03 1.549074e+03 
4.520184e-05 5.352726e+01 3.334743e+00 7.512208e+01 1.547784e+03 4.491679e-05 5.303595e+01 2.272504e+00 -3.000000e+00 4.570079e+01 5.456089e+01 -1.698319e+01 1.543481e+03 1.549074e+03 
4.520184e-05 5.352726e+01 3.334743e+00 7.512208e+01 1.547784e+03 4.491679e-05 5.303595e+01 2.272504e+00 -3.000000e+00 4.674797e+01 5.514874e+01 -1.745879e+01 1.543481e+03 1.549074e+03 
4.520184e-05 5.352726e+01 3.334743e+00 1.441110e+02 1.549074e+03 4.565737e-05 5.488998e+01 1.517170e+00 1.535700e+03 4.867973e+01 5.246923e+01 -1.210062e+02 1.543481e+03 1.549074e+03 
4.520184e-05 5.352726e+01 3.334743e+00 1.450502e+02 1.549057e+03 4.600269e-05 5.470167e+01 1.433717e+00 1.534900e+03 4.660508e+01 5.321280e+01 -1.034454e+02 1.543481e+03 1.549074e+03 
4.520184e-05 5.352726e+01 3.334743e+00 1.469435e+02 1.548904e+03 4.633660e-05 5.420581e+01 1.712520e+00 1.534700e+03 4.734361e+01 5.356576e+01 -1.038140e+02 1.543481e+03 1.549074e+03 
4.520184e-05 5.352726e+01 3.334743e+00 1.481128e+02 1.548816e+03 4.649372e-05 5.401897e+01 2.009287e+00 1.534500e+03 4.671373e+01 5.372967e+01 -1.066871e+02 1.543481e+03 1.549074e+03 
4.520184e-05 5.352726e+01 3.334743e+00 1.495728e+02 1.548569e+03 4.671925e-05 5.367450e+01 2.550850e+00 1.534300e+03 4.783900e+01 5.375194e+01 -1.126028e+02 1.543481e+03 1.549074e+03 
4.520184e-05 5.352726e+01 3.334743e+00 1.512244e+02 1.548140e+03 4.663610e-05 5.310262e+01 3.231950e+00 1.534300e+03 4.754385e+01 5.299587e+01 -1.051950e+02 1.543481e+03 1.549074e+03 
4.520184e-05 5.352726e+01 3.334743e+00 1.527293e+02 1.547677e+03 4.640872e-05 5.273223e+01 3.494046e+00 1.534600e+03 4.736901e+01 5.136063e+01 -1.139719e+02 1.543481e+03 1.549074e+03 
4.520184e-05 5.352726e+01 3.334743e+00 1.536791e+02 1.547350e+03 4.627321e-05 5.255653e+01 3.566948e+00 1.534700e+03 4.974795e+01 4.899886e+01 -1.421915e+02 1.543481e+03 1.549074e+03 
4.520184e-05 5.352726e+01 3.334743e+00 1.549389e+02 1.546922e+03 4.606421e-05 5.234464e+01 3.651629e+00 1.535100e+03 4.619715e+01 4.931617e+01 -1.189607e+02 1.543481e+03 1.549074e+03 
4.520184e-05 5.352726e+01 3.334743e+00 1.558770e+02 1.546618e+03 4.591452e-05 5.226369e+01 3.658576e+00 1.535600e+03 4.457467e+01 4.758949e+01 -1.144466e+02 1.543481e+03 1.549074e+03 
4.520184e-05 5.352726e+01 3.334743e+00 1.568311e+02 1.546355e+03 4.577586e-05 5.223435e+01 3.635775e+00 1.535400e+03 4.365872e+01 4.681688e+01 -1.114132e+02 1.543481e+03 1.549074e+03 
4.520184e-05 5.352726e+01 3.334743e+00 1.581220e+02 1.546032e+03 4.556584e-05 5.218530e+01 3.519121e+00 1.535600e+03 4.221045e+01 4.752593e+01 -1.093054e+02 1.543481e+03 1.549074e+03 
4.520184e-05 5.352726e+01 3.334743e+00 1.602123e+02 1.545573e+03 4.518401e-05 5.199311e+01 3.346009e+00 1.536400e+03 4.018051e+01 4.950084e+01 -1.081029e+02 1.543481e+03 1.549074e+03 
4.520184e-05 5.352726e+01 3.334743e+00 1.621233e+02 1.545304e+03 4.473590e-05 5.213810e+01 2.926288e+00 1.537200e+03 3.897429e+01 5.220893e+01 -9.393254e+01 1.543481e+03 1.549074e+03 
4.520184e-05 5.352726e+01 3.334743e+00 1.629235e+02 1.545236e+03 4.466738e-05 5.222768e+01 2.737287e+00 1.537700e+03 3.896236e+01 5.577512e+01 -1.010657e+02 1.543481e+03 1.549074e+03 
4.520184e-05 5.352726e+01 3.334743e+00 2.142906e+02 1.547784e+03 4.491679e-05 5.303595e+01 2.272504e+00 -3.000000e+00 4.097647e+01 5.611817e+01 -1.144419e+01 1.543481e+03 1.549074e+03 
4.520184e-05 5.352726e+01 3.334743e+00 2.142906e+02 1.547784e+03 4.491679e-05 5.303595e+01 2.272504e+00 -3.000000e+00 4.423729e+01 5.487996e+01 -1.114753e+01 1.543481e+03 1.549074e+03 
4.520184e-05 5.352726e+01 3.334743e+00 2.142906e+02 1.547784e+03 4.491679e-05 5.303595e+01 2.272504e+00 -3.000000e+00 4.560727e+01 5.450938e+01 -9.366504e+00 1.543481e+03 1.549074e+03 
4.520184e-05 5.352726e+01 3.334743e+00 2.142906e+02 1.547784e+03 4.491679e-05 5.303595e+01 2.272504e+00 -3.000000e+00 4.701378e+01 5.081406e+01 -8.860500e+00 1.543481e+03 1.549074e+03 
4.520184e-05 5.352726e+01 3.334743e+00 2.627820e+02 1.544934e+03 4.436712e-05 5.298775e+01 2.212377e+00 1.539100e+03 4.551312e+01 4.901101e+01 -1.047009e+02 1.543481e+03 1.549074e+03 
4.520184e-05 5.352726e+01 3.334743e+00 2.637700e+02 1.545044e+03 4.447004e-05 5.319753e+01 2.421715e+00 1.539200e+03 4.445616e+01 4.921113e+01 -1.135326e+02 1.543481e+03 1.549074e+03 
4.520184e-05 5.352726e+01 3.334743e+00 2.647365e+02 1.545124e+03 4.462510e-05 5.356345e+01 2.718886e+00 1.539100e+03 4.394051e+01 4.877977e+01 -1.090751e+02 1.543481e+03 1.549074e+03 
4.520184e-05 5.352726e+01 3.334743e+00 2.656810e+02 1.545253e+03 4.505826e-05 5.371786e+01 2.910000e+00 1.539500e+03 4.338336e+01 4.925032e+01 -1.191184e+02 1.543481e+03 1.549074e+03 
4.520184e-05 5.352726e+01 3.334743e+00 2.671382e+02 1.545008e+03 4.577792e-05 5.313002e+01 3.084508e+00 1.539300e+03 4.194003e+01 4.799984e+01 -1.152515e+02 1.543481e+03 1.549074e+03 
4.520184e-05 5.352726e+01 3.334743e+00 3.131384e+02 1.547784e+03 4.491679e-05 5.303595e+01 2.272504e+00 -3.000000e+00 4.153959e+01 5.022819e+01 -4.379056e+00 1.543481e+03 1.549074e+03 
4.520184e-05 5.352726e+01 3.334743e+00 3.131384e+02 1.547784e+03 4.491679e-05 5.303595e+01 2.272504e+00 -3.000000e+00 4.220049e+01 5.152446e+01 -6.260331e+00 1.543481e+03 1.549074e+03 
4.520184e-05 5.352726e+01 3.334743e+00 3.131384e+02 1.547784e+03 4.491679e-05 5.303595e+01 2.272504e+00 -3.000000e+00 4.257400e+01 5.079962e+01 -5.117899e+00 1.543481e+03 1.549074e+03 
4.520184e-05 5.352726e+01 3.334743e+00 3.131384e+02 1.547784e+03 4.491679e-05 5.303595e+01 2.272504e+00 -3.000000e+00 4.288496e+01 5.187255e+01 -4.600395e+00 1.543481e+03 1.549074e+03 
4.520184e-05 5.352726e+01 3.334743e+00 3.131384e+02 1.547784e+03 4.491679e-05 5.303595e+01 2.272504e+00 -3.000000e+00 4.364113e+01 5.057903e+01 -4.244836e+00 1.543481e+03 1.549074e+03 
4.520184e-05 5.352726e+01 3.334743e+00 3.537943e+02 1.543481e+03 4.491842e-05 5.180149e+01 2.490102e+00 1.541200e+03 4.169631e+01 5.060028e+01 -1.198003e+02 1.543481e+03 1.549074e+03 
4.520184e-05 5.352726e+01 3.334743e+00 3.944501e+02 1.547784e+03 4.491679e-05 5.303595e+01 2.272504e+00 -3.000000e+00 4.278968e+01 5.250503e+01 -6.972599e+00 1.543481e+03 1.549074e+03 
4.520184e-05 5.352726e+01 3.334743e+00 3.944501e+02 1.547784e+03 4.491679e-05 5.303595e+01 2.272504e+00 -3.000000e+00 4.306900e+01 4.992803e+01 -6.117692e+00 1.543481e+03 1.549074e+03 
4.520184e-05 5.352726e+01 3.334743e+00 3.944501e+02 1.547784e+03 4.491679e-05 5.303595e+01 2.272504e+00 -3.000000e+00 4.184330e+01 4.739471e+01 -4.282079e+00 1.543481e+03 1.549074e+03 
4.520184e-05 5.352726e+01 3.334743e+00 3.944501e+02 1.547784e+03 4.491679e-05 5.303595e+01 2.272504e+00 -3.000000e+00 4.171750e+01 4.720893e+01 -4.667154e+00 1.543481e+03 1.549074e+03 
4.520184e-05 5.352726e+01 3.334743e+00 3.944501e+02 1.547784e+03 4.491679e-05 5.303595e+01 2.272504e+00 -3.000000e+00 4.033531e+01 4.936098e+01 -1.854263e+00 1.543481e+03 1.549074e+03 
4.520184e-05 5.352726e+01 3.334743e+00 3.944501e+02 1.547784e+03 4.491679e-05 5.303595e+01 2.272504e+00 -3.000000e+00 4.106976e+01 5.102748e+01 -3.999739e-01 1.543481e+03 1.549074e+03 
4.520184e-05 5.352726e+01 3.334743e+00 3.944501e+02 1.547784e+03 4.491679e-05 5.303595e+01 2.272504e+00 -3.000000e+00 4.110778e+01 5.038936e+01 -1.082737e+00 1.543481e+03 1.549074e+03 
4.520184e-05 5.352726e+01 3.334743e+00 3.944501e+02 1.547784e+03 4.491679e-05 5.303595e+01 2.272504e+00 -3.000000e+00 4.111884e+01 5.337052e+01 -1.501430e-01 1.543481e+03 1.549074e+03 
4.520184e-05 5.352726e+01 3.334743e+00 3.944501e+02 1.547784e+03 4.491679e-05 5.303595e+01 2.272504e+00 -3.000000e+00 4.284750e+01 5.356359e+01 -1.819155e+00 1.543481e+03 1.549074e+03 
4.520184e-05 5.352726e+01 3.334743e+00 3.944501e+02 1.547784e+03 4.491679e-05 5.303595e+01 2.272504e+00 -3.000000e+00 4.339663e+01 5.086910e+01 -1.765931e+00 1.543481e+03 1.549074e+03 
4.520184e-05 5.352726e+01 3.334743e+00 3.944501e+02 1.547784e+03 4.491679e-05 5.303595e+01 2.272504e+00 -3.000000e+00 4.194010e+01 5.043422e+01 -3.114820e-01 1.543481e+03 1.549074e+03 
4.520184e-05 5.352726e+01 3.334743e+00 3.944501e+02 1.547784e+03 4.491679e-05 5.303595e+01 2.272504e+00 -3.000000e+00 4.212603e+01 5.099580e+01 4.110483e-01 1.543481e+03 1.549074e+03 
4.520184e-05 5.352726e+01 3.334743e+00 3.944501e+02 1.547784e+03 4.491679e-05 5.303595e+01 2.272504e+00 -3.000000e+00 4.099331e+01 5.070403e+01 1.950298e+00 1.543481e+03 1.549074e+03 
4.520184e-05 5.352726e+01 3.334743e+00 3.944501e+02 1.547784e+03 4.491679e-05 5.303595e+01 2.272504e+00 -3.000000e+00 4.224953e+01 5.309185e+01 4.066310e-01 1.543481e+03 1.549074e+03 
4.520184e-05 5.352726e+01 3.334743e+00 3.944501e+02 1.547784e+03 4.491679e-05 5.303595e+01 2.272504e+00 -3.000000e+00 4.140236e+01 5.343759e+01 1.466245e+00 1.543481e+03 1.549074e+03 
4.520184e-05 5.352726e+01 3.334743e+00 3.944501e+02 1.547784e+03 4.491679e-05 5.303595e+01 2.272504e+00 -3.000000e+00 4.263043e+01 5.104042e+01 -2.404558e-01 1.543481e+03 1.549074e+03 
4.520184e-05 5.352726e+01 3.334743e+00 3.944501e+02 1.547784e+03 4.491679e-05 5.303595e+01 2.272504e+00 -3.000000e+00 4.327297e+01 5.467066e+01 2.626810e+00 1.543481e+03 1.549074e+03 
4.520184e-05 5.352726e+01 3.334743e+00 3.944501e+02 1.547784e+03 4.491679e-05 5.303595e+01 2.272504e+00 -3.000000e+00 4.332410e+01 5.294775e+01 2.810186e+00 1.543481e+03 1.549074e+03 
4.520184e-05 5.352726e+01 3.334743e+00 3.944501e+02 1.547784e+03 4.491679e-05 5.303595e+01 2.272504e+00 -3.000000e+00 4.157644e+01 5.138431e+01 2.732118e+00 1.543481e+03 1.549074e+03 
4.520184e-05 5.352726e+01 3.334743e+00 3.944501e+02 1.547784e+03 4.491679e-05 5.303595e+01 2.272504e+00 -3.000000e+00 3.959816e+01 5.445991e+01 4.848386e+00 1.543481e+03 1.549074e+03 
4.520184e-05 5.352726e+01 3.334743e+00 3.944501e+02 1.547784e+03 4.491679e-05 5.303595e+01 2.272504e+00 -3.000000e+00 4.217657e+01 5.850297e+01 6.303033e+00 1.543481e+03 1.549074e+03 
4.520184e-05 5.352726e+01 3.334743e+00 4.245570e+02 1.544672e+03 4.436252e-05 5.333813e+01 2.801411e+00 1.545100e+03 4.424901e+01 5.866394e+01 1.274146e+00 1.543481e+03 1.549074e+03 
