# 1, 2, 3, 4   , 5   , 6   , 7   , 8   , 9   , 10  
# x, y, z, Bx_si, By_si, Bz_si, In_si, Ic_si, Dc_si, dmeas 
5.053786e+05 4.183254e+06 1.548284e+03 -3.250823e-07 -6.606580e-08 1.072802e-06 1.122919e-06 7.281755e+01 -1.685123e+02 0.000000e+00 
5.053376e+05 4.183191e+06 1.548284e+03 -2.549072e-07 1.553544e-08 1.054293e-06 1.084782e-06 7.638358e+01 1.765124e+02 7.512208e+01 
5.053376e+05 4.183191e+06 1.548284e+03 -2.549072e-07 1.553544e-08 1.054293e-06 1.084782e-06 7.638358e+01 1.765124e+02 7.512208e+01 
5.053376e+05 4.183191e+06 1.548284e+03 -2.549072e-07 1.553544e-08 1.054293e-06 1.084782e-06 7.638358e+01 1.765124e+02 7.512208e+01 
5.053759e+05 4.183248e+06 1.548284e+03 -3.099913e-07 -6.208522e-08 1.058048e-06 1.104271e-06 7.336373e+01 -1.686746e+02 1.441110e+02 
5.053754e+05 4.183248e+06 1.548284e+03 -3.081597e-07 -6.112031e-08 1.055666e-06 1.101422e-06 7.342718e+01 -1.687816e+02 1.450502e+02 
5.053746e+05 4.183246e+06 1.548284e+03 -3.040319e-07 -6.000453e-08 1.051917e-06 1.096615e-06 7.358493e+01 -1.688354e+02 1.469435e+02 
5.053740e+05 4.183245e+06 1.548284e+03 -3.017784e-07 -5.901020e-08 1.049402e-06 1.093525e-06 7.366847e+01 -1.689359e+02 1.481128e+02 
5.053734e+05 4.183243e+06 1.548284e+03 -2.988126e-07 -5.816948e-08 1.046817e-06 1.090183e-06 7.378519e+01 -1.689841e+02 1.495728e+02 
5.053722e+05 4.183242e+06 1.548284e+03 -2.968158e-07 -5.558231e-08 1.042475e-06 1.085331e-06 7.384521e+01 -1.693935e+02 1.512244e+02 
5.053713e+05 4.183241e+06 1.548284e+03 -2.944502e-07 -5.396466e-08 1.039374e-06 1.081625e-06 7.393285e+01 -1.696145e+02 1.527293e+02 
5.053710e+05 4.183240e+06 1.548284e+03 -2.925567e-07 -5.372658e-08 1.038299e-06 1.080065e-06 7.401419e+01 -1.695939e+02 1.536791e+02 
5.053706e+05 4.183239e+06 1.548284e+03 -2.901604e-07 -5.333172e-08 1.036876e-06 1.078030e-06 7.411743e+01 -1.695852e+02 1.549389e+02 
5.053708e+05 4.183238e+06 1.548284e+03 -2.881703e-07 -5.404584e-08 1.037009e-06 1.077660e-06 7.421275e+01 -1.693777e+02 1.558770e+02 
5.053707e+05 4.183237e+06 1.548284e+03 -2.862547e-07 -5.445538e-08 1.036821e-06 1.076989e-06 7.430250e+01 -1.692291e+02 1.568311e+02 
5.053703e+05 4.183236e+06 1.548284e+03 -2.840794e-07 -5.394686e-08 1.035487e-06 1.075102e-06 7.439779e+01 -1.692475e+02 1.581220e+02 
5.053695e+05 4.183234e+06 1.548284e+03 -2.808477e-07 -5.285433e-08 1.033275e-06 1.072066e-06 7.453989e+01 -1.693418e+02 1.602123e+02 
5.053695e+05 4.183232e+06 1.548284e+03 -2.775938e-07 -5.346893e-08 1.033180e-06 1.071157e-06 7.469740e+01 -1.690975e+02 1.621233e+02 
5.053694e+05 4.183231e+06 1.548284e+03 -2.763006e-07 -5.370298e-08 1.033173e-06 1.070828e-06 7.476053e+01 -1.690009e+02 1.629235e+02 
5.053376e+05 4.183191e+06 1.548284e+03 -2.549072e-07 1.553544e-08 1.054293e-06 1.084782e-06 7.638358e+01 1.765124e+02 2.142906e+02 
5.053376e+05 4.183191e+06 1.548284e+03 -2.549072e-07 1.553544e-08 1.054293e-06 1.084782e-06 7.638358e+01 1.765124e+02 2.142906e+02 
5.053376e+05 4.183191e+06 1.548284e+03 -2.549072e-07 1.553544e-08 1.054293e-06 1.084782e-06 7.638358e+01 1.765124e+02 2.142906e+02 
5.053376e+05 4.183191e+06 1.548284e+03 -2.549072e-07 1.553544e-08 1.054293e-06 1.084782e-06 7.638358e+01 1.765124e+02 2.142906e+02 
5.053705e+05 4.183227e+06 1.548284e+03 -2.688237e-07 -5.870206e-08 1.037616e-06 1.073480e-06 7.514797e+01 -1.676819e+02 2.627820e+02 
5.053705e+05 4.183226e+06 1.548284e+03 -2.675198e-07 -5.913430e-08 1.038030e-06 1.073578e-06 7.521453e+01 -1.675354e+02 2.637700e+02 
5.053711e+05 4.183225e+06 1.548284e+03 -2.662603e-07 -6.095008e-08 1.039949e-06 1.075223e-06 7.528342e+01 -1.671065e+02 2.647365e+02 
5.053710e+05 4.183224e+06 1.548284e+03 -2.651292e-07 -6.121882e-08 1.040272e-06 1.075270e-06 7.534149e+01 -1.669982e+02 2.656810e+02 
5.053712e+05 4.183222e+06 1.548284e+03 -2.633635e-07 -6.242410e-08 1.041691e-06 1.076279e-06 7.543501e+01 -1.666655e+02 2.671382e+02 
5.053376e+05 4.183191e+06 1.548284e+03 -2.549072e-07 1.553544e-08 1.054293e-06 1.084782e-06 7.638358e+01 1.765124e+02 3.131384e+02 
5.053376e+05 4.183191e+06 1.548284e+03 -2.549072e-07 1.553544e-08 1.054293e-06 1.084782e-06 7.638358e+01 1.765124e+02 3.131384e+02 
5.053376e+05 4.183191e+06 1.548284e+03 -2.549072e-07 1.553544e-08 1.054293e-06 1.084782e-06 7.638358e+01 1.765124e+02 3.131384e+02 
5.053376e+05 4.183191e+06 1.548284e+03 -2.549072e-07 1.553544e-08 1.054293e-06 1.084782e-06 7.638358e+01 1.765124e+02 3.131384e+02 
5.053376e+05 4.183191e+06 1.548284e+03 -2.549072e-07 1.553544e-08 1.054293e-06 1.084782e-06 7.638358e+01 1.765124e+02 3.131384e+02 
5.053696e+05 4.183216e+06 1.548284e+03 -2.578320e-07 -6.067031e-08 1.042122e-06 1.075257e-06 7.573923e+01 -1.667586e+02 3.537943e+02 
5.053376e+05 4.183191e+06 1.548284e+03 -2.549072e-07 1.553544e-08 1.054293e-06 1.084782e-06 7.638358e+01 1.765124e+02 3.944501e+02 
5.053376e+05 4.183191e+06 1.548284e+03 -2.549072e-07 1.553544e-08 1.054293e-06 1.084782e-06 7.638358e+01 1.765124e+02 3.944501e+02 
5.053376e+05 4.183191e+06 1.548284e+03 -2.549072e-07 1.553544e-08 1.054293e-06 1.084782e-06 7.638358e+01 1.765124e+02 3.944501e+02 
5.053376e+05 4.183191e+06 1.548284e+03 -2.549072e-07 1.553544e-08 1.054293e-06 1.084782e-06 7.638358e+01 1.765124e+02 3.944501e+02 
5.053376e+05 4.183191e+06 1.548284e+03 -2.549072e-07 1.553544e-08 1.054293e-06 1.084782e-06 7.638358e+01 1.765124e+02 3.944501e+02 
5.053376e+05 4.183191e+06 1.548284e+03 -2.549072e-07 1.553544e-08 1.054293e-06 1.084782e-06 7.638358e+01 1.765124e+02 3.944501e+02 
5.053376e+05 4.183191e+06 1.548284e+03 -2.549072e-07 1.553544e-08 1.054293e-06 1.084782e-06 7.638358e+01 1.765124e+02 3.944501e+02 
5.053376e+05 4.183191e+06 1.548284e+03 -2.549072e-07 1.553544e-08 1.054293e-06 1.084782e-06 7.638358e+01 1.765124e+02 3.944501e+02 
5.053376e+05 4.183191e+06 1.548284e+03 -2.549072e-07 1.553544e-08 1.054293e-06 1.084782e-06 7.638358e+01 1.765124e+02 3.944501e+02 
5.053376e+05 4.183191e+06 1.548284e+03 -2.549072e-07 1.553544e-08 1.054293e-06 1.084782e-06 7.638358e+01 1.765124e+02 3.944501e+02 
5.053376e+05 4.183191e+06 1.548284e+03 -2.549072e-07 1.553544e-08 1.054293e-06 1.084782e-06 7.638358e+01 1.765124e+02 3.944501e+02 
5.053376e+05 4.183191e+06 1.548284e+03 -2.549072e-07 1.553544e-08 1.054293e-06 1.084782e-06 7.638358e+01 1.765124e+02 3.944501e+02 
5.053376e+05 4.183191e+06 1.548284e+03 -2.549072e-07 1.553544e-08 1.054293e-06 1.084782e-06 7.638358e+01 1.765124e+02 3.944501e+02 
5.053376e+05 4.183191e+06 1.548284e+03 -2.549072e-07 1.553544e-08 1.054293e-06 1.084782e-06 7.638358e+01 1.765124e+02 3.944501e+02 
5.053376e+05 4.183191e+06 1.548284e+03 -2.549072e-07 1.553544e-08 1.054293e-06 1.084782e-06 7.638358e+01 1.765124e+02 3.944501e+02 
5.053376e+05 4.183191e+06 1.548284e+03 -2.549072e-07 1.553544e-08 1.054293e-06 1.084782e-06 7.638358e+01 1.765124e+02 3.944501e+02 
5.053376e+05 4.183191e+06 1.548284e+03 -2.549072e-07 1.553544e-08 1.054293e-06 1.084782e-06 7.638358e+01 1.765124e+02 3.944501e+02 
5.053376e+05 4.183191e+06 1.548284e+03 -2.549072e-07 1.553544e-08 1.054293e-06 1.084782e-06 7.638358e+01 1.765124e+02 3.944501e+02 
5.053376e+05 4.183191e+06 1.548284e+03 -2.549072e-07 1.553544e-08 1.054293e-06 1.084782e-06 7.638358e+01 1.765124e+02 3.944501e+02 
5.053376e+05 4.183191e+06 1.548284e+03 -2.549072e-07 1.553544e-08 1.054293e-06 1.084782e-06 7.638358e+01 1.765124e+02 3.944501e+02 
5.053376e+05 4.183191e+06 1.548284e+03 -2.549072e-07 1.553544e-08 1.054293e-06 1.084782e-06 7.638358e+01 1.765124e+02 3.944501e+02 
5.053677e+05 4.183190e+06 1.548284e+03 -2.511183e-07 -6.473784e-08 1.083248e-06 1.113857e-06 7.653682e+01 -1.655440e+02 4.245570e+02 
