# 1    , 2      , 3      , 4      , 5      , 6      , 7       
# dmeas, Bx_siB0, By_siB0, Bz_siB0, In_siB0, Ic_siB0, Dc_siB0 
0.000000e+00 2.593918e-05 1.115696e-06 3.619466e-05 4.454368e-05 5.434736e+01 2.462888e+00 
7.512208e+01 2.698784e-05 1.070972e-06 3.588910e-05 4.491679e-05 5.303595e+01 2.272504e+00 
7.512208e+01 2.698784e-05 1.070972e-06 3.588910e-05 4.491679e-05 5.303595e+01 2.272504e+00 
7.512208e+01 2.698784e-05 1.070972e-06 3.588910e-05 4.491679e-05 5.303595e+01 2.272504e+00 
1.441110e+02 2.625056e-05 6.952672e-07 3.734997e-05 4.565737e-05 5.488998e+01 1.517170e+00 
1.450502e+02 2.657359e-05 6.650917e-07 3.754531e-05 4.600269e-05 5.470167e+01 1.433717e+00 
1.469435e+02 2.708904e-05 8.099086e-07 3.758469e-05 4.633660e-05 5.420581e+01 1.712520e+00 
1.481128e+02 2.729907e-05 9.577349e-07 3.762325e-05 4.649372e-05 5.401897e+01 2.009287e+00 
1.495728e+02 2.764774e-05 1.231712e-06 3.764005e-05 4.671925e-05 5.367450e+01 2.550850e+00 
1.512244e+02 2.795502e-05 1.578566e-06 3.729546e-05 4.663610e-05 5.310262e+01 3.231950e+00 
1.527293e+02 2.805014e-05 1.712694e-06 3.693272e-05 4.640872e-05 5.273223e+01 3.494046e+00 
1.536791e+02 2.807861e-05 1.750295e-06 3.673878e-05 4.627321e-05 5.255653e+01 3.566948e+00 
1.549389e+02 2.808398e-05 1.792302e-06 3.646902e-05 4.606421e-05 5.234464e+01 3.651629e+00 
1.558770e+02 2.804372e-05 1.793147e-06 3.631085e-05 4.591452e-05 5.226369e+01 3.658576e+00 
1.568311e+02 2.797824e-05 1.777781e-06 3.618684e-05 4.577586e-05 5.223435e+01 3.635775e+00 
1.581220e+02 2.788419e-05 1.714811e-06 3.599691e-05 4.556584e-05 5.218530e+01 3.519121e+00 
1.602123e+02 2.777491e-05 1.623870e-06 3.560214e-05 4.518401e-05 5.199311e+01 3.346009e+00 
1.621233e+02 2.742132e-05 1.401718e-06 3.531865e-05 4.473590e-05 5.213810e+01 2.926288e+00 
1.629235e+02 2.732868e-05 1.306613e-06 3.530738e-05 4.466738e-05 5.222768e+01 2.737287e+00 
2.142906e+02 2.698784e-05 1.070972e-06 3.588910e-05 4.491679e-05 5.303595e+01 2.272504e+00 
2.142906e+02 2.698784e-05 1.070972e-06 3.588910e-05 4.491679e-05 5.303595e+01 2.272504e+00 
2.142906e+02 2.698784e-05 1.070972e-06 3.588910e-05 4.491679e-05 5.303595e+01 2.272504e+00 
2.142906e+02 2.698784e-05 1.070972e-06 3.588910e-05 4.491679e-05 5.303595e+01 2.272504e+00 
2.627820e+02 2.668846e-05 1.031041e-06 3.542745e-05 4.436712e-05 5.298775e+01 2.212377e+00 
2.637700e+02 2.661635e-05 1.125661e-06 3.560741e-05 4.447004e-05 5.319753e+01 2.421715e+00 
2.647365e+02 2.647445e-05 1.257249e-06 3.590156e-05 4.462510e-05 5.356345e+01 2.718886e+00 
2.656810e+02 2.662938e-05 1.353646e-06 3.632204e-05 4.505826e-05 5.371786e+01 2.910000e+00 
2.671382e+02 2.742701e-05 1.477956e-06 3.662230e-05 4.577792e-05 5.313002e+01 3.084508e+00 
3.131384e+02 2.698784e-05 1.070972e-06 3.588910e-05 4.491679e-05 5.303595e+01 2.272504e+00 
3.131384e+02 2.698784e-05 1.070972e-06 3.588910e-05 4.491679e-05 5.303595e+01 2.272504e+00 
3.131384e+02 2.698784e-05 1.070972e-06 3.588910e-05 4.491679e-05 5.303595e+01 2.272504e+00 
3.131384e+02 2.698784e-05 1.070972e-06 3.588910e-05 4.491679e-05 5.303595e+01 2.272504e+00 
3.131384e+02 2.698784e-05 1.070972e-06 3.588910e-05 4.491679e-05 5.303595e+01 2.272504e+00 
3.537943e+02 2.775078e-05 1.206822e-06 3.530017e-05 4.491842e-05 5.180149e+01 2.490102e+00 
3.944501e+02 2.698784e-05 1.070972e-06 3.588910e-05 4.491679e-05 5.303595e+01 2.272504e+00 
3.944501e+02 2.698784e-05 1.070972e-06 3.588910e-05 4.491679e-05 5.303595e+01 2.272504e+00 
3.944501e+02 2.698784e-05 1.070972e-06 3.588910e-05 4.491679e-05 5.303595e+01 2.272504e+00 
3.944501e+02 2.698784e-05 1.070972e-06 3.588910e-05 4.491679e-05 5.303595e+01 2.272504e+00 
3.944501e+02 2.698784e-05 1.070972e-06 3.588910e-05 4.491679e-05 5.303595e+01 2.272504e+00 
3.944501e+02 2.698784e-05 1.070972e-06 3.588910e-05 4.491679e-05 5.303595e+01 2.272504e+00 
3.944501e+02 2.698784e-05 1.070972e-06 3.588910e-05 4.491679e-05 5.303595e+01 2.272504e+00 
3.944501e+02 2.698784e-05 1.070972e-06 3.588910e-05 4.491679e-05 5.303595e+01 2.272504e+00 
3.944501e+02 2.698784e-05 1.070972e-06 3.588910e-05 4.491679e-05 5.303595e+01 2.272504e+00 
3.944501e+02 2.698784e-05 1.070972e-06 3.588910e-05 4.491679e-05 5.303595e+01 2.272504e+00 
3.944501e+02 2.698784e-05 1.070972e-06 3.588910e-05 4.491679e-05 5.303595e+01 2.272504e+00 
3.944501e+02 2.698784e-05 1.070972e-06 3.588910e-05 4.491679e-05 5.303595e+01 2.272504e+00 
3.944501e+02 2.698784e-05 1.070972e-06 3.588910e-05 4.491679e-05 5.303595e+01 2.272504e+00 
3.944501e+02 2.698784e-05 1.070972e-06 3.588910e-05 4.491679e-05 5.303595e+01 2.272504e+00 
3.944501e+02 2.698784e-05 1.070972e-06 3.588910e-05 4.491679e-05 5.303595e+01 2.272504e+00 
3.944501e+02 2.698784e-05 1.070972e-06 3.588910e-05 4.491679e-05 5.303595e+01 2.272504e+00 
3.944501e+02 2.698784e-05 1.070972e-06 3.588910e-05 4.491679e-05 5.303595e+01 2.272504e+00 
3.944501e+02 2.698784e-05 1.070972e-06 3.588910e-05 4.491679e-05 5.303595e+01 2.272504e+00 
3.944501e+02 2.698784e-05 1.070972e-06 3.588910e-05 4.491679e-05 5.303595e+01 2.272504e+00 
3.944501e+02 2.698784e-05 1.070972e-06 3.588910e-05 4.491679e-05 5.303595e+01 2.272504e+00 
3.944501e+02 2.698784e-05 1.070972e-06 3.588910e-05 4.491679e-05 5.303595e+01 2.272504e+00 
4.245570e+02 2.645682e-05 1.294607e-06 3.558643e-05 4.436252e-05 5.333813e+01 2.801411e+00 
