# 1, 2, 3, 4   , 5   , 6   , 7   , 8   , 9   , 10  
# x, y, z, Bx_si, By_si, Bz_si, In_si, Ic_si, Dc_si, dmeas 
5.053786e+05 4.183254e+06 1.547888e+03 -4.473042e-07 -8.851237e-07 1.539394e-07 1.003605e-06 -8.823230e+00 -1.531899e+02 0.000000e+00 
5.053376e+05 4.183191e+06 1.547784e+03 -4.920284e-07 1.635438e-07 4.595027e-07 6.928068e-07 -4.154805e+01 -7.161386e+01 7.512208e+01 
5.053376e+05 4.183191e+06 1.547784e+03 -4.920284e-07 1.635438e-07 4.595027e-07 6.928068e-07 -4.154805e+01 -7.161386e+01 7.512208e+01 
5.053376e+05 4.183191e+06 1.547784e+03 -4.920284e-07 1.635438e-07 4.595027e-07 6.928068e-07 -4.154805e+01 -7.161386e+01 7.512208e+01 
5.053759e+05 4.183248e+06 1.549074e+03 -8.677328e-07 -5.737448e-07 -1.001370e-06 1.443913e-06 4.390870e+01 -1.234727e+02 1.441110e+02 
5.053754e+05 4.183248e+06 1.549057e+03 -8.979083e-07 -2.507109e-07 -1.196705e-06 1.516970e-06 5.208083e+01 -1.056006e+02 1.450502e+02 
5.053746e+05 4.183246e+06 1.548904e+03 -7.530914e-07 2.647366e-07 -1.236092e-06 1.471447e-06 5.714563e+01 -7.063173e+01 1.469435e+02 
5.053740e+05 4.183245e+06 1.548816e+03 -6.052651e-07 4.747715e-07 -1.274653e-06 1.488790e-06 5.888895e+01 -5.188927e+01 1.481128e+02 
5.053734e+05 4.183243e+06 1.548569e+03 -3.312884e-07 8.234448e-07 -1.291449e-06 1.567053e-06 5.550000e+01 -2.191591e+01 1.495728e+02 
5.053722e+05 4.183242e+06 1.548140e+03 1.556632e-08 1.130721e-06 -9.468555e-07 1.474892e-06 3.993983e+01 7.887255e-01 1.512244e+02 
5.053713e+05 4.183241e+06 1.547677e+03 1.496940e-07 1.225838e-06 -5.841219e-07 1.366121e-06 2.531390e+01 6.962239e+00 1.527293e+02 
5.053710e+05 4.183240e+06 1.547350e+03 1.872953e-07 1.254308e-06 -3.901786e-07 1.326879e-06 1.710102e+01 8.492745e+00 1.536791e+02 
5.053706e+05 4.183239e+06 1.546922e+03 2.293018e-07 1.259676e-06 -1.204246e-07 1.286027e-06 5.373097e+00 1.031673e+01 1.549389e+02 
5.053708e+05 4.183238e+06 1.546618e+03 2.301467e-07 1.219415e-06 3.775070e-08 1.241518e-06 -1.742455e+00 1.068801e+01 1.558770e+02 
5.053707e+05 4.183237e+06 1.546355e+03 2.147807e-07 1.153935e-06 1.617603e-07 1.184848e-06 -7.846764e+00 1.054375e+01 1.568311e+02 
5.053703e+05 4.183236e+06 1.546032e+03 1.518106e-07 1.059885e-06 3.516910e-07 1.126983e-06 -1.818368e+01 8.151210e+00 1.581220e+02 
5.053695e+05 4.183234e+06 1.545573e+03 6.086980e-08 9.506052e-07 7.464564e-07 1.210187e-06 -3.808361e+01 3.663800e+00 1.602123e+02 
5.053695e+05 4.183232e+06 1.545304e+03 -1.612822e-07 5.970166e-07 1.029951e-06 1.201349e-06 -5.901794e+01 -1.511742e+01 1.621233e+02 
5.053694e+05 4.183231e+06 1.545236e+03 -2.563871e-07 5.043794e-07 1.041221e-06 1.185021e-06 -6.148020e+01 -2.694523e+01 1.629235e+02 
5.053376e+05 4.183191e+06 1.547784e+03 -4.920284e-07 1.635438e-07 4.595027e-07 6.928068e-07 -4.154805e+01 -7.161386e+01 2.142906e+02 
5.053376e+05 4.183191e+06 1.547784e+03 -4.920284e-07 1.635438e-07 4.595027e-07 6.928068e-07 -4.154805e+01 -7.161386e+01 2.142906e+02 
5.053376e+05 4.183191e+06 1.547784e+03 -4.920284e-07 1.635438e-07 4.595027e-07 6.928068e-07 -4.154805e+01 -7.161386e+01 2.142906e+02 
5.053376e+05 4.183191e+06 1.547784e+03 -4.920284e-07 1.635438e-07 4.595027e-07 6.928068e-07 -4.154805e+01 -7.161386e+01 2.142906e+02 
5.053705e+05 4.183227e+06 1.544934e+03 -5.319587e-07 -1.358357e-07 9.211525e-07 1.072359e-06 -5.920411e+01 -1.043244e+02 2.627820e+02 
5.053705e+05 4.183226e+06 1.545044e+03 -4.373391e-07 -2.079537e-07 7.411902e-07 8.853661e-07 -5.684108e+01 -1.154310e+02 2.637700e+02 
5.053711e+05 4.183225e+06 1.545124e+03 -3.057506e-07 -3.498510e-07 4.470381e-07 6.447653e-07 -4.389466e+01 -1.388483e+02 2.647365e+02 
5.053710e+05 4.183224e+06 1.545253e+03 -2.093542e-07 -1.949177e-07 2.656184e-08 2.872762e-07 -5.305202e+00 -1.329548e+02 2.656810e+02 
5.053712e+05 4.183222e+06 1.545008e+03 -8.504377e-08 6.027129e-07 -2.736955e-07 6.673863e-07 2.421115e+01 -8.031506e+00 2.671382e+02 
5.053376e+05 4.183191e+06 1.547784e+03 -4.920284e-07 1.635438e-07 4.595027e-07 6.928068e-07 -4.154805e+01 -7.161386e+01 3.131384e+02 
5.053376e+05 4.183191e+06 1.547784e+03 -4.920284e-07 1.635438e-07 4.595027e-07 6.928068e-07 -4.154805e+01 -7.161386e+01 3.131384e+02 
5.053376e+05 4.183191e+06 1.547784e+03 -4.920284e-07 1.635438e-07 4.595027e-07 6.928068e-07 -4.154805e+01 -7.161386e+01 3.131384e+02 
5.053376e+05 4.183191e+06 1.547784e+03 -4.920284e-07 1.635438e-07 4.595027e-07 6.928068e-07 -4.154805e+01 -7.161386e+01 3.131384e+02 
5.053376e+05 4.183191e+06 1.547784e+03 -4.920284e-07 1.635438e-07 4.595027e-07 6.928068e-07 -4.154805e+01 -7.161386e+01 3.131384e+02 
5.053696e+05 4.183216e+06 1.543481e+03 -3.561779e-07 9.264797e-07 1.048431e-06 1.443757e-06 -4.656730e+01 -2.102887e+01 3.537943e+02 
5.053376e+05 4.183191e+06 1.547784e+03 -4.920284e-07 1.635438e-07 4.595027e-07 6.928068e-07 -4.154805e+01 -7.161386e+01 3.944501e+02 
5.053376e+05 4.183191e+06 1.547784e+03 -4.920284e-07 1.635438e-07 4.595027e-07 6.928068e-07 -4.154805e+01 -7.161386e+01 3.944501e+02 
5.053376e+05 4.183191e+06 1.547784e+03 -4.920284e-07 1.635438e-07 4.595027e-07 6.928068e-07 -4.154805e+01 -7.161386e+01 3.944501e+02 
5.053376e+05 4.183191e+06 1.547784e+03 -4.920284e-07 1.635438e-07 4.595027e-07 6.928068e-07 -4.154805e+01 -7.161386e+01 3.944501e+02 
5.053376e+05 4.183191e+06 1.547784e+03 -4.920284e-07 1.635438e-07 4.595027e-07 6.928068e-07 -4.154805e+01 -7.161386e+01 3.944501e+02 
5.053376e+05 4.183191e+06 1.547784e+03 -4.920284e-07 1.635438e-07 4.595027e-07 6.928068e-07 -4.154805e+01 -7.161386e+01 3.944501e+02 
5.053376e+05 4.183191e+06 1.547784e+03 -4.920284e-07 1.635438e-07 4.595027e-07 6.928068e-07 -4.154805e+01 -7.161386e+01 3.944501e+02 
5.053376e+05 4.183191e+06 1.547784e+03 -4.920284e-07 1.635438e-07 4.595027e-07 6.928068e-07 -4.154805e+01 -7.161386e+01 3.944501e+02 
5.053376e+05 4.183191e+06 1.547784e+03 -4.920284e-07 1.635438e-07 4.595027e-07 6.928068e-07 -4.154805e+01 -7.161386e+01 3.944501e+02 
5.053376e+05 4.183191e+06 1.547784e+03 -4.920284e-07 1.635438e-07 4.595027e-07 6.928068e-07 -4.154805e+01 -7.161386e+01 3.944501e+02 
5.053376e+05 4.183191e+06 1.547784e+03 -4.920284e-07 1.635438e-07 4.595027e-07 6.928068e-07 -4.154805e+01 -7.161386e+01 3.944501e+02 
5.053376e+05 4.183191e+06 1.547784e+03 -4.920284e-07 1.635438e-07 4.595027e-07 6.928068e-07 -4.154805e+01 -7.161386e+01 3.944501e+02 
5.053376e+05 4.183191e+06 1.547784e+03 -4.920284e-07 1.635438e-07 4.595027e-07 6.928068e-07 -4.154805e+01 -7.161386e+01 3.944501e+02 
5.053376e+05 4.183191e+06 1.547784e+03 -4.920284e-07 1.635438e-07 4.595027e-07 6.928068e-07 -4.154805e+01 -7.161386e+01 3.944501e+02 
5.053376e+05 4.183191e+06 1.547784e+03 -4.920284e-07 1.635438e-07 4.595027e-07 6.928068e-07 -4.154805e+01 -7.161386e+01 3.944501e+02 
5.053376e+05 4.183191e+06 1.547784e+03 -4.920284e-07 1.635438e-07 4.595027e-07 6.928068e-07 -4.154805e+01 -7.161386e+01 3.944501e+02 
5.053376e+05 4.183191e+06 1.547784e+03 -4.920284e-07 1.635438e-07 4.595027e-07 6.928068e-07 -4.154805e+01 -7.161386e+01 3.944501e+02 
5.053376e+05 4.183191e+06 1.547784e+03 -4.920284e-07 1.635438e-07 4.595027e-07 6.928068e-07 -4.154805e+01 -7.161386e+01 3.944501e+02 
5.053376e+05 4.183191e+06 1.547784e+03 -4.920284e-07 1.635438e-07 4.595027e-07 6.928068e-07 -4.154805e+01 -7.161386e+01 3.944501e+02 
5.053376e+05 4.183191e+06 1.547784e+03 -4.920284e-07 1.635438e-07 4.595027e-07 6.928068e-07 -4.154805e+01 -7.161386e+01 3.944501e+02 
5.053376e+05 4.183191e+06 1.547784e+03 -4.920284e-07 1.635438e-07 4.595027e-07 6.928068e-07 -4.154805e+01 -7.161386e+01 3.944501e+02 
5.053677e+05 4.183190e+06 1.544672e+03 -2.683926e-07 -3.674769e-07 7.621732e-07 8.876833e-07 -5.916079e+01 -1.438569e+02 4.245570e+02 
