# 1,2,3, 4    , 5    , 6    , 7    , 8    , 9     
# x,y,z, Bx_si, By_si, Bz_si, In_si, Ic_si, Dc_si 
1.247790e+02 1.002300e+02 2.007864e+00 -1.764632e-07 -1.247252e-06 -2.041031e-06 2.398454e-06 5.831815e+01 -1.719472e+02 
1.247790e+02 1.012943e+02 3.055164e+00 -2.325970e-07 -1.688737e-06 -1.471743e-06 2.252102e-06 4.080583e+01 -1.721577e+02 
1.247790e+02 1.023587e+02 4.011530e+00 -3.064738e-07 -1.937791e-06 -7.371298e-07 2.095786e-06 2.059255e+01 -1.710128e+02 
1.247790e+02 1.034230e+02 4.808937e+00 -3.858505e-07 -1.890518e-06 4.381420e-08 1.929990e-06 -1.300828e+00 -1.684645e+02 
1.247790e+02 1.044874e+02 5.390665e+00 -4.536189e-07 -1.569947e-06 7.062459e-07 1.780249e-06 -2.337278e+01 -1.638839e+02 
1.247790e+02 1.055517e+02 5.715335e+00 -5.025133e-07 -1.093204e-06 1.179541e-06 1.684913e-06 -4.443187e+01 -1.553132e+02 
1.247790e+02 1.066161e+02 5.759853e+00 -5.351564e-07 -5.347583e-07 1.487808e-06 1.669111e-06 -6.304686e+01 -1.349787e+02 
1.247790e+02 1.076804e+02 5.521053e+00 -5.528489e-07 1.048100e-07 1.643277e-06 1.736948e-06 -7.109761e+01 -7.926517e+01 
1.247790e+02 1.087448e+02 5.015920e+00 -5.495092e-07 8.223755e-07 1.588653e-06 1.871385e-06 -5.809424e+01 -3.375075e+01 
1.247790e+02 1.098091e+02 4.280385e+00 -5.172766e-07 1.522391e-06 1.250396e-06 2.036845e-06 -3.787120e+01 -1.876669e+01 
1.247790e+02 1.108735e+02 3.366767e+00 -4.596988e-07 2.046721e-06 6.641270e-07 2.200330e-06 -1.756759e+01 -1.265871e+01 
1.247790e+02 1.119378e+02 2.340052e+00 -3.918673e-07 2.319839e-06 -2.418639e-08 2.352828e-06 5.889944e-01 -9.587895e+00 
1.247790e+02 1.130022e+02 1.273271e+00 -3.270355e-07 2.381980e-06 -6.857092e-07 2.500195e-06 1.591805e+01 -7.817586e+00 
1.247790e+02 1.140665e+02 2.423037e-01 -2.709784e-07 2.308143e-06 -1.262587e-06 2.644821e-06 2.851447e+01 -6.695932e+00 
1.247790e+02 1.151309e+02 -6.795161e-01 -2.247594e-07 2.155819e-06 -1.741835e-06 2.780658e-06 3.878582e+01 -5.951989e+00 
1.247790e+02 1.161952e+02 -1.426619e+00 -1.877659e-07 1.957251e-06 -2.126680e-06 2.896352e-06 4.724486e+01 -5.479815e+00 
1.247790e+02 1.172596e+02 -1.945863e+00 -1.590803e-07 1.726023e-06 -2.423714e-06 2.979740e-06 5.442924e+01 -5.265834e+00 
1.247790e+02 1.183239e+02 -2.200315e+00 -1.378770e-07 1.464035e-06 -2.639285e-06 3.021297e-06 6.087504e+01 -5.380019e+00 
1.247790e+02 1.193883e+02 -2.171874e+00 -1.235320e-07 1.166767e-06 -2.778578e-06 3.016140e-06 6.710750e+01 -6.043701e+00 
1.247790e+02 1.204526e+02 -1.862564e+00 -1.157125e-07 8.271468e-07 -2.844815e-06 2.964883e-06 7.363843e+01 -7.963628e+00 
1.247790e+02 1.215170e+02 -1.294387e+00 -1.145528e-07 4.386379e-07 -2.837580e-06 2.873566e-06 8.092279e+01 -1.463623e+01 
1.247790e+02 1.225813e+02 -5.077570e-01 -1.209463e-07 -1.726874e-09 -2.749977e-06 2.752635e-06 8.748145e+01 -9.081801e+01 
1.247790e+02 1.236457e+02 4.413729e-01 -1.369327e-07 -4.891209e-07 -2.564817e-06 2.614627e-06 7.879829e+01 -1.643601e+02 
1.247790e+02 1.247100e+02 1.485490e+00 -1.659805e-07 -1.002580e-06 -2.251765e-06 2.470457e-06 6.571024e+01 -1.705997e+02 
1.247790e+02 1.257743e+02 2.550327e+00 -2.124482e-07 -1.489366e-06 -1.772258e-06 2.324703e-06 4.967258e+01 -1.718819e+02 
1.247790e+02 1.268387e+02 3.560140e+00 -2.784174e-07 -1.847665e-06 -1.109416e-06 2.173059e-06 3.069926e+01 -1.714308e+02 
1.247790e+02 1.279030e+02 4.443101e+00 -3.572607e-07 -1.950564e-06 -3.290371e-07 2.010124e-06 9.421137e+00 -1.696209e+02 
1.247790e+02 1.289674e+02 5.136405e+00 -4.324282e-07 -1.750387e-06 4.090548e-07 1.848831e-06 -1.278250e+01 -1.661231e+02 
1.247790e+02 1.300317e+02 5.590737e+00 -4.905424e-07 -1.334728e-06 9.757407e-07 1.724587e-06 -3.445664e+01 -1.598205e+02 
1.247790e+02 1.310961e+02 5.773780e+00 -5.305732e-07 -8.121869e-07 1.360015e-06 1.670567e-06 -5.449881e+01 -1.468448e+02 
1.247790e+02 1.321604e+02 5.672513e+00 -5.557951e-07 -2.145787e-07 1.592526e-06 1.700321e-06 -6.948872e+01 -1.111103e+02 
1.247790e+02 1.332248e+02 5.294141e+00 -5.638414e-07 4.691262e-07 1.650981e-06 1.806581e-06 -6.604582e+01 -5.023893e+01 
1.247790e+02 1.342891e+02 4.665577e+00 -5.462154e-07 1.195629e-06 1.455480e-06 1.961199e-06 -4.791384e+01 -2.455299e+01 
1.247790e+02 1.353535e+02 3.831531e+00 -4.995494e-07 1.822133e-06 9.755964e-07 2.126384e-06 -2.731005e+01 -1.533130e+01 
1.247790e+02 1.364178e+02 2.851329e+00 -4.346431e-07 2.217103e-06 3.162765e-07 2.281335e-06 -7.968959e+00 -1.109166e+01 
1.247790e+02 1.374822e+02 1.794693e+00 -3.671705e-07 2.371362e-06 -3.707116e-07 2.428086e-06 8.782065e+00 -8.801515e+00 
1.247790e+02 1.385465e+02 7.367820e-01 -3.064944e-07 2.353317e-06 -9.933734e-07 2.572708e-06 2.271327e+01 -7.420396e+00 
1.247790e+02 1.396109e+02 -2.471536e-01 -2.555051e-07 2.232055e-06 -1.521232e-06 2.713208e-06 3.410260e+01 -6.530269e+00 
1.247790e+02 1.406752e+02 -1.087127e+00 -2.141394e-07 2.051831e-06 -1.952068e-06 2.840147e-06 4.341773e+01 -5.958107e+00 
1.247790e+02 1.417396e+02 -1.723389e+00 -1.815398e-07 1.834485e-06 -2.291593e-06 2.941036e-06 5.118545e+01 -5.651562e+00 
1.247790e+02 1.428039e+02 -2.110683e+00 -1.568100e-07 1.586976e-06 -2.546448e-06 3.004577e-06 5.794328e+01 -5.643110e+00 
1.247790e+02 1.438683e+02 -2.221461e+00 -1.392164e-07 1.307437e-06 -2.722445e-06 3.023322e-06 6.422138e+01 -6.077973e+00 
1.247790e+02 1.449326e+02 -2.047843e+00 -1.282644e-07 9.896572e-07 -2.823917e-06 2.995059e-06 7.053727e+01 -7.384649e+00 
1.247790e+02 1.459970e+02 -1.602178e+00 -1.238274e-07 6.264726e-07 -2.852538e-06 2.923145e-06 7.738134e+01 -1.118085e+01 
1.247790e+02 1.470613e+02 -9.161670e-01 -1.263811e-07 2.127135e-07 -2.805050e-06 2.815941e-06 8.495915e+01 -3.071614e+01 
1.247790e+02 1.481257e+02 -3.860583e-02 -1.373511e-07 -2.513874e-07 -2.669864e-06 2.685188e-06 8.387588e+01 -1.513490e+02 
1.247790e+02 1.491900e+02 9.680840e-01 -1.594986e-07 -7.542935e-07 -2.423239e-06 2.542928e-06 7.235112e+01 -1.680604e+02 
