# 1 , 2 , 3 , 4      , 5      , 6      , 7      , 8      , 9      ,                           10 (pm), 11 (pm), 12 (pm)  
# xm, ym, zm, IGRF_In, IGRF_Ic, IGRF_Dc, In_siB0, Ic_siB0, Dc_siB0,                           Bx_siB0, By_siB0, Bz_siB0  
1.247790e+02 1.002300e+02 2.007864e+00 2.215188e-05 -3.250676e+01 -1.512331e+01 2.037604e-05 -3.222234e+01 -1.703746e+01 1.648132e-05 -5.050631e-06 -1.086463e-05 
1.247790e+02 1.012943e+02 3.055164e+00 2.215188e-05 -3.250676e+01 -1.512331e+01 2.035131e-05 -3.417939e+01 -1.765707e+01 1.604311e-05 -5.106769e-06 -1.143308e-05 
1.247790e+02 1.023587e+02 4.011530e+00 2.215188e-05 -3.250676e+01 -1.512331e+01 2.060160e-05 -3.619828e+01 -1.815672e+01 1.579724e-05 -5.180649e-06 -1.216692e-05 
1.247790e+02 1.034230e+02 4.808937e+00 2.215188e-05 -3.250676e+01 -1.512331e+01 2.112921e-05 -3.778947e+01 -1.836169e+01 1.584760e-05 -5.260029e-06 -1.294717e-05 
1.247790e+02 1.044874e+02 5.390665e+00 2.215188e-05 -3.250676e+01 -1.512331e+01 2.179671e-05 -3.863520e+01 -1.823514e+01 1.617117e-05 -5.327800e-06 -1.360898e-05 
1.247790e+02 1.055517e+02 5.715335e+00 2.215188e-05 -3.250676e+01 -1.512331e+01 2.246004e-05 -3.882677e+01 -1.789573e+01 1.665082e-05 -5.376698e-06 -1.408173e-05 
1.247790e+02 1.066161e+02 5.759853e+00 2.215188e-05 -3.250676e+01 -1.512331e+01 2.307759e-05 -3.857421e+01 -1.744668e+01 1.721208e-05 -5.409344e-06 -1.438952e-05 
1.247790e+02 1.076804e+02 5.521053e+00 2.215188e-05 -3.250676e+01 -1.512331e+01 2.365960e-05 -3.793326e+01 -1.690723e+01 1.785439e-05 -5.427040e-06 -1.454458e-05 
1.247790e+02 1.087448e+02 5.015920e+00 2.215188e-05 -3.250676e+01 -1.512331e+01 2.417399e-05 -3.682614e+01 -1.627757e+01 1.857461e-05 -5.423703e-06 -1.448962e-05 
1.247790e+02 1.098091e+02 4.280385e+00 2.215188e-05 -3.250676e+01 -1.512331e+01 2.451392e-05 -3.525861e+01 -1.562531e+01 1.927720e-05 -5.391474e-06 -1.415110e-05 
1.247790e+02 1.108735e+02 3.366767e+00 2.215188e-05 -3.250676e+01 -1.512331e+01 2.458963e-05 -3.347964e+01 -1.507400e+01 1.980404e-05 -5.333899e-06 -1.356464e-05 
1.247790e+02 1.119378e+02 2.340052e+00 2.215188e-05 -3.250676e+01 -1.512331e+01 2.442781e-05 -3.181057e+01 -1.469544e+01 2.007958e-05 -5.266071e-06 -1.287621e-05 
1.247790e+02 1.130022e+02 1.273271e+00 2.215188e-05 -3.250676e+01 -1.512331e+01 2.412538e-05 -3.041756e+01 -1.447768e+01 2.014408e-05 -5.201242e-06 -1.221463e-05 
1.247790e+02 1.140665e+02 2.423037e-01 2.215188e-05 -3.250676e+01 -1.512331e+01 2.376588e-05 -2.931984e+01 -1.437707e+01 2.007253e-05 -5.145188e-06 -1.163778e-05 
1.247790e+02 1.151309e+02 -6.795161e-01 2.215188e-05 -3.250676e+01 -1.512331e+01 2.339695e-05 -2.848487e+01 -1.435619e+01 1.992242e-05 -5.098972e-06 -1.115863e-05 
1.247790e+02 1.161952e+02 -1.426619e+00 2.215188e-05 -3.250676e+01 -1.512331e+01 2.303946e-05 -2.788059e+01 -1.439239e+01 1.972600e-05 -5.061982e-06 -1.077395e-05 
1.247790e+02 1.172596e+02 -1.945863e+00 2.215188e-05 -3.250676e+01 -1.512331e+01 2.269873e-05 -2.748876e+01 -1.447540e+01 1.949685e-05 -5.033299e-06 -1.047716e-05 
1.247790e+02 1.183239e+02 -2.200315e+00 2.215188e-05 -3.250676e+01 -1.512331e+01 2.237153e-05 -2.730347e+01 -1.460353e+01 1.923689e-05 -5.012099e-06 -1.026190e-05 
1.247790e+02 1.193883e+02 -2.171874e+00 2.215188e-05 -3.250676e+01 -1.512331e+01 2.205076e-05 -2.732755e+01 -1.478070e+01 1.894158e-05 -4.997756e-06 -1.012299e-05 
1.247790e+02 1.204526e+02 -1.862564e+00 2.215188e-05 -3.250676e+01 -1.512331e+01 2.172903e-05 -2.757097e+01 -1.501451e+01 1.860386e-05 -4.989940e-06 -1.005722e-05 
1.247790e+02 1.215170e+02 -1.294387e+00 2.215188e-05 -3.250676e+01 -1.512331e+01 2.140229e-05 -2.805222e+01 -1.531499e+01 1.821719e-05 -4.988783e-06 -1.006498e-05 
1.247790e+02 1.225813e+02 -5.077570e-01 2.215188e-05 -3.250676e+01 -1.512331e+01 2.107411e-05 -2.880206e+01 -1.569354e+01 1.777861e-05 -4.995179e-06 -1.015320e-05 
1.247790e+02 1.236457e+02 4.413729e-01 2.215188e-05 -3.250676e+01 -1.512331e+01 2.076183e-05 -2.986665e+01 -1.616059e+01 1.729295e-05 -5.011169e-06 -1.033904e-05 
1.247790e+02 1.247100e+02 1.485490e+00 2.215188e-05 -3.250676e+01 -1.512331e+01 2.050596e-05 -3.129872e+01 -1.671763e+01 1.678116e-05 -5.040219e-06 -1.065285e-05 
1.247790e+02 1.257743e+02 2.550327e+00 2.215188e-05 -3.250676e+01 -1.512331e+01 2.038092e-05 -3.311050e+01 -1.733541e+01 1.629600e-05 -5.086690e-06 -1.113319e-05 
1.247790e+02 1.268387e+02 3.560140e+00 2.215188e-05 -3.250676e+01 -1.512331e+01 2.048849e-05 -3.515455e+01 -1.791437e+01 1.593928e-05 -5.152662e-06 -1.179695e-05 
1.247790e+02 1.279030e+02 4.443101e+00 2.215188e-05 -3.250676e+01 -1.512331e+01 2.089071e-05 -3.702051e+01 -1.827920e+01 1.583790e-05 -5.231508e-06 -1.257831e-05 
1.247790e+02 1.289674e+02 5.136405e+00 2.215188e-05 -3.250676e+01 -1.512331e+01 2.151240e-05 -3.824756e+01 -1.830677e+01 1.603955e-05 -5.306678e-06 -1.331748e-05 
1.247790e+02 1.300317e+02 5.590737e+00 2.215188e-05 -3.250676e+01 -1.512331e+01 2.219018e-05 -3.873662e+01 -1.805575e+01 1.645664e-05 -5.364795e-06 -1.388531e-05 
1.247790e+02 1.310961e+02 5.773780e+00 2.215188e-05 -3.250676e+01 -1.512331e+01 2.282998e-05 -3.868886e+01 -1.765601e+01 1.698057e-05 -5.404829e-06 -1.427081e-05 
1.247790e+02 1.321604e+02 5.672513e+00 2.215188e-05 -3.250676e+01 -1.512331e+01 2.342881e-05 -3.825000e+01 -1.716515e+01 1.757951e-05 -5.430053e-06 -1.450463e-05 
1.247790e+02 1.332248e+02 5.294141e+00 2.215188e-05 -3.250676e+01 -1.512331e+01 2.398519e-05 -3.738934e+01 -1.658045e+01 1.826451e-05 -5.438102e-06 -1.456448e-05 
1.247790e+02 1.342891e+02 4.665577e+00 2.215188e-05 -3.250676e+01 -1.512331e+01 2.442536e-05 -3.603942e+01 -1.592898e+01 1.899227e-05 -5.420479e-06 -1.437046e-05 
1.247790e+02 1.353535e+02 3.831531e+00 2.215188e-05 -3.250676e+01 -1.512331e+01 2.463358e-05 -3.432949e+01 -1.531737e+01 1.961999e-05 -5.373816e-06 -1.389214e-05 
1.247790e+02 1.364178e+02 2.851329e+00 2.215188e-05 -3.250676e+01 -1.512331e+01 2.457603e-05 -3.258234e+01 -1.485463e+01 2.001614e-05 -5.308912e-06 -1.323447e-05 
1.247790e+02 1.374822e+02 1.794693e+00 2.215188e-05 -3.250676e+01 -1.512331e+01 2.432789e-05 -3.105338e+01 -1.456582e+01 2.017153e-05 -5.241442e-06 -1.254921e-05 
1.247790e+02 1.385465e+02 7.367820e-01 2.215188e-05 -3.250676e+01 -1.512331e+01 2.398612e-05 -2.982175e+01 -1.441587e+01 2.015459e-05 -5.180768e-06 -1.192838e-05 
1.247790e+02 1.396109e+02 -2.471536e-01 2.215188e-05 -3.250676e+01 -1.512331e+01 2.361582e-05 -2.887041e+01 -1.436196e+01 2.003439e-05 -5.129782e-06 -1.140243e-05 
1.247790e+02 1.406752e+02 -1.087127e+00 2.215188e-05 -3.250676e+01 -1.512331e+01 2.324954e-05 -2.816371e+01 -1.437420e+01 1.985520e-05 -5.088419e-06 -1.097361e-05 
1.247790e+02 1.417396e+02 -1.723389e+00 2.215188e-05 -3.250676e+01 -1.512331e+01 2.289922e-05 -2.767644e+01 -1.443673e+01 1.963886e-05 -5.055822e-06 -1.063618e-05 
1.247790e+02 1.428039e+02 -2.110683e+00 2.215188e-05 -3.250676e+01 -1.512331e+01 2.256527e-05 -2.739712e+01 -1.454403e+01 1.939232e-05 -5.031094e-06 -1.038353e-05 
1.247790e+02 1.438683e+02 -2.221461e+00 2.215188e-05 -3.250676e+01 -1.512331e+01 2.224207e-05 -2.732467e+01 -1.469752e+01 1.911371e-05 -5.013503e-06 -1.020983e-05 
1.247790e+02 1.449326e+02 -2.047843e+00 2.215188e-05 -3.250676e+01 -1.512331e+01 2.192200e-05 -2.746552e+01 -1.490313e+01 1.879684e-05 -5.002554e-06 -1.011075e-05 
1.247790e+02 1.459970e+02 -1.602178e+00 2.215188e-05 -3.250676e+01 -1.512331e+01 2.159891e-05 -2.783353e+01 -1.516979e+01 1.843454e-05 -4.998119e-06 -1.008463e-05 
1.247790e+02 1.470613e+02 -9.161670e-01 2.215188e-05 -3.250676e+01 -1.512331e+01 2.127201e-05 -2.845278e+01 -1.550837e+01 1.802164e-05 -5.000675e-06 -1.013472e-05 
1.247790e+02 1.481257e+02 -3.860583e-02 2.215188e-05 -3.250676e+01 -1.512331e+01 2.095088e-05 -2.936154e+01 -1.593023e+01 1.755836e-05 -5.011648e-06 -1.027261e-05 
1.247790e+02 1.491900e+02 9.680840e-01 2.215188e-05 -3.250676e+01 -1.512331e+01 2.066322e-05 -3.061164e+01 -1.644286e+01 1.705627e-05 -5.033798e-06 -1.052205e-05 
