# 1 , 2 , 3 , 4      , 5      , 6      , 7      , 8      , 9      ,                       10 (pm), 11 (pm), 12 (pm)  
# xm, ym, zm, IGRF_In, IGRF_Ic, IGRF_Dc, In_siB0, Ic_siB0, Dc_siB0,                       Bx_siB0, By_siB0, Bz_siB0  
1.247790e+02 1.002300e+02 2.007864e+00 2.215188e-05 -3.250676e+01 -1.512331e+01 2.011460e-05 -2.936416e+01 -1.674385e+01 1.678705e-05 -5.050363e-06 -9.863369e-06 
1.247790e+02 1.012943e+02 3.055164e+00 2.215188e-05 -3.250676e+01 -1.512331e+01 2.005228e-05 -3.135055e+01 -1.734926e+01 1.634556e-05 -5.106497e-06 -1.043266e-05 
1.247790e+02 1.023587e+02 4.011530e+00 2.215188e-05 -3.250676e+01 -1.512331e+01 2.026430e-05 -3.344121e+01 -1.783984e+01 1.609651e-05 -5.180374e-06 -1.116727e-05 
1.247790e+02 1.034230e+02 4.808937e+00 2.215188e-05 -3.250676e+01 -1.512331e+01 2.076166e-05 -3.513425e+01 -1.804595e+01 1.614378e-05 -5.259751e-06 -1.194821e-05 
1.247790e+02 1.044874e+02 5.390665e+00 2.215188e-05 -3.250676e+01 -1.512331e+01 2.141228e-05 -3.608215e+01 -1.793049e+01 1.646435e-05 -5.327519e-06 -1.261065e-05 
1.247790e+02 1.055517e+02 5.715335e+00 2.215188e-05 -3.250676e+01 -1.512331e+01 2.207025e-05 -3.635820e+01 -1.760732e+01 1.694110e-05 -5.376413e-06 -1.308394e-05 
1.247790e+02 1.066161e+02 5.759853e+00 2.215188e-05 -3.250676e+01 -1.512331e+01 2.269015e-05 -3.617270e+01 -1.717622e+01 1.749954e-05 -5.409056e-06 -1.339221e-05 
1.247790e+02 1.076804e+02 5.521053e+00 2.215188e-05 -3.250676e+01 -1.512331e+01 2.328125e-05 -3.558526e+01 -1.665581e+01 1.813911e-05 -5.426749e-06 -1.354768e-05 
1.247790e+02 1.087448e+02 5.015920e+00 2.215188e-05 -3.250676e+01 -1.512331e+01 2.381281e-05 -3.451556e+01 -1.604588e+01 1.885668e-05 -5.423409e-06 -1.349305e-05 
1.247790e+02 1.098091e+02 4.280385e+00 2.215188e-05 -3.250676e+01 -1.512331e+01 2.417804e-05 -3.296184e+01 -1.541189e+01 1.955669e-05 -5.391177e-06 -1.315480e-05 
1.247790e+02 1.108735e+02 3.366767e+00 2.215188e-05 -3.250676e+01 -1.512331e+01 2.428297e-05 -3.117047e+01 -1.487456e+01 2.008102e-05 -5.333599e-06 -1.256853e-05 
1.247790e+02 1.119378e+02 2.340052e+00 2.215188e-05 -3.250676e+01 -1.512331e+01 2.414868e-05 -2.946957e+01 -1.450483e+01 2.035414e-05 -5.265767e-06 -1.188021e-05 
1.247790e+02 1.130022e+02 1.273271e+00 2.215188e-05 -3.250676e+01 -1.512331e+01 2.386909e-05 -2.803490e+01 -1.429181e+01 2.041628e-05 -5.200936e-06 -1.121869e-05 
1.247790e+02 1.140665e+02 2.423037e-01 2.215188e-05 -3.250676e+01 -1.512331e+01 2.352728e-05 -2.689250e+01 -1.419325e+01 2.034244e-05 -5.144878e-06 -1.064181e-05 
1.247790e+02 1.151309e+02 -6.795161e-01 2.215188e-05 -3.250676e+01 -1.512331e+01 2.317143e-05 -2.601343e+01 -1.417272e+01 2.019012e-05 -5.098659e-06 -1.016257e-05 
1.247790e+02 1.161952e+02 -1.426619e+00 2.215188e-05 -3.250676e+01 -1.512331e+01 2.282294e-05 -2.536710e+01 -1.420815e+01 1.999155e-05 -5.061666e-06 -9.777720e-06 
1.247790e+02 1.172596e+02 -1.945863e+00 2.215188e-05 -3.250676e+01 -1.512331e+01 2.248743e-05 -2.493560e+01 -1.428948e+01 1.976032e-05 -5.032980e-06 -9.480686e-06 
1.247790e+02 1.183239e+02 -2.200315e+00 2.215188e-05 -3.250676e+01 -1.512331e+01 2.216180e-05 -2.471260e+01 -1.441504e+01 1.949834e-05 -5.011777e-06 -9.265115e-06 
1.247790e+02 1.193883e+02 -2.171874e+00 2.215188e-05 -3.250676e+01 -1.512331e+01 2.183886e-05 -2.470023e+01 -1.458862e+01 1.920107e-05 -4.997432e-06 -9.125822e-06 
1.247790e+02 1.204526e+02 -1.862564e+00 2.215188e-05 -3.250676e+01 -1.512331e+01 2.151108e-05 -2.490778e+01 -1.481761e+01 1.886145e-05 -4.989612e-06 -9.059585e-06 
1.247790e+02 1.215170e+02 -1.294387e+00 2.215188e-05 -3.250676e+01 -1.512331e+01 2.117407e-05 -2.535363e+01 -1.511177e+01 1.847294e-05 -4.988453e-06 -9.066820e-06 
1.247790e+02 1.225813e+02 -5.077570e-01 2.215188e-05 -3.250676e+01 -1.512331e+01 2.083088e-05 -2.606969e+01 -1.548221e+01 1.803257e-05 -4.994846e-06 -9.154423e-06 
1.247790e+02 1.236457e+02 4.413729e-01 2.215188e-05 -3.250676e+01 -1.512331e+01 2.049804e-05 -2.710567e+01 -1.593913e+01 1.754518e-05 -5.010833e-06 -9.339583e-06 
1.247790e+02 1.247100e+02 1.485490e+00 2.215188e-05 -3.250676e+01 -1.512331e+01 2.021517e-05 -2.852189e+01 -1.648409e+01 1.703172e-05 -5.039881e-06 -9.652635e-06 
1.247790e+02 1.257743e+02 2.550327e+00 2.215188e-05 -3.250676e+01 -1.512331e+01 2.005657e-05 -3.034318e+01 -1.708881e+01 1.654493e-05 -5.086348e-06 -1.013214e-05 
1.247790e+02 1.268387e+02 3.560140e+00 2.215188e-05 -3.250676e+01 -1.512331e+01 2.012673e-05 -3.243556e+01 -1.765663e+01 1.618664e-05 -5.152317e-06 -1.079498e-05 
1.247790e+02 1.279030e+02 4.443101e+00 2.215188e-05 -3.250676e+01 -1.512331e+01 2.049489e-05 -3.438789e+01 -1.801688e+01 1.608374e-05 -5.231161e-06 -1.157536e-05 
1.247790e+02 1.289674e+02 5.136405e+00 2.215188e-05 -3.250676e+01 -1.512331e+01 2.109370e-05 -3.571476e+01 -1.804888e+01 1.628391e-05 -5.306328e-06 -1.231345e-05 
1.247790e+02 1.300317e+02 5.590737e+00 2.215188e-05 -3.250676e+01 -1.512331e+01 2.176123e-05 -3.629088e+01 -1.780870e+01 1.669957e-05 -5.364442e-06 -1.288014e-05 
1.247790e+02 1.310961e+02 5.773780e+00 2.215188e-05 -3.250676e+01 -1.512331e+01 2.239987e-05 -3.631078e+01 -1.742238e+01 1.722211e-05 -5.404473e-06 -1.326441e-05 
1.247790e+02 1.321604e+02 5.672513e+00 2.215188e-05 -3.250676e+01 -1.512331e+01 2.300415e-05 -3.592438e+01 -1.694606e+01 1.781972e-05 -5.429695e-06 -1.349693e-05 
1.247790e+02 1.332248e+02 5.294141e+00 2.215188e-05 -3.250676e+01 -1.512331e+01 2.357317e-05 -3.510204e+01 -1.637688e+01 1.850343e-05 -5.437741e-06 -1.355538e-05 
1.247790e+02 1.342891e+02 4.665577e+00 2.215188e-05 -3.250676e+01 -1.512331e+01 2.403444e-05 -3.377025e+01 -1.574093e+01 1.922993e-05 -5.420115e-06 -1.335988e-05 
1.247790e+02 1.353535e+02 3.831531e+00 2.215188e-05 -3.250676e+01 -1.512331e+01 2.427027e-05 -3.205210e+01 -1.514241e+01 1.985643e-05 -5.373449e-06 -1.288000e-05 
1.247790e+02 1.364178e+02 2.851329e+00 2.215188e-05 -3.250676e+01 -1.512331e+01 2.424139e-05 -3.027325e+01 -1.468858e+01 2.025140e-05 -5.308543e-06 -1.222068e-05 
1.247790e+02 1.374822e+02 1.794693e+00 2.215188e-05 -3.250676e+01 -1.512331e+01 2.401845e-05 -2.869855e+01 -1.440471e+01 2.040566e-05 -5.241071e-06 -1.153369e-05 
1.247790e+02 1.385465e+02 7.367820e-01 2.215188e-05 -3.250676e+01 -1.512331e+01 2.369688e-05 -2.741561e+01 -1.425686e+01 2.038762e-05 -5.180394e-06 -1.091103e-05 
1.247790e+02 1.396109e+02 -2.471536e-01 2.215188e-05 -3.250676e+01 -1.512331e+01 2.334194e-05 -2.641239e+01 -1.420327e+01 2.026635e-05 -5.129405e-06 -1.038317e-05 
1.247790e+02 1.406752e+02 -1.087127e+00 2.215188e-05 -3.250676e+01 -1.512331e+01 2.298673e-05 -2.565555e+01 -1.421466e+01 2.008613e-05 -5.088039e-06 -9.952332e-06 
1.247790e+02 1.417396e+02 -1.723389e+00 2.215188e-05 -3.250676e+01 -1.512331e+01 2.264359e-05 -2.512071e+01 -1.427549e+01 1.986879e-05 -5.055440e-06 -9.612807e-06 
1.247790e+02 1.428039e+02 -2.110683e+00 2.215188e-05 -3.250676e+01 -1.512331e+01 2.231309e-05 -2.479627e+01 -1.438034e+01 1.962128e-05 -5.030710e-06 -9.357952e-06 
1.247790e+02 1.438683e+02 -2.221461e+00 2.215188e-05 -3.250676e+01 -1.512331e+01 2.198960e-05 -2.468057e+01 -1.453055e+01 1.934174e-05 -5.013116e-06 -9.181955e-06 
1.247790e+02 1.449326e+02 -2.047843e+00 2.215188e-05 -3.250676e+01 -1.512331e+01 2.166536e-05 -2.477933e+01 -1.473190e+01 1.902396e-05 -5.002164e-06 -9.080483e-06 
1.247790e+02 1.459970e+02 -1.602178e+00 2.215188e-05 -3.250676e+01 -1.512331e+01 2.133396e-05 -2.510595e+01 -1.499309e+01 1.866077e-05 -4.997727e-06 -9.051862e-06 
1.247790e+02 1.470613e+02 -9.161670e-01 2.215188e-05 -3.250676e+01 -1.512331e+01 2.099415e-05 -2.568499e+01 -1.532472e+01 1.824701e-05 -5.000281e-06 -9.099350e-06 
1.247790e+02 1.481257e+02 -3.860583e-02 2.215188e-05 -3.250676e+01 -1.512331e+01 2.065481e-05 -2.655706e+01 -1.573791e+01 1.778291e-05 -5.011251e-06 -9.234536e-06 
1.247790e+02 1.491900e+02 9.680840e-01 2.215188e-05 -3.250676e+01 -1.512331e+01 2.034272e-05 -2.777959e+01 -1.624002e+01 1.728001e-05 -5.033399e-06 -9.481161e-06 
