# 1, 2, 3, 4   , 5   , 6   , 7   , 8   , 9   , 10  
# x, y, z, Bx_si, By_si, Bz_si, In_si, Ic_si, Dc_si, dmeas 
5.071802e+05 4.188638e+06 8.506393e+02 -3.654835e-07 -8.336413e-08 1.153622e-06 1.213001e-06 7.199839e+01 -1.671511e+02 0.000000e+00 
5.071791e+05 4.188638e+06 8.506393e+02 -3.656792e-07 -8.080194e-08 1.150478e-06 1.209897e-06 7.196906e+01 -1.675399e+02 1.143651e+00 
5.071787e+05 4.188638e+06 8.506393e+02 -3.662682e-07 -7.988715e-08 1.149468e-06 1.209054e-06 7.193716e+01 -1.676959e+02 1.527362e+00 
5.071786e+05 4.188638e+06 8.506393e+02 -3.665689e-07 -7.937300e-08 1.148894e-06 1.208566e-06 7.192040e+01 -1.677824e+02 1.740530e+00 
5.071772e+05 4.188641e+06 8.506393e+02 -3.730331e-07 -7.470094e-08 1.144527e-06 1.206099e-06 7.161327e+01 -1.686761e+02 4.712723e+00 
5.071768e+05 4.188643e+06 8.506393e+02 -3.769576e-07 -7.277177e-08 1.143088e-06 1.205837e-06 7.143485e+01 -1.690735e+02 6.396891e+00 
5.071781e+05 4.188644e+06 8.506393e+02 -3.806183e-07 -7.447176e-08 1.146346e-06 1.210176e-06 7.130813e+01 -1.689294e+02 8.673697e+00 
5.071794e+05 4.188645e+06 8.506393e+02 -3.821586e-07 -7.679791e-08 1.149913e-06 1.214184e-06 7.127432e+01 -1.686373e+02 1.028086e+01 
5.071802e+05 4.188647e+06 8.506393e+02 -3.866828e-07 -7.742579e-08 1.152349e-06 1.217960e-06 7.110797e+01 -1.686774e+02 1.245613e+01 
5.071805e+05 4.188648e+06 8.506393e+02 -3.880673e-07 -7.764324e-08 1.153160e-06 1.219181e-06 7.105805e+01 -1.686858e+02 1.311049e+01 
5.071799e+05 4.188649e+06 8.506393e+02 -3.900973e-07 -7.587840e-08 1.151510e-06 1.218158e-06 7.095945e+01 -1.689928e+02 1.396104e+01 
5.071797e+05 4.188649e+06 8.506393e+02 -3.912365e-07 -7.527666e-08 1.151116e-06 1.218114e-06 7.090876e+01 -1.691090e+02 1.437699e+01 
5.071799e+05 4.188650e+06 8.506393e+02 -3.936268e-07 -7.497045e-08 1.151617e-06 1.219337e-06 7.081476e+01 -1.692166e+02 1.529639e+01 
5.071797e+05 4.188651e+06 8.506393e+02 -3.977051e-07 -7.358401e-08 1.151303e-06 1.220280e-06 7.064352e+01 -1.695176e+02 1.671880e+01 
5.071796e+05 4.188652e+06 8.506393e+02 -4.003712e-07 -7.272137e-08 1.151172e-06 1.220976e-06 7.053227e+01 -1.697053e+02 1.762416e+01 
5.071789e+05 4.188653e+06 8.506393e+02 -4.035151e-07 -7.059386e-08 1.149449e-06 1.220263e-06 7.038481e+01 -1.700767e+02 1.876436e+01 
5.071785e+05 4.188653e+06 8.506393e+02 -4.043388e-07 -6.971567e-08 1.148539e-06 1.219628e-06 7.034121e+01 -1.702173e+02 1.916117e+01 
5.071782e+05 4.188655e+06 8.506393e+02 -4.087043e-07 -6.804252e-08 1.147956e-06 1.220439e-06 7.015407e+01 -1.705479e+02 2.056173e+01 
5.071775e+05 4.188656e+06 8.506393e+02 -4.142099e-07 -6.564773e-08 1.146813e-06 1.221089e-06 6.991295e+01 -1.709942e+02 2.229054e+01 
5.071766e+05 4.188658e+06 8.506393e+02 -4.201865e-07 -6.269683e-08 1.145042e-06 1.221314e-06 6.964392e+01 -1.715134e+02 2.416568e+01 
5.071759e+05 4.188659e+06 8.506393e+02 -4.232967e-07 -6.084712e-08 1.143643e-06 1.220984e-06 6.949750e+01 -1.718200e+02 2.520458e+01 
5.071752e+05 4.188660e+06 8.506393e+02 -4.262437e-07 -5.900905e-08 1.142179e-06 1.220549e-06 6.935641e+01 -1.721181e+02 2.621809e+01 
5.071740e+05 4.188660e+06 8.506393e+02 -4.290396e-07 -5.635413e-08 1.139428e-06 1.218830e-06 6.920455e+01 -1.725171e+02 2.757031e+01 
5.071732e+05 4.188663e+06 8.506393e+02 -4.394959e-07 -5.318525e-08 1.139096e-06 1.222099e-06 6.876171e+01 -1.730999e+02 3.040948e+01 
5.071726e+05 4.188663e+06 8.506393e+02 -4.411825e-07 -5.199670e-08 1.138014e-06 1.221647e-06 6.867628e+01 -1.732783e+02 3.106743e+01 
5.071721e+05 4.188663e+06 8.506393e+02 -4.426637e-07 -5.098805e-08 1.137113e-06 1.221302e-06 6.860172e+01 -1.734294e+02 3.163552e+01 
5.071717e+05 4.188665e+06 8.506393e+02 -4.485622e-07 -4.939740e-08 1.137177e-06 1.223446e-06 6.835498e+01 -1.737157e+02 3.313842e+01 
5.071705e+05 4.188666e+06 8.506393e+02 -4.531676e-07 -4.684348e-08 1.135200e-06 1.223206e-06 6.813326e+01 -1.740984e+02 3.468251e+01 
5.071693e+05 4.188666e+06 8.506393e+02 -4.564127e-07 -4.459037e-08 1.133096e-06 1.222378e-06 6.796587e+01 -1.744201e+02 3.603064e+01 
5.071685e+05 4.188668e+06 8.506393e+02 -4.621119e-07 -4.260341e-08 1.132382e-06 1.223785e-06 6.771525e+01 -1.747326e+02 3.752829e+01 
5.071675e+05 4.188669e+06 8.506393e+02 -4.676214e-07 -4.046849e-08 1.131331e-06 1.224834e-06 6.746730e+01 -1.750539e+02 3.905470e+01 
5.071671e+05 4.188670e+06 8.506393e+02 -4.719972e-07 -3.945330e-08 1.131526e-06 1.226658e-06 6.728640e+01 -1.752219e+02 4.005849e+01 
5.071664e+05 4.188671e+06 8.506393e+02 -4.758727e-07 -3.797132e-08 1.130781e-06 1.227421e-06 6.711184e+01 -1.754379e+02 4.113422e+01 
5.071656e+05 4.188671e+06 8.506393e+02 -4.798433e-07 -3.656550e-08 1.130176e-06 1.228367e-06 6.693546e+01 -1.756423e+02 4.219422e+01 
5.071650e+05 4.188672e+06 8.506393e+02 -4.840142e-07 -3.523210e-08 1.129747e-06 1.229569e-06 6.675354e+01 -1.758367e+02 4.325059e+01 
5.071636e+05 4.188673e+06 8.506393e+02 -4.895276e-07 -3.292464e-08 1.128305e-06 1.230363e-06 6.649860e+01 -1.761522e+02 4.496199e+01 
5.071626e+05 4.188674e+06 8.506393e+02 -4.945339e-07 -3.128546e-08 1.127681e-06 1.231749e-06 6.627848e+01 -1.763801e+02 4.628517e+01 
5.071619e+05 4.188675e+06 8.506393e+02 -4.982342e-07 -3.006975e-08 1.127200e-06 1.232770e-06 6.611553e+01 -1.765462e+02 4.727977e+01 
5.071609e+05 4.188676e+06 8.506393e+02 -5.028802e-07 -2.856540e-08 1.126615e-06 1.234085e-06 6.591137e+01 -1.767489e+02 4.853548e+01 
5.071601e+05 4.188677e+06 8.506393e+02 -5.102555e-07 -2.700021e-08 1.126924e-06 1.237355e-06 6.560953e+01 -1.769710e+02 5.010773e+01 
