# 1, 2, 3, 4   , 5   , 6   , 7   , 8   , 9   , 10  
# x, y, z, Bx_si, By_si, Bz_si, In_si, Ic_si, Dc_si, dmeas 
5.071802e+05 4.188638e+06 8.507050e+02 -1.144261e-06 -4.548235e-07 2.015554e-06 2.361918e-06 -5.857845e+01 -1.116769e+02 0.000000e+00 
5.071791e+05 4.188638e+06 8.514034e+02 -1.148018e-06 -5.082613e-07 1.757358e-06 2.159764e-06 -5.445710e+01 -1.138804e+02 1.143651e+00 
5.071787e+05 4.188638e+06 8.515047e+02 -1.155569e-06 -4.776400e-07 1.686879e-06 2.099772e-06 -5.345246e+01 -1.124571e+02 1.527362e+00 
5.071786e+05 4.188638e+06 8.515733e+02 -1.156534e-06 -4.640395e-07 1.644829e-06 2.063581e-06 -5.285171e+01 -1.118623e+02 1.740530e+00 
5.071772e+05 4.188641e+06 8.515631e+02 -1.245516e-06 -1.977207e-07 1.126723e-06 1.691126e-06 -4.177875e+01 -9.902021e+01 4.712723e+00 
5.071768e+05 4.188643e+06 8.515534e+02 -1.227820e-06 -1.812111e-07 8.584589e-07 1.509082e-06 -3.467087e+01 -9.839555e+01 6.396891e+00 
5.071781e+05 4.188644e+06 8.508955e+02 -1.331734e-06 -1.191460e-07 7.555558e-07 1.535765e-06 -2.947037e+01 -9.511246e+01 8.673697e+00 
5.071794e+05 4.188645e+06 8.502705e+02 -1.513519e-06 -1.345720e-07 8.322963e-07 1.732503e-06 -2.871161e+01 -9.508100e+01 1.028086e+01 
5.071802e+05 4.188647e+06 8.497198e+02 -1.561451e-06 -3.483869e-07 9.482807e-07 1.859769e-06 -3.065662e+01 -1.025777e+02 1.245613e+01 
5.071805e+05 4.188648e+06 8.494734e+02 -1.546813e-06 -3.754056e-07 1.028293e-06 1.894979e-06 -3.286360e+01 -1.036417e+02 1.311049e+01 
5.071799e+05 4.188649e+06 8.497228e+02 -1.455507e-06 -4.771305e-07 8.854019e-07 1.769206e-06 -3.002987e+01 -1.081497e+02 1.396104e+01 
5.071797e+05 4.188649e+06 8.497490e+02 -1.406115e-06 -5.187846e-07 8.583734e-07 1.727166e-06 -2.980065e+01 -1.102515e+02 1.437699e+01 
5.071799e+05 4.188650e+06 8.494947e+02 -1.326283e-06 -5.452626e-07 9.099792e-07 1.698352e-06 -3.239827e+01 -1.123486e+02 1.529639e+01 
5.071797e+05 4.188651e+06 8.493080e+02 -1.109518e-06 -6.136411e-07 9.069150e-07 1.558872e-06 -3.557559e+01 -1.189457e+02 1.671880e+01 
5.071796e+05 4.188652e+06 8.491406e+02 -9.429993e-07 -6.310968e-07 9.225134e-07 1.462382e-06 -3.911132e+01 -1.237922e+02 1.762416e+01 
5.071789e+05 4.188653e+06 8.491630e+02 -6.817848e-07 -7.112890e-07 9.615858e-07 1.376739e-06 -4.430293e+01 -1.362133e+02 1.876436e+01 
5.071785e+05 4.188653e+06 8.492082e+02 -5.988185e-07 -7.457047e-07 9.939356e-07 1.379336e-06 -4.610321e+01 -1.412347e+02 1.916117e+01 
5.071782e+05 4.188655e+06 8.486440e+02 -3.053234e-07 -6.324778e-07 1.144565e-06 1.342863e-06 -5.846626e+01 -1.542315e+02 2.056173e+01 
5.071775e+05 4.188656e+06 8.480184e+02 -1.583521e-08 -4.367187e-07 1.272748e-06 1.345682e-06 -7.104978e+01 -1.779234e+02 2.229054e+01 
5.071766e+05 4.188658e+06 8.473908e+02 1.887604e-07 -3.088516e-07 1.464241e-06 1.508318e-06 -7.611462e+01 1.485680e+02 2.416568e+01 
5.071759e+05 4.188659e+06 8.470395e+02 2.094935e-07 -2.613261e-07 1.673350e-06 1.706540e-06 -7.868147e+01 1.412824e+02 2.520458e+01 
5.071752e+05 4.188660e+06 8.466313e+02 1.553039e-07 -1.620714e-07 1.918240e-06 1.931329e-06 -8.332570e+01 1.362216e+02 2.621809e+01 
5.071740e+05 4.188660e+06 8.462643e+02 -6.310088e-08 4.340947e-08 2.175819e-06 2.177167e-06 -8.798398e+01 -5.547446e+01 2.757031e+01 
5.071732e+05 4.188663e+06 8.453638e+02 -5.329566e-07 4.558046e-07 2.162691e-06 2.273550e-06 -7.203393e+01 -4.946169e+01 3.040948e+01 
5.071726e+05 4.188663e+06 8.454012e+02 -6.759731e-07 5.182123e-07 2.071064e-06 2.239373e-06 -6.764442e+01 -5.252562e+01 3.106743e+01 
5.071721e+05 4.188663e+06 8.455179e+02 -7.794899e-07 5.441307e-07 1.958209e-06 2.176755e-06 -6.410551e+01 -5.508265e+01 3.163552e+01 
5.071717e+05 4.188665e+06 8.455751e+02 -8.986568e-07 5.353777e-07 1.717983e-06 2.011387e-06 -5.866357e+01 -5.921549e+01 3.313842e+01 
5.071705e+05 4.188666e+06 8.460258e+02 -1.006454e-06 4.403821e-07 1.471988e-06 1.836746e-06 -5.326506e+01 -6.636782e+01 3.468251e+01 
5.071693e+05 4.188666e+06 8.464552e+02 -1.090066e-06 3.719101e-07 1.313391e-06 1.746871e-06 -4.875120e+01 -7.116132e+01 3.603064e+01 
5.071685e+05 4.188668e+06 8.467064e+02 -1.134600e-06 2.805475e-07 1.260765e-06 1.719172e-06 -4.716849e+01 -7.611130e+01 3.752829e+01 
5.071675e+05 4.188669e+06 8.470186e+02 -1.200514e-06 2.416757e-07 1.228996e-06 1.734956e-06 -4.510270e+01 -7.861790e+01 3.905470e+01 
5.071671e+05 4.188670e+06 8.470731e+02 -1.222927e-06 2.324481e-07 1.273205e-06 1.780627e-06 -4.564580e+01 -7.923787e+01 4.005849e+01 
5.071664e+05 4.188671e+06 8.473380e+02 -1.295406e-06 2.583868e-07 1.239404e-06 1.811343e-06 -4.317632e+01 -7.871960e+01 4.113422e+01 
5.071656e+05 4.188671e+06 8.476499e+02 -1.372597e-06 2.959725e-07 1.171856e-06 1.828898e-06 -3.984733e+01 -7.783165e+01 4.219422e+01 
5.071650e+05 4.188672e+06 8.479929e+02 -1.439727e-06 3.324638e-07 1.070594e-06 1.824697e-06 -3.592490e+01 -7.699711e+01 4.325059e+01 
5.071636e+05 4.188673e+06 8.487852e+02 -1.522942e-06 3.599531e-07 7.680240e-07 1.743210e-06 -2.614092e+01 -7.670196e+01 4.496199e+01 
5.071626e+05 4.188674e+06 8.493632e+02 -1.514524e-06 3.613564e-07 5.361272e-07 1.646752e-06 -1.899990e+01 -7.658046e+01 4.628517e+01 
5.071619e+05 4.188675e+06 8.497681e+02 -1.495169e-06 3.477710e-07 3.636814e-07 1.577574e-06 -1.332840e+01 -7.690603e+01 4.727977e+01 
5.071609e+05 4.188676e+06 8.502965e+02 -1.451995e-06 3.037109e-07 1.449726e-07 1.490485e-06 -5.581719e+00 -7.818589e+01 4.853548e+01 
5.071601e+05 4.188677e+06 8.508063e+02 -1.382731e-06 1.974630e-07 -6.905897e-08 1.398466e-06 2.830529e+00 -8.187274e+01 5.010773e+01 
