# 1    , 2      , 3      , 4      , 5      , 6      , 7       
# dmeas, Bx_siB0, By_siB0, Bz_siB0, In_siB0, Ic_siB0, Dc_siB0 
0.000000e+00 2.634928e-05 4.210385e-07 3.439185e-05 4.332737e-05 5.253898e+01 9.154589e-01 
1.143651e+00 2.629584e-05 4.172825e-07 3.465004e-05 4.350024e-05 5.280175e+01 9.091369e-01 
1.527362e+00 2.632646e-05 4.097307e-07 3.472052e-05 4.357482e-05 5.282583e+01 8.916485e-01 
1.740530e+00 2.634006e-05 4.087662e-07 3.476257e-05 4.361654e-05 5.284499e+01 8.890905e-01 
4.712723e+00 2.660638e-05 3.197838e-07 3.528068e-05 4.418968e-05 5.297680e+01 6.886086e-01 
6.396891e+00 2.662289e-05 3.374804e-07 3.554894e-05 4.441418e-05 5.316796e+01 7.262611e-01 
8.673697e+00 2.668495e-05 2.335663e-07 3.565184e-05 4.453308e-05 5.318456e+01 5.014818e-01 
1.028086e+01 2.666953e-05 5.178142e-08 3.557510e-05 4.446183e-05 5.314222e+01 1.112450e-01 
1.245613e+01 2.645571e-05 3.849008e-09 3.545912e-05 4.424086e-05 5.327373e+01 8.335891e-03 
1.311049e+01 2.642869e-05 1.848721e-08 3.537911e-05 4.416059e-05 5.323974e+01 4.007912e-02 
1.396104e+01 2.632697e-05 1.097929e-07 3.552200e-05 4.421463e-05 5.345593e+01 2.389425e-01 
1.437699e+01 2.628532e-05 1.591852e-07 3.554903e-05 4.421172e-05 5.351990e+01 3.469819e-01 
1.529639e+01 2.625884e-05 2.390174e-07 3.549742e-05 4.415485e-05 5.350708e+01 5.215124e-01 
1.671880e+01 2.619046e-05 4.557817e-07 3.550048e-05 4.411839e-05 5.357783e+01 9.969941e-01 
1.762416e+01 2.617300e-05 6.223007e-07 3.548489e-05 4.409751e-05 5.358046e+01 1.362033e+00 
1.876436e+01 2.609281e-05 8.835152e-07 3.544581e-05 4.402296e-05 5.362634e+01 1.939322e+00 
1.916117e+01 2.605840e-05 9.664815e-07 3.541346e-05 4.397826e-05 5.363434e+01 2.124073e+00 
2.056173e+01 2.617162e-05 1.259977e-06 3.526283e-05 4.393187e-05 5.338593e+01 2.756254e+00 
2.229054e+01 2.636738e-05 1.549465e-06 3.513465e-05 4.395547e-05 5.306557e+01 3.363088e+00 
2.416568e+01 2.649525e-05 1.754060e-06 3.494316e-05 4.388735e-05 5.276886e+01 3.787616e+00 
2.520458e+01 2.654277e-05 1.774793e-06 3.473405e-05 4.375069e-05 5.255229e+01 3.825411e+00 
2.621809e+01 2.664203e-05 1.720604e-06 3.448916e-05 4.361491e-05 5.225709e+01 3.695162e+00 
2.757031e+01 2.684751e-05 1.502199e-06 3.423158e-05 4.352983e-05 5.184975e+01 3.202532e+00 
3.040948e+01 2.725990e-05 1.032343e-06 3.424471e-05 4.378205e-05 5.145906e+01 2.168778e+00 
3.106743e+01 2.732231e-05 8.893269e-07 3.433634e-05 4.388945e-05 5.147504e+01 1.864289e+00 
3.163552e+01 2.734823e-05 7.858101e-07 3.444919e-05 4.399193e-05 5.154343e+01 1.645855e+00 
3.313842e+01 2.733948e-05 6.666432e-07 3.468942e-05 4.417292e-05 5.174931e+01 1.396818e+00 
3.468251e+01 2.724448e-05 5.588462e-07 3.493541e-05 4.430640e-05 5.204517e+01 1.175102e+00 
3.603064e+01 2.717601e-05 4.752337e-07 3.509401e-05 4.438863e-05 5.224237e+01 1.001844e+00 
3.752829e+01 2.708465e-05 4.307004e-07 3.514663e-05 4.437397e-05 5.237799e+01 9.110413e-01 
3.905470e+01 2.704578e-05 3.647863e-07 3.517840e-05 4.437485e-05 5.244377e+01 7.727435e-01 
4.005849e+01 2.703655e-05 3.423730e-07 3.513419e-05 4.433400e-05 5.241869e+01 7.255172e-01 
4.113422e+01 2.706249e-05 2.698937e-07 3.516800e-05 4.437611e-05 5.241961e+01 5.713908e-01 
4.219422e+01 2.710007e-05 1.927030e-07 3.523554e-05 4.445216e-05 5.243499e+01 4.074115e-01 
4.325059e+01 2.713656e-05 1.255729e-07 3.533681e-05 4.455445e-05 5.247759e+01 2.651310e-01 
4.496199e+01 2.716405e-05 4.235791e-08 3.563938e-05 4.481130e-05 5.268560e+01 8.934335e-02 
4.628517e+01 2.716546e-05 5.077629e-08 3.587127e-05 4.499681e-05 5.286316e+01 1.070942e-01 
4.727977e+01 2.715187e-05 7.013053e-08 3.604372e-05 4.512625e-05 5.300905e+01 1.479889e-01 
4.853548e+01 2.710781e-05 1.133050e-07 3.626243e-05 4.527483e-05 5.321998e+01 2.394830e-01 
5.010773e+01 2.700156e-05 1.825688e-07 3.647646e-05 4.538336e-05 5.348882e+01 3.873948e-01 
