# 1      , 2      , 3      , 4    , 5     , 6      , 7      , 8      ,                    9              , 10  , 11  , 12  , 13    , 14      
# IGRF_In, IGRF_Ic, IGRF_Dc, dmeas, height, In_siB0, Ic_siB0, Dc_siB0,                    height m (-poh), In_m, Ic_m, Dc_m, min hP, max hP  
4.523725e-05 5.359193e+01 3.342151e+00 0.000000e+00 8.507050e+02 4.332737e-05 5.253898e+01 9.154589e-01 8.490000e+02 4.380132e+01 5.081343e+01 -4.182450e+00 8.453638e+02 8.515733e+02 
4.523725e-05 5.359193e+01 3.342151e+00 1.143651e+00 8.514034e+02 4.350024e-05 5.280175e+01 9.091369e-01 8.504000e+02 4.555470e+01 5.237538e+01 -7.021932e+00 8.453638e+02 8.515733e+02 
4.523725e-05 5.359193e+01 3.342151e+00 1.527362e+00 8.515047e+02 4.357482e-05 5.282583e+01 8.916485e-01 8.510000e+02 4.566843e+01 5.397308e+01 -5.980365e+00 8.453638e+02 8.515733e+02 
4.523725e-05 5.359193e+01 3.342151e+00 1.740530e+00 8.515733e+02 4.361654e-05 5.284499e+01 8.890905e-01 8.513000e+02 4.544110e+01 5.047538e+01 nan 8.453638e+02 8.515733e+02 
4.523725e-05 5.359193e+01 3.342151e+00 4.712723e+00 8.515631e+02 4.418968e-05 5.297680e+01 6.886086e-01 8.519000e+02 4.503956e+01 5.539628e+01 2.985091e-01 8.453638e+02 8.515733e+02 
4.523725e-05 5.359193e+01 3.342151e+00 6.396891e+00 8.515534e+02 4.441418e-05 5.316796e+01 7.262611e-01 8.515000e+02 4.379870e+01 5.610711e+01 2.043979e+00 8.453638e+02 8.515733e+02 
4.523725e-05 5.359193e+01 3.342151e+00 8.673697e+00 8.508955e+02 4.453308e-05 5.318456e+01 5.014818e-01 8.517000e+02 4.346415e+01 5.496513e+01 1.042669e+00 8.453638e+02 8.515733e+02 
4.523725e-05 5.359193e+01 3.342151e+00 1.028086e+01 8.502705e+02 4.446183e-05 5.314222e+01 1.112450e-01 8.519000e+02 4.391818e+01 5.575973e+01 6.698216e-01 8.453638e+02 8.515733e+02 
4.523725e-05 5.359193e+01 3.342151e+00 1.245613e+01 8.497198e+02 4.424086e-05 5.327373e+01 8.335891e-03 8.518000e+02 4.415144e+01 5.491742e+01 -5.745746e-02 8.453638e+02 8.515733e+02 
4.523725e-05 5.359193e+01 3.342151e+00 1.311049e+01 8.494734e+02 4.416059e-05 5.323974e+01 4.007912e-02 8.514000e+02 4.397102e+01 5.524864e+01 -7.628420e-01 8.453638e+02 8.515733e+02 
4.523725e-05 5.359193e+01 3.342151e+00 1.396104e+01 8.497228e+02 4.421463e-05 5.345593e+01 2.389425e-01 8.509000e+02 4.348760e+01 5.501267e+01 1.521213e+00 8.453638e+02 8.515733e+02 
4.523725e-05 5.359193e+01 3.342151e+00 1.437699e+01 8.497490e+02 4.421172e-05 5.351990e+01 3.469819e-01 8.508000e+02 4.331730e+01 5.392824e+01 1.159979e+00 8.453638e+02 8.515733e+02 
4.523725e-05 5.359193e+01 3.342151e+00 1.529639e+01 8.494947e+02 4.415485e-05 5.350708e+01 5.215124e-01 8.498000e+02 4.320744e+01 5.338275e+01 2.066095e+00 8.453638e+02 8.515733e+02 
4.523725e-05 5.359193e+01 3.342151e+00 1.671880e+01 8.493080e+02 4.411839e-05 5.357783e+01 9.969941e-01 8.488000e+02 4.315629e+01 5.263269e+01 1.373368e+00 8.453638e+02 8.515733e+02 
4.523725e-05 5.359193e+01 3.342151e+00 1.762416e+01 8.491406e+02 4.409751e-05 5.358046e+01 1.362033e+00 8.478000e+02 4.328774e+01 5.147844e+01 8.948216e-01 8.453638e+02 8.515733e+02 
4.523725e-05 5.359193e+01 3.342151e+00 1.876436e+01 8.491630e+02 4.402296e-05 5.362634e+01 1.939322e+00 8.467000e+02 4.307815e+01 5.176995e+01 1.149792e-01 8.453638e+02 8.515733e+02 
4.523725e-05 5.359193e+01 3.342151e+00 1.916117e+01 8.492082e+02 4.397826e-05 5.363434e+01 2.124073e+00 8.462000e+02 4.306180e+01 5.180454e+01 2.784845e-01 8.453638e+02 8.515733e+02 
4.523725e-05 5.359193e+01 3.342151e+00 2.056173e+01 8.486440e+02 4.393187e-05 5.338593e+01 2.756254e+00 8.453000e+02 4.307401e+01 5.148937e+01 -7.232271e-01 8.453638e+02 8.515733e+02 
4.523725e-05 5.359193e+01 3.342151e+00 2.229054e+01 8.480184e+02 4.395547e-05 5.306557e+01 3.363088e+00 8.438000e+02 4.348775e+01 5.149679e+01 -1.053010e+00 8.453638e+02 8.515733e+02 
4.523725e-05 5.359193e+01 3.342151e+00 2.416568e+01 8.473908e+02 4.388735e-05 5.276886e+01 3.787616e+00 8.433000e+02 4.362440e+01 5.145349e+01 -1.102184e+00 8.453638e+02 8.515733e+02 
4.523725e-05 5.359193e+01 3.342151e+00 2.520458e+01 8.470395e+02 4.375069e-05 5.255229e+01 3.825411e+00 8.432000e+02 4.378520e+01 5.107125e+01 -1.597371e+00 8.453638e+02 8.515733e+02 
4.523725e-05 5.359193e+01 3.342151e+00 2.621809e+01 8.466313e+02 4.361491e-05 5.225709e+01 3.695162e+00 8.427000e+02 4.402575e+01 4.986386e+01 -2.606283e+00 8.453638e+02 8.515733e+02 
4.523725e-05 5.359193e+01 3.342151e+00 2.757031e+01 8.462643e+02 4.352983e-05 5.184975e+01 3.202532e+00 8.420000e+02 4.487175e+01 5.029067e+01 -2.333813e+00 8.453638e+02 8.515733e+02 
4.523725e-05 5.359193e+01 3.342151e+00 3.040948e+01 8.453638e+02 4.378205e-05 5.145906e+01 2.168778e+00 8.419000e+02 4.569891e+01 5.062944e+01 -3.759221e+00 8.453638e+02 8.515733e+02 
4.523725e-05 5.359193e+01 3.342151e+00 3.106743e+01 8.454012e+02 4.388945e-05 5.147504e+01 1.864289e+00 8.426000e+02 4.562245e+01 5.150334e+01 -3.673952e+00 8.453638e+02 8.515733e+02 
4.523725e-05 5.359193e+01 3.342151e+00 3.163552e+01 8.455179e+02 4.399193e-05 5.154343e+01 1.645855e+00 8.429000e+02 4.527578e+01 5.192597e+01 -3.237268e+00 8.453638e+02 8.515733e+02 
4.523725e-05 5.359193e+01 3.342151e+00 3.313842e+01 8.455751e+02 4.417292e-05 5.174931e+01 1.396818e+00 8.433000e+02 4.504202e+01 5.252833e+01 -3.249032e+00 8.453638e+02 8.515733e+02 
4.523725e-05 5.359193e+01 3.342151e+00 3.468251e+01 8.460258e+02 4.430640e-05 5.204517e+01 1.175102e+00 8.437000e+02 4.508855e+01 5.149071e+01 -4.094509e+00 8.453638e+02 8.515733e+02 
4.523725e-05 5.359193e+01 3.342151e+00 3.603064e+01 8.464552e+02 4.438863e-05 5.224237e+01 1.001844e+00 8.446000e+02 4.518633e+01 5.248909e+01 -3.904442e+00 8.453638e+02 8.515733e+02 
4.523725e-05 5.359193e+01 3.342151e+00 3.752829e+01 8.467064e+02 4.437397e-05 5.237799e+01 9.110413e-01 8.456000e+02 4.523230e+01 5.271529e+01 -5.353687e+00 8.453638e+02 8.515733e+02 
4.523725e-05 5.359193e+01 3.342151e+00 3.905470e+01 8.470186e+02 4.437485e-05 5.244377e+01 7.727435e-01 8.463000e+02 4.534342e+01 5.337284e+01 -6.375574e+00 8.453638e+02 8.515733e+02 
4.523725e-05 5.359193e+01 3.342151e+00 4.005849e+01 8.470731e+02 4.433400e-05 5.241869e+01 7.255172e-01 8.463000e+02 4.539417e+01 5.345972e+01 -6.156374e+00 8.453638e+02 8.515733e+02 
4.523725e-05 5.359193e+01 3.342151e+00 4.113422e+01 8.473380e+02 4.437611e-05 5.241961e+01 5.713908e-01 8.466000e+02 4.544760e+01 5.446604e+01 -5.538755e+00 8.453638e+02 8.515733e+02 
4.523725e-05 5.359193e+01 3.342151e+00 4.219422e+01 8.476499e+02 4.445216e-05 5.243499e+01 4.074115e-01 8.467000e+02 4.537466e+01 5.494555e+01 -5.434889e+00 8.453638e+02 8.515733e+02 
4.523725e-05 5.359193e+01 3.342151e+00 4.325059e+01 8.479929e+02 4.455445e-05 5.247759e+01 2.651310e-01 8.470000e+02 4.521665e+01 5.438369e+01 -3.649480e+00 8.453638e+02 8.515733e+02 
4.523725e-05 5.359193e+01 3.342151e+00 4.496199e+01 8.487852e+02 4.481130e-05 5.268560e+01 8.934335e-02 8.478000e+02 4.540444e+01 5.475794e+01 -4.056651e+00 8.453638e+02 8.515733e+02 
4.523725e-05 5.359193e+01 3.342151e+00 4.628517e+01 8.493632e+02 4.499681e-05 5.286316e+01 1.070942e-01 8.483000e+02 4.582321e+01 5.436894e+01 -4.153511e+00 8.453638e+02 8.515733e+02 
4.523725e-05 5.359193e+01 3.342151e+00 4.727977e+01 8.497681e+02 4.512625e-05 5.300905e+01 1.479889e-01 8.485000e+02 4.624569e+01 5.467905e+01 -4.011125e+00 8.453638e+02 8.515733e+02 
4.523725e-05 5.359193e+01 3.342151e+00 4.853548e+01 8.502965e+02 4.527483e-05 5.321998e+01 2.394830e-01 8.499000e+02 4.629595e+01 5.516137e+01 -3.764017e+00 8.453638e+02 8.515733e+02 
4.523725e-05 5.359193e+01 3.342151e+00 5.010773e+01 8.508063e+02 4.538336e-05 5.348882e+01 3.873948e-01 8.500000e+02 4.618347e+01 5.549241e+01 -1.023582e+00 8.453638e+02 8.515733e+02 
