# 1, 2, 3, 4   , 5   , 6   , 7   , 8   , 9   , 10  
# x, y, z, Bx_si, By_si, Bz_si, In_si, Ic_si, Dc_si, dmeas 
4.994132e+05 4.171918e+06 1.822485e+03 -4.097158e-07 -1.226151e-07 1.461428e-06 1.522719e-06 7.368850e+01 -1.633392e+02 0.000000e+00 
4.994120e+05 4.171918e+06 1.822485e+03 -4.101639e-07 -1.185397e-07 1.459105e-06 1.520287e-06 7.368995e+01 -1.638804e+02 1.184193e+00 
4.994114e+05 4.171918e+06 1.822485e+03 -4.105350e-07 -1.163740e-07 1.457610e-06 1.518785e-06 7.368278e+01 -1.641736e+02 1.801393e+00 
4.994108e+05 4.171918e+06 1.822485e+03 -4.108382e-07 -1.143966e-07 1.456324e-06 1.517483e-06 7.367794e+01 -1.644403e+02 2.374815e+00 
4.994101e+05 4.171917e+06 1.822485e+03 -4.106225e-07 -1.121365e-07 1.456031e-06 1.516975e-06 7.370415e+01 -1.647256e+02 3.195259e+00 
4.994094e+05 4.171918e+06 1.822485e+03 -4.117511e-07 -1.094038e-07 1.452803e-06 1.513983e-06 7.365611e+01 -1.651201e+02 4.044970e+00 
4.994086e+05 4.171917e+06 1.822485e+03 -4.117792e-07 -1.069675e-07 1.451964e-06 1.513012e-06 7.366868e+01 -1.654382e+02 4.849941e+00 
4.994078e+05 4.171918e+06 1.822485e+03 -4.126463e-07 -1.041414e-07 1.449276e-06 1.510471e-06 7.363494e+01 -1.658358e+02 5.700086e+00 
4.994069e+05 4.171917e+06 1.822485e+03 -4.127909e-07 -1.013678e-07 1.448115e-06 1.509208e-06 7.364182e+01 -1.662031e+02 6.603866e+00 
4.994063e+05 4.171918e+06 1.822485e+03 -4.136553e-07 -9.906987e-08 1.445622e-06 1.506900e-06 7.360424e+01 -1.665314e+02 7.334555e+00 
4.994058e+05 4.171918e+06 1.822485e+03 -4.137910e-07 -9.768900e-08 1.444922e-06 1.506175e-06 7.360356e+01 -1.667167e+02 7.778898e+00 
4.994045e+05 4.171918e+06 1.822485e+03 -4.146461e-07 -9.345915e-08 1.441895e-06 1.503239e-06 7.357530e+01 -1.672981e+02 9.105949e+00 
4.994034e+05 4.171918e+06 1.822485e+03 -4.149076e-07 -9.012342e-08 1.440386e-06 1.501660e-06 7.357605e+01 -1.677450e+02 1.022038e+01 
4.994027e+05 4.171918e+06 1.822485e+03 -4.153531e-07 -8.806147e-08 1.438878e-06 1.500214e-06 7.355966e+01 -1.680296e+02 1.088617e+01 
4.994016e+05 4.171918e+06 1.822485e+03 -4.159438e-07 -8.455506e-08 1.436680e-06 1.498068e-06 7.354081e+01 -1.685092e+02 1.204154e+01 
4.994010e+05 4.171918e+06 1.822485e+03 -4.160686e-07 -8.277821e-08 1.435939e-06 1.497293e-06 7.354114e+01 -1.687477e+02 1.265631e+01 
4.994004e+05 4.171917e+06 1.822485e+03 -4.159536e-07 -8.115073e-08 1.435750e-06 1.496990e-06 7.355478e+01 -1.689605e+02 1.327912e+01 
4.993996e+05 4.171918e+06 1.822485e+03 -4.165359e-07 -7.878176e-08 1.433914e-06 1.495266e-06 7.353028e+01 -1.692898e+02 1.407701e+01 
4.993987e+05 4.171917e+06 1.822485e+03 -4.166003e-07 -7.634349e-08 1.433163e-06 1.494437e-06 7.353620e+01 -1.696156e+02 1.495915e+01 
4.993978e+05 4.171917e+06 1.822485e+03 -4.156812e-07 -7.398992e-08 1.434577e-06 1.495418e-06 7.360015e+01 -1.699072e+02 1.616716e+01 
4.993968e+05 4.171917e+06 1.822485e+03 -4.160865e-07 -7.116691e-08 1.433048e-06 1.493928e-06 7.358676e+01 -1.702941e+02 1.715452e+01 
4.993962e+05 4.171916e+06 1.822485e+03 -4.160056e-07 -6.937242e-08 1.432832e-06 1.493613e-06 7.359835e+01 -1.705326e+02 1.784540e+01 
4.993953e+05 4.171916e+06 1.822485e+03 -4.158555e-07 -6.712330e-08 1.432691e-06 1.493334e-06 7.361568e+01 -1.708310e+02 1.872752e+01 
4.993945e+05 4.171916e+06 1.822485e+03 -4.158236e-07 -6.486244e-08 1.432306e-06 1.492855e-06 7.362572e+01 -1.711341e+02 1.958857e+01 
4.993929e+05 4.171915e+06 1.822485e+03 -4.156379e-07 -6.073638e-08 1.431947e-06 1.492286e-06 7.365131e+01 -1.716863e+02 2.119929e+01 
4.993924e+05 4.171915e+06 1.822485e+03 -4.151902e-07 -5.925042e-08 1.432725e-06 1.492848e-06 7.368385e+01 -1.718783e+02 2.190657e+01 
4.993913e+05 4.171915e+06 1.822485e+03 -4.157632e-07 -5.645540e-08 1.430910e-06 1.491157e-06 7.365754e+01 -1.722673e+02 2.293230e+01 
4.993907e+05 4.171915e+06 1.822485e+03 -4.158393e-07 -5.465510e-08 1.430436e-06 1.490656e-06 7.365842e+01 -1.725123e+02 2.361567e+01 
4.993898e+05 4.171915e+06 1.822485e+03 -4.150952e-07 -5.247639e-08 1.431860e-06 1.491737e-06 7.371128e+01 -1.727949e+02 2.468773e+01 
4.993883e+05 4.171914e+06 1.822485e+03 -4.151299e-07 -4.868210e-08 1.431233e-06 1.491017e-06 7.372018e+01 -1.733115e+02 2.615927e+01 
4.993916e+05 4.171910e+06 1.822485e+03 -4.067748e-07 -5.898793e-08 1.454670e-06 1.511625e-06 7.422191e+01 -1.717488e+02 3.190083e+01 
