# 1      , 2      , 3      , 4    , 5     , 6      , 7      , 8      ,                    9              , 10  , 11  , 12  , 13    , 14
# IGRF_In, IGRF_Ic, IGRF_Dc, dmeas, height, In_siB0, Ic_siB0, Dc_siB0,                    height m (-poh), In_m, Ic_m, Dc_m, min hP, max hP
4.515083e-05 5.339026e+01 3.316879e+00 0.000000e+00 1.820272e+03 4.678722e-05 5.289726e+01 4.311762e+00 1.818900e+03 4.713175e+01 5.484492e+01 6.084017e+00 1.817839e+03 1.821887e+03
4.515083e-05 5.339026e+01 3.316879e+00 1.184193e+00 1.819863e+03 4.643613e-05 5.266691e+01 5.095479e+00 1.819800e+03 4.580624e+01 5.344767e+01 1.024266e+01 1.817839e+03 1.821887e+03
4.515083e-05 5.339026e+01 3.316879e+00 1.801393e+00 1.819675e+03 4.622932e-05 5.255309e+01 5.221125e+00 1.819000e+03 4.425817e+01 5.281226e+01 1.091443e+01 1.817839e+03 1.821887e+03
4.515083e-05 5.339026e+01 3.316879e+00 2.374815e+00 1.819494e+03 4.605553e-05 5.245534e+01 5.247442e+00 1.818200e+03 4.234727e+01 5.205308e+01 9.522732e+00 1.817839e+03 1.821887e+03
4.515083e-05 5.339026e+01 3.316879e+00 3.195259e+00 1.819184e+03 4.586125e-05 5.233987e+01 5.199399e+00 1.817500e+03 4.231405e+01 5.219429e+01 7.381242e+00 1.817839e+03 1.821887e+03
4.515083e-05 5.339026e+01 3.316879e+00 4.044970e+00 1.819059e+03 4.568741e-05 5.224225e+01 5.077825e+00 1.815900e+03 4.216531e+01 5.122162e+01 4.733076e+00 1.817839e+03 1.821887e+03
4.515083e-05 5.339026e+01 3.316879e+00 4.849941e+00 1.818789e+03 4.555624e-05 5.213445e+01 4.924192e+00 1.815100e+03 4.268568e+01 5.044114e+01 3.443979e+00 1.817839e+03 1.821887e+03
4.515083e-05 5.339026e+01 3.316879e+00 5.700086e+00 1.818660e+03 4.548982e-05 5.200819e+01 4.677153e+00 1.814600e+03 4.329393e+01 5.109150e+01 4.400299e+00 1.817839e+03 1.821887e+03
4.515083e-05 5.339026e+01 3.316879e+00 6.603866e+00 1.818402e+03 4.542449e-05 5.186716e+01 4.537005e+00 1.814300e+03 4.323186e+01 5.078300e+01 4.824228e+00 1.817839e+03 1.821887e+03
4.515083e-05 5.339026e+01 3.316879e+00 7.334555e+00 1.818349e+03 4.540133e-05 5.181997e+01 4.418314e+00 1.814100e+03 4.256800e+01 5.074733e+01 5.915607e+00 1.817839e+03 1.821887e+03
4.515083e-05 5.339026e+01 3.316879e+00 7.778898e+00 1.818233e+03 4.535059e-05 5.175667e+01 4.365941e+00 1.813500e+03 4.161426e+01 4.935882e+01 5.083339e+00 1.817839e+03 1.821887e+03
4.515083e-05 5.339026e+01 3.316879e+00 9.105949e+00 1.817985e+03 4.514222e-05 5.158091e+01 4.029257e+00 1.813000e+03 4.113390e+01 4.918930e+01 3.471512e+00 1.817839e+03 1.821887e+03
4.515083e-05 5.339026e+01 3.316879e+00 1.022038e+01 1.817839e+03 4.502502e-05 5.153378e+01 3.282398e+00 1.812700e+03 4.116786e+01 5.093206e+01 2.886960e+00 1.817839e+03 1.821887e+03
4.515083e-05 5.339026e+01 3.316879e+00 1.088617e+01 1.817992e+03 4.508035e-05 5.167743e+01 3.028011e+00 1.812500e+03 4.088878e+01 5.136472e+01 2.081855e+00 1.817839e+03 1.821887e+03
4.515083e-05 5.339026e+01 3.316879e+00 1.204154e+01 1.818211e+03 4.509145e-05 5.182323e+01 2.847123e+00 1.812900e+03 4.082319e+01 5.129386e+01 -1.921125e-01 1.817839e+03 1.821887e+03
4.515083e-05 5.339026e+01 3.316879e+00 1.265631e+01 1.818297e+03 4.504125e-05 5.186291e+01 2.759898e+00 1.814600e+03 4.097334e+01 5.173286e+01 -1.628204e+00 1.817839e+03 1.821887e+03
4.515083e-05 5.339026e+01 3.316879e+00 1.327912e+01 1.818360e+03 4.494124e-05 5.190038e+01 2.604913e+00 1.816300e+03 4.135812e+01 5.219137e+01 -2.943731e+00 1.817839e+03 1.821887e+03
4.515083e-05 5.339026e+01 3.316879e+00 1.407701e+01 1.818539e+03 4.482976e-05 5.198165e+01 2.355646e+00 1.817100e+03 4.182015e+01 5.273761e+01 -4.107814e+00 1.817839e+03 1.821887e+03
4.515083e-05 5.339026e+01 3.316879e+00 1.495915e+01 1.818709e+03 4.475336e-05 5.212835e+01 1.769867e+00 1.817900e+03 4.284269e+01 5.432325e+01 -4.780652e+00 1.817839e+03 1.821887e+03
4.515083e-05 5.339026e+01 3.316879e+00 1.616716e+01 1.819068e+03 4.493556e-05 5.240081e+01 1.116893e+00 1.818900e+03 4.417350e+01 5.409763e+01 -5.940761e+00 1.817839e+03 1.821887e+03
4.515083e-05 5.339026e+01 3.316879e+00 1.715452e+01 1.819524e+03 4.517444e-05 5.259429e+01 7.268665e-01 1.819500e+03 4.418488e+01 5.498904e+01 -4.184344e+00 1.817839e+03 1.821887e+03
4.515083e-05 5.339026e+01 3.316879e+00 1.784540e+01 1.819801e+03 4.537274e-05 5.272763e+01 5.356295e-01 1.820600e+03 4.462138e+01 5.438894e+01 -3.077621e+00 1.817839e+03 1.821887e+03
4.515083e-05 5.339026e+01 3.316879e+00 1.872752e+01 1.820140e+03 4.563326e-05 5.287207e+01 4.140228e-01 1.821000e+03 4.514390e+01 5.483749e+01 -3.006214e+00 1.817839e+03 1.821887e+03
4.515083e-05 5.339026e+01 3.316879e+00 1.958857e+01 1.820484e+03 4.588977e-05 5.301783e+01 4.329278e-01 1.821100e+03 4.530814e+01 5.492340e+01 -9.240585e-01 1.817839e+03 1.821887e+03
4.515083e-05 5.339026e+01 3.316879e+00 2.119929e+01 1.820962e+03 4.623350e-05 5.319049e+01 7.325604e-01 1.821300e+03 4.507923e+01 5.488537e+01 -6.211974e-01 1.817839e+03 1.821887e+03
4.515083e-05 5.339026e+01 3.316879e+00 2.190657e+01 1.821054e+03 4.633727e-05 5.321021e+01 8.341232e-01 1.821300e+03 4.510063e+01 5.500624e+01 -8.528551e-01 1.817839e+03 1.821887e+03
4.515083e-05 5.339026e+01 3.316879e+00 2.293230e+01 1.821379e+03 4.652934e-05 5.327119e+01 9.354029e-01 1.821400e+03 4.561159e+01 5.480511e+01 -1.402143e+00 1.817839e+03 1.821887e+03
4.515083e-05 5.339026e+01 3.316879e+00 2.361567e+01 1.821557e+03 4.667361e-05 5.331321e+01 1.041714e+00 1.821800e+03 4.550112e+01 5.589896e+01 -1.073204e+00 1.817839e+03 1.821887e+03
4.515083e-05 5.339026e+01 3.316879e+00 2.468773e+01 1.821660e+03 4.682979e-05 5.335756e+01 1.345184e+00 1.822000e+03 4.574153e+01 5.594392e+01 -5.005590e-01 1.817839e+03 1.821887e+03
4.515083e-05 5.339026e+01 3.316879e+00 2.611843e+01 1.821887e+03 4.701598e-05 5.345776e+01 2.222506e+00 1.822300e+03 4.662700e+01 5.626828e+01 2.256469e+00 1.817839e+03 1.821887e+03