# 1, 2, 3, 4   , 5   , 6   , 7   , 8   , 9   , 10  
# x, y, z, Bx_si, By_si, Bz_si, In_si, Ic_si, Dc_si, dmeas 
4.994132e+05 4.171918e+06 1.820272e+03 5.640926e-07 1.263226e-06 -1.072081e-06 1.750228e-06 3.777324e+01 2.406312e+01 0.000000e+00 
4.994120e+05 4.171918e+06 1.819863e+03 9.432466e-07 1.168694e-06 -6.791513e-07 1.648274e-06 2.433292e+01 3.890681e+01 1.184193e+00 
4.994114e+05 4.171918e+06 1.819675e+03 9.999784e-07 1.110901e-06 -4.589441e-07 1.563550e-06 1.706923e+01 4.199198e+01 1.801393e+00 
4.994108e+05 4.171918e+06 1.819494e+03 1.008873e-06 1.066581e-06 -2.731448e-07 1.493328e-06 1.053931e+01 4.340730e+01 2.374815e+00 
4.994101e+05 4.171917e+06 1.819184e+03 9.813449e-07 1.023749e-06 -6.270885e-08 1.419518e-06 2.531931e+00 4.378848e+01 3.195259e+00 
4.994094e+05 4.171918e+06 1.819059e+03 9.181790e-07 9.846183e-07 1.225274e-07 1.351865e-06 -5.200186e+00 4.300024e+01 4.044970e+00 
4.994086e+05 4.171917e+06 1.818789e+03 8.423683e-07 9.785937e-07 2.787752e-07 1.320964e-06 -1.218326e+01 4.072170e+01 4.849941e+00 
4.994078e+05 4.171918e+06 1.818660e+03 7.253493e-07 1.026865e-06 3.928284e-07 1.317155e-06 -1.735192e+01 3.523633e+01 5.700086e+00 
4.994069e+05 4.171917e+06 1.818402e+03 6.608604e-07 1.080032e-06 5.132531e-07 1.366248e-06 -2.206549e+01 3.146204e+01 6.603866e+00 
4.994063e+05 4.171918e+06 1.818349e+03 6.040963e-07 1.099621e-06 5.545695e-07 1.371731e-06 -2.384629e+01 2.878297e+01 7.334555e+00 
4.994058e+05 4.171918e+06 1.818233e+03 5.791282e-07 1.109569e-06 6.254508e-07 1.399186e-06 -2.655204e+01 2.756185e+01 7.778898e+00 
4.994045e+05 4.171918e+06 1.817985e+03 4.131819e-07 1.101340e-06 8.749780e-07 1.466034e-06 -3.664344e+01 2.056423e+01 9.105949e+00 
4.994034e+05 4.171918e+06 1.817839e+03 4.576024e-08 1.080904e-06 9.898375e-07 1.466365e-06 -4.245634e+01 2.424179e+00 1.022038e+01 
4.994027e+05 4.171918e+06 1.817992e+03 -8.126422e-08 1.033662e-06 8.763148e-07 1.357567e-06 -4.020345e+01 -4.495220e+00 1.088617e+01 
4.994016e+05 4.171918e+06 1.818211e+03 -1.735349e-07 9.550641e-07 7.965705e-07 1.255702e-06 -3.937275e+01 -1.029828e+01 1.204154e+01 
4.994010e+05 4.171918e+06 1.818297e+03 -2.185884e-07 9.016452e-07 8.167594e-07 1.236059e-06 -4.135917e+01 -1.362746e+01 1.265631e+01 
4.994004e+05 4.171917e+06 1.818360e+03 -2.976034e-07 8.203680e-07 8.772821e-07 1.237415e-06 -4.515066e+01 -1.993916e+01 1.327912e+01 
4.993996e+05 4.171918e+06 1.818539e+03 -4.230161e-07 7.068355e-07 9.258037e-07 1.239222e-06 -4.833846e+01 -3.089903e+01 1.407701e+01 
4.993987e+05 4.171917e+06 1.818709e+03 -7.093676e-07 5.796411e-07 9.155385e-07 1.295144e-06 -4.498334e+01 -5.074693e+01 1.495915e+01 
4.993978e+05 4.171917e+06 1.819068e+03 -1.023487e-06 5.304063e-07 6.409321e-07 1.318958e-06 -2.907395e+01 -6.260526e+01 1.616716e+01 
4.993968e+05 4.171917e+06 1.819524e+03 -1.209781e-06 5.581318e-07 3.587973e-07 1.379789e-06 -1.507231e+01 -6.523380e+01 1.715452e+01 
4.993962e+05 4.171916e+06 1.819801e+03 -1.301026e-06 5.956446e-07 1.372295e-07 1.437461e-06 -5.478175e+00 -6.540043e+01 1.784540e+01 
4.993953e+05 4.171916e+06 1.820140e+03 -1.358866e-06 6.622691e-07 -1.396362e-07 1.518096e-06 5.277587e+00 -6.401684e+01 1.872752e+01 
4.993945e+05 4.171916e+06 1.820484e+03 -1.349313e-06 7.238599e-07 -4.144935e-07 1.586324e-06 1.514673e+01 -6.178797e+01 1.958857e+01 
4.993929e+05 4.171915e+06 1.820962e+03 -1.203735e-06 8.177383e-07 -7.727135e-07 1.647653e-06 2.796800e+01 -5.581038e+01 2.119929e+01 
4.993924e+05 4.171915e+06 1.821054e+03 -1.153917e-06 8.664657e-07 -8.653466e-07 1.682591e-06 3.095029e+01 -5.309745e+01 2.190657e+01 
4.993913e+05 4.171915e+06 1.821379e+03 -1.103639e-06 9.410517e-07 -1.048807e-06 1.789858e-06 3.587168e+01 -4.954641e+01 2.293230e+01 
4.993907e+05 4.171915e+06 1.821557e+03 -1.050947e-06 9.989832e-07 -1.184893e-06 1.872546e-06 3.925487e+01 -4.645208e+01 2.361567e+01 
4.993898e+05 4.171915e+06 1.821660e+03 -9.017786e-07 1.060123e-06 -1.331778e-06 1.926318e-06 4.373784e+01 -4.038568e+01 2.468773e+01 
4.993883e+05 4.171914e+06 1.821887e+03 -4.722826e-07 1.091875e-06 -1.530192e-06 1.938229e-06 5.213693e+01 -2.339055e+01 2.615927e+01 
4.993916e+05 4.171910e+06 1.820616e+03 -1.260244e-06 7.024699e-07 -1.248051e-06 1.907697e-06 4.086040e+01 -6.086437e+01 3.190083e+01 
