# 1    , 2      , 3      , 4      , 5      , 6      , 7       
# dmeas, Bx_siB0, By_siB0, Bz_siB0, In_siB0, Ic_siB0, Dc_siB0 
0.000000e+00 2.814433e-05 2.121993e-06 3.731538e-05 4.678722e-05 5.289726e+01 4.311762e+00 
1.184193e+00 2.804979e-05 2.501147e-06 3.692245e-05 4.643613e-05 5.266691e+01 5.095479e+00 
1.801393e+00 2.799200e-05 2.557878e-06 3.670224e-05 4.622932e-05 5.255309e+01 5.221125e+00 
2.374815e+00 2.794768e-05 2.566773e-06 3.651644e-05 4.605553e-05 5.245534e+01 5.247442e+00 
3.195259e+00 2.790485e-05 2.539245e-06 3.630601e-05 4.586125e-05 5.233987e+01 5.199399e+00 
4.044970e+00 2.786572e-05 2.476079e-06 3.612077e-05 4.568741e-05 5.224225e+01 5.077825e+00 
4.849941e+00 2.785969e-05 2.400268e-06 3.596452e-05 4.555624e-05 5.213445e+01 4.924192e+00 
5.700086e+00 2.790797e-05 2.283249e-06 3.585047e-05 4.548982e-05 5.200819e+01 4.677153e+00 
6.603866e+00 2.796113e-05 2.218760e-06 3.573005e-05 4.542449e-05 5.186716e+01 4.537005e+00 
7.334555e+00 2.798072e-05 2.161996e-06 3.568873e-05 4.540133e-05 5.181997e+01 4.418314e+00 
7.778898e+00 2.799067e-05 2.137028e-06 3.561785e-05 4.535059e-05 5.175667e+01 4.365941e+00 
9.105949e+00 2.798244e-05 1.971082e-06 3.536832e-05 4.514222e-05 5.158091e+01 4.029257e+00 
1.022038e+01 2.796200e-05 1.603660e-06 3.525346e-05 4.502502e-05 5.153378e+01 3.282398e+00 
1.088617e+01 2.791476e-05 1.476636e-06 3.536699e-05 4.508035e-05 5.167743e+01 3.028011e+00 
1.204154e+01 2.783616e-05 1.384365e-06 3.544673e-05 4.509145e-05 5.182323e+01 2.847123e+00 
1.265631e+01 2.778275e-05 1.339312e-06 3.542654e-05 4.504125e-05 5.186291e+01 2.759898e+00 
1.327912e+01 2.770147e-05 1.260297e-06 3.536602e-05 4.494124e-05 5.190038e+01 2.604913e+00 
1.407701e+01 2.758794e-05 1.134884e-06 3.531750e-05 4.482976e-05 5.198165e+01 2.355646e+00 
1.495915e+01 2.746074e-05 8.485324e-07 3.532776e-05 4.475336e-05 5.212835e+01 1.769867e+00 
1.616716e+01 2.741151e-05 5.344128e-07 3.560237e-05 4.493556e-05 5.240081e+01 1.116893e+00 
1.715452e+01 2.743923e-05 3.481186e-07 3.588450e-05 4.517444e-05 5.259429e+01 7.268665e-01 
1.784540e+01 2.747674e-05 2.568738e-07 3.610607e-05 4.537274e-05 5.272763e+01 5.356295e-01 
1.872752e+01 2.754337e-05 1.990335e-07 3.638294e-05 4.563326e-05 5.287207e+01 4.140228e-01 
1.958857e+01 2.760496e-05 2.085875e-07 3.665779e-05 4.588977e-05 5.301783e+01 4.329278e-01 
2.119929e+01 2.769884e-05 3.541653e-07 3.701601e-05 4.623350e-05 5.319049e+01 7.325604e-01 
2.190657e+01 2.774757e-05 4.039831e-07 3.710865e-05 4.633727e-05 5.321021e+01 8.341232e-01 
2.293230e+01 2.782215e-05 4.542609e-07 3.729211e-05 4.652934e-05 5.327119e+01 9.354029e-01 
2.361567e+01 2.788008e-05 5.069532e-07 3.742819e-05 4.667361e-05 5.331321e+01 1.041714e+00 
2.468773e+01 2.794122e-05 6.561214e-07 3.757508e-05 4.682979e-05 5.335756e+01 1.345184e+00 
2.615927e+01 2.797297e-05 1.085617e-06 3.777349e-05 4.701598e-05 5.345776e+01 2.222506e+00 
3.190083e+01 2.758357e-05 2.976557e-07 3.749135e-05 4.654614e-05 5.365532e+01 6.182577e-01 
