# 1, 2, 3, 4   , 5   , 6   , 7   , 8   , 9   , 10  
# x, y, z, Bx_si, By_si, Bz_si, In_si, Ic_si, Dc_si, dmeas 
5.017555e+05 4.171141e+06 1.614652e+03 -5.383780e-07 -3.481785e-08 1.340413e-06 1.444912e-06 6.807572e+01 -1.762997e+02 0.000000e+00 
5.017555e+05 4.171141e+06 1.614652e+03 -5.383780e-07 -3.481785e-08 1.340413e-06 1.444912e-06 6.807572e+01 -1.762997e+02 0.000000e+00 
5.017541e+05 4.171140e+06 1.614652e+03 -5.357573e-07 -3.222919e-08 1.338714e-06 1.442300e-06 6.815285e+01 -1.765574e+02 1.609101e+00 
5.017529e+05 4.171140e+06 1.614652e+03 -5.325040e-07 -3.016792e-08 1.337498e-06 1.439921e-06 6.825923e+01 -1.767575e+02 3.063838e+00 
5.017517e+05 4.171137e+06 1.614652e+03 -5.235185e-07 -2.855043e-08 1.336898e-06 1.436030e-06 6.858619e+01 -1.768784e+02 5.513275e+00 
5.017512e+05 4.171136e+06 1.614652e+03 -5.160744e-07 -2.820634e-08 1.337231e-06 1.433638e-06 6.886831e+01 -1.768716e+02 7.390043e+00 
5.017500e+05 4.171133e+06 1.614652e+03 -5.048851e-07 -2.657392e-08 1.337783e-06 1.430133e-06 6.929708e+01 -1.769871e+02 1.057840e+01 
5.017493e+05 4.171131e+06 1.614652e+03 -4.995971e-07 -2.547596e-08 1.338213e-06 1.428657e-06 6.950343e+01 -1.770808e+02 1.222572e+01 
5.017482e+05 4.171130e+06 1.614652e+03 -4.949688e-07 -2.360879e-08 1.338451e-06 1.427236e-06 6.968406e+01 -1.772692e+02 1.396345e+01 
5.017478e+05 4.171128e+06 1.614652e+03 -4.897989e-07 -2.322811e-08 1.339581e-06 1.426506e-06 6.989500e+01 -1.772849e+02 1.552374e+01 
5.017463e+05 4.171127e+06 1.614652e+03 -4.872654e-07 -2.011851e-08 1.339308e-06 1.425334e-06 6.999198e+01 -1.776357e+02 1.732585e+01 
5.017454e+05 4.171125e+06 1.614652e+03 -4.786788e-07 -1.881053e-08 1.341847e-06 1.424795e-06 7.035310e+01 -1.777496e+02 2.018912e+01 
5.017424e+05 4.171123e+06 1.614652e+03 -4.750576e-07 -1.268635e-08 1.342047e-06 1.423703e-06 7.050063e+01 -1.784703e+02 2.346925e+01 
5.017401e+05 4.171123e+06 1.614652e+03 -4.728423e-07 -7.881071e-09 1.342408e-06 1.423271e-06 7.059349e+01 -1.790451e+02 2.592901e+01 
5.017376e+05 4.171122e+06 1.614652e+03 -4.719522e-07 -2.757889e-09 1.342484e-06 1.423028e-06 7.063049e+01 -1.796652e+02 2.839546e+01 
5.017370e+05 4.171120e+06 1.614652e+03 -4.663162e-07 -1.354109e-09 1.345400e-06 1.423922e-06 7.088359e+01 -1.798336e+02 3.050454e+01 
5.017364e+05 4.171119e+06 1.614652e+03 -4.631873e-07 -1.101357e-10 1.347234e-06 1.424634e-06 7.102672e+01 -1.799864e+02 3.179686e+01 
5.017363e+05 4.171118e+06 1.614652e+03 -4.608142e-07 -1.536086e-11 1.348742e-06 1.425291e-06 7.113665e+01 -1.799981e+02 3.269593e+01 
5.017362e+05 4.171116e+06 1.614652e+03 -4.559508e-07 2.565469e-10 1.352158e-06 1.426962e-06 7.136577e+01 1.799678e+02 3.460889e+01 
5.017355e+05 4.171115e+06 1.614652e+03 -4.533091e-07 1.852559e-09 1.354232e-06 1.428089e-06 7.149265e+01 1.797658e+02 3.590024e+01 
5.017341e+05 4.171115e+06 1.614652e+03 -4.516519e-07 4.911631e-09 1.355705e-06 1.428968e-06 7.157353e+01 1.793769e+02 3.741736e+01 
5.017294e+05 4.171115e+06 1.614652e+03 -4.514716e-07 1.565637e-08 1.356947e-06 1.430166e-06 7.158681e+01 1.780139e+02 4.217928e+01 
5.017281e+05 4.171113e+06 1.614652e+03 -4.476034e-07 1.886528e-08 1.360866e-06 1.432711e-06 7.177832e+01 1.775866e+02 4.423368e+01 
5.017266e+05 4.171112e+06 1.614652e+03 -4.441009e-07 2.249715e-08 1.364925e-06 1.435532e-06 7.195523e+01 1.771000e+02 4.629802e+01 
5.017250e+05 4.171109e+06 1.614652e+03 -4.390180e-07 2.674551e-08 1.371313e-06 1.440122e-06 7.221699e+01 1.765138e+02 4.906378e+01 
5.017225e+05 4.171109e+06 1.614652e+03 -4.388110e-07 3.284224e-08 1.372975e-06 1.441768e-06 7.222935e+01 1.757198e+02 5.158216e+01 
5.017209e+05 4.171107e+06 1.614652e+03 -4.329940e-07 3.745154e-08 1.381403e-06 1.448158e-06 7.253563e+01 1.750565e+02 5.472042e+01 
