# 1    , 2      , 3      , 4      , 5      , 6      , 7       
# dmeas, Bx_siB0, By_siB0, Bz_siB0, In_siB0, Ic_siB0, Dc_siB0 
0.000000e+00 2.701877e-05 8.181682e-07 3.717313e-05 4.596221e-05 5.397651e+01 1.734471e+00 
0.000000e+00 2.701877e-05 8.181682e-07 3.717313e-05 4.596221e-05 5.397651e+01 1.734471e+00 
1.609101e+00 2.714887e-05 8.640848e-07 3.742892e-05 4.624642e-05 5.403115e+01 1.822974e+00 
3.063838e+00 2.732192e-05 9.551500e-07 3.767187e-05 4.654642e-05 5.403147e+01 2.002194e+00 
5.513275e+00 2.833188e-05 1.188597e-06 3.778449e-05 4.724168e-05 5.311221e+01 2.402301e+00 
7.390043e+00 2.872216e-05 1.594746e-06 3.712946e-05 4.696916e-05 5.223293e+01 3.177983e+00 
1.057840e+01 2.834601e-05 2.164739e-06 3.605057e-05 4.591107e-05 5.174161e+01 4.367110e+00 
1.222572e+01 2.822587e-05 2.319459e-06 3.586426e-05 4.569820e-05 5.170283e+01 4.697721e+00 
1.396345e+01 2.816716e-05 2.206290e-06 3.559229e-05 4.544302e-05 5.155718e+01 4.478745e+00 
1.552374e+01 2.807922e-05 2.162519e-06 3.543225e-05 4.526106e-05 5.152151e+01 4.403937e+00 
1.732585e+01 2.788817e-05 2.086470e-06 3.521255e-05 4.496696e-05 5.154310e+01 4.278647e+00 
2.018912e+01 2.757640e-05 1.467063e-06 3.526677e-05 4.479235e-05 5.193753e+01 3.045262e+00 
2.346925e+01 2.729476e-05 1.189083e-06 3.549292e-05 4.479024e-05 5.241275e+01 2.494486e+00 
2.592901e+01 2.733536e-05 1.127944e-06 3.574253e-05 4.501136e-05 5.256825e+01 2.362866e+00 
2.839546e+01 2.739743e-05 1.191647e-06 3.581902e-05 4.511144e-05 5.256204e+01 2.490501e+00 
3.050454e+01 2.750812e-05 1.177416e-06 3.560133e-05 4.500597e-05 5.228240e+01 2.450907e+00 
3.179686e+01 2.749875e-05 1.165703e-06 3.529322e-05 4.475657e-05 5.205109e+01 2.427379e+00 
3.269593e+01 2.718755e-05 1.190675e-06 3.493462e-05 4.428327e-05 5.208188e+01 2.507659e+00 
3.460889e+01 2.626595e-05 1.143358e-06 3.546438e-05 4.414669e-05 5.344933e+01 2.492514e+00 
3.590024e+01 2.597313e-05 1.165184e-06 3.601516e-05 4.441906e-05 5.417458e+01 2.568632e+00 
3.741736e+01 2.595126e-05 1.417880e-06 3.659895e-05 4.488832e-05 5.462035e+01 3.127318e+00 
4.217928e+01 2.693138e-05 1.818764e-06 3.541412e-05 4.452827e-05 5.268527e+01 3.863506e+00 
4.423368e+01 2.696694e-05 1.627174e-06 3.541795e-05 4.454542e-05 5.266446e+01 3.453017e+00 
4.629802e+01 2.701521e-05 1.492792e-06 3.554290e-05 4.466931e-05 5.272042e+01 3.162803e+00 
4.906378e+01 2.694927e-05 1.334434e-06 3.540436e-05 4.451418e-05 5.268833e+01 2.834771e+00 
5.158216e+01 2.676647e-05 7.600974e-07 3.547884e-05 4.444963e-05 5.295673e+01 1.626613e+00 
5.472042e+01 2.670296e-05 3.354007e-07 3.634558e-05 4.510168e-05 5.369326e+01 7.196218e-01 
