# 1, 2, 3, 4   , 5   , 6   , 7   , 8   , 9   , 10  
# x, y, z, Bx_si, By_si, Bz_si, In_si, Ic_si, Dc_si, dmeas 
5.017555e+05 4.171141e+06 1.617011e+03 -7.419318e-07 1.313656e-07 -9.295295e-07 1.196555e-06 5.097195e+01 -7.995933e+01 0.000000e+00 
5.017555e+05 4.171141e+06 1.617011e+03 -7.419318e-07 1.313656e-07 -9.295295e-07 1.196555e-06 5.097195e+01 -7.995933e+01 0.000000e+00 
5.017541e+05 4.171140e+06 1.617193e+03 -6.960152e-07 2.614729e-07 -1.185316e-06 1.399207e-06 5.790134e+01 -6.941025e+01 1.609101e+00 
5.017529e+05 4.171140e+06 1.617247e+03 -6.049500e-07 4.345234e-07 -1.428265e-06 1.610813e-06 6.245822e+01 -5.431107e+01 3.063838e+00 
5.017517e+05 4.171137e+06 1.616766e+03 -3.715027e-07 1.444483e-06 -1.540891e-06 2.144502e-06 4.593331e+01 -1.442316e+01 5.513275e+00 
5.017512e+05 4.171136e+06 1.615844e+03 3.464636e-08 1.834756e-06 -8.858590e-07 2.037714e-06 2.576823e+01 1.081808e+00 7.390043e+00 
5.017500e+05 4.171133e+06 1.614197e+03 6.046390e-07 1.458606e-06 1.930281e-07 1.590717e-06 -6.969824e+00 2.251557e+01 1.057840e+01 
5.017493e+05 4.171131e+06 1.613514e+03 7.593587e-07 1.338472e-06 3.793372e-07 1.584938e-06 -1.384752e+01 2.956766e+01 1.222572e+01 
5.017482e+05 4.171130e+06 1.612811e+03 6.461904e-07 1.279764e-06 6.513068e-07 1.574662e-06 -2.443225e+01 2.679054e+01 1.396345e+01 
5.017478e+05 4.171128e+06 1.612227e+03 6.024192e-07 1.191819e-06 8.113503e-07 1.562571e-06 -3.128132e+01 2.681487e+01 1.552374e+01 
5.017463e+05 4.171127e+06 1.611853e+03 5.263699e-07 1.000768e-06 1.031048e-06 1.530249e-06 -4.235933e+01 2.774285e+01 1.732585e+01 
5.017454e+05 4.171125e+06 1.611394e+03 -9.303675e-08 6.889987e-07 9.768344e-07 1.198991e-06 -5.455903e+01 -7.690239e+00 2.018912e+01 
5.017424e+05 4.171123e+06 1.611838e+03 -3.710167e-07 4.073594e-07 7.506763e-07 9.311874e-07 -5.372142e+01 -4.232678e+01 2.346925e+01 
5.017401e+05 4.171123e+06 1.612169e+03 -4.321560e-07 4.479584e-07 5.010717e-07 7.990609e-07 -3.883470e+01 -4.397137e+01 2.592901e+01 
5.017376e+05 4.171122e+06 1.612467e+03 -3.684532e-07 5.100322e-07 4.245790e-07 7.590507e-07 -3.401122e+01 -3.584478e+01 2.839546e+01 
5.017370e+05 4.171120e+06 1.612345e+03 -3.826836e-07 6.207186e-07 6.422731e-07 9.717268e-07 -4.137317e+01 -3.165454e+01 3.050454e+01 
5.017364e+05 4.171119e+06 1.612306e+03 -3.943974e-07 6.113452e-07 9.503836e-07 1.196880e-06 -5.256571e+01 -3.282730e+01 3.179686e+01 
5.017363e+05 4.171118e+06 1.612298e+03 -3.694250e-07 3.001451e-07 1.308978e-06 1.392833e-06 -7.001715e+01 -5.090733e+01 3.269593e+01 
5.017362e+05 4.171116e+06 1.613084e+03 -4.167419e-07 -6.214466e-07 7.792187e-07 1.080302e-06 -4.616170e+01 -1.461542e+02 3.460889e+01 
5.017355e+05 4.171115e+06 1.613593e+03 -3.949158e-07 -9.142678e-07 2.284383e-07 1.021777e-06 -1.291878e+01 -1.566382e+02 3.590024e+01 
5.017341e+05 4.171115e+06 1.613996e+03 -1.422204e-07 -9.361424e-07 -3.553532e-07 1.011368e-06 2.057046e+01 -1.713616e+02 3.741736e+01 
5.017294e+05 4.171115e+06 1.612668e+03 2.586644e-07 4.397696e-08 8.294824e-07 8.699898e-07 -7.244715e+01 8.035109e+01 4.217928e+01 
5.017281e+05 4.171113e+06 1.612478e+03 6.707376e-08 7.953873e-08 8.256489e-07 8.321787e-07 -8.281769e+01 4.014041e+01 4.423368e+01 
5.017266e+05 4.171112e+06 1.612521e+03 -6.730821e-08 1.278068e-07 7.007029e-07 7.154366e-07 -7.835187e+01 -2.777309e+01 4.629802e+01 
5.017250e+05 4.171109e+06 1.612591e+03 -2.256662e-07 6.187280e-08 8.392442e-07 8.712545e-07 -7.442069e+01 -7.466752e+01 4.906378e+01 
5.017225e+05 4.171109e+06 1.613247e+03 -8.000026e-07 -1.209337e-07 7.647597e-07 1.113322e-06 -4.338653e+01 -9.859612e+01 5.158216e+01 
5.017209e+05 4.171107e+06 1.613934e+03 -1.224699e-06 -1.844392e-07 -1.019802e-07 1.242701e-06 4.707175e+00 -9.856436e+01 5.472042e+01 
