# 1      , 2      , 3      , 4    , 5     , 6      , 7      , 8      ,                    9              , 10  , 11  , 12  , 13    , 14
# IGRF_In, IGRF_Ic, IGRF_Dc, dmeas, height, In_siB0, Ic_siB0, Dc_siB0,                    height m (-poh), In_m, Ic_m, Dc_m, min hP, max hP
4.515490e-05 5.338396e+01 3.320776e+00 0.000000e+00 1.617011e+03 4.596221e-05 5.397651e+01 1.734471e+00 1.616900e+03 4.699440e+01 5.740176e+01 -9.049241e-01 1.611394e+03 1.617247e+03
4.515490e-05 5.338396e+01 3.320776e+00 0.000000e+00 1.617011e+03 4.596221e-05 5.397651e+01 1.734471e+00 1.616900e+03 4.693677e+01 5.727522e+01 -5.790816e-02 1.611394e+03 1.617247e+03
4.515490e-05 5.338396e+01 3.320776e+00 1.609101e+00 1.617193e+03 4.624642e-05 5.403115e+01 1.822974e+00 1.616600e+03 4.790913e+01 5.525457e+01 1.594340e+00 1.611394e+03 1.617247e+03
4.515490e-05 5.338396e+01 3.320776e+00 3.063838e+00 1.617247e+03 4.654642e-05 5.403147e+01 2.002194e+00 1.616800e+03 4.907085e+01 5.442687e+01 3.155470e+00 1.611394e+03 1.617247e+03
4.515490e-05 5.338396e+01 3.320776e+00 5.513275e+00 1.616766e+03 4.724168e-05 5.311221e+01 2.402301e+00 1.614800e+03 4.479722e+01 5.133159e+01 nan 1.611394e+03 1.617247e+03
4.515490e-05 5.338396e+01 3.320776e+00 7.390043e+00 1.615844e+03 4.696916e-05 5.223293e+01 3.177983e+00 1.613800e+03 4.456193e+01 5.309848e+01 nan 1.611394e+03 1.617247e+03
4.515490e-05 5.338396e+01 3.320776e+00 1.057840e+01 1.614197e+03 4.591107e-05 5.174161e+01 4.367110e+00 1.612200e+03 4.516684e+01 5.138067e+01 nan 1.611394e+03 1.617247e+03
4.515490e-05 5.338396e+01 3.320776e+00 1.222572e+01 1.613514e+03 4.569820e-05 5.170283e+01 4.697721e+00 1.611600e+03 4.373452e+01 5.165666e+01 nan 1.611394e+03 1.617247e+03
4.515490e-05 5.338396e+01 3.320776e+00 1.396345e+01 1.612811e+03 4.544302e-05 5.155718e+01 4.478745e+00 1.611800e+03 4.358767e+01 5.233821e+01 nan 1.611394e+03 1.617247e+03
4.515490e-05 5.338396e+01 3.320776e+00 1.552374e+01 1.612227e+03 4.526106e-05 5.152151e+01 4.403937e+00 1.612000e+03 4.368234e+01 5.334651e+01 nan 1.611394e+03 1.617247e+03
4.515490e-05 5.338396e+01 3.320776e+00 1.732585e+01 1.611853e+03 4.496696e-05 5.154310e+01 4.278647e+00 1.612700e+03 4.444906e+01 5.429435e+01 6.716755e-02 1.611394e+03 1.617247e+03
4.515490e-05 5.338396e+01 3.320776e+00 2.018912e+01 1.611394e+03 4.479235e-05 5.193753e+01 3.045262e+00 1.612700e+03 4.382978e+01 5.471559e+01 1.503872e+00 1.611394e+03 1.617247e+03
4.515490e-05 5.338396e+01 3.320776e+00 2.346925e+01 1.611838e+03 4.479024e-05 5.241275e+01 2.494486e+00 1.613600e+03 4.425070e+01 5.574969e+01 7.594022e-01 1.611394e+03 1.617247e+03
4.515490e-05 5.338396e+01 3.320776e+00 2.592901e+01 1.612169e+03 4.501136e-05 5.256825e+01 2.362866e+00 1.613300e+03 4.554522e+01 5.482188e+01 2.453291e-01 1.611394e+03 1.617247e+03
4.515490e-05 5.338396e+01 3.320776e+00 2.839546e+01 1.612467e+03 4.511144e-05 5.256204e+01 2.490501e+00 1.613400e+03 4.554710e+01 5.400113e+01 1.325285e+00 1.611394e+03 1.617247e+03
4.515490e-05 5.338396e+01 3.320776e+00 3.050454e+01 1.612345e+03 4.500597e-05 5.228240e+01 2.450907e+00 1.612300e+03 4.255886e+01 5.028417e+01 4.967902e+00 1.611394e+03 1.617247e+03
4.515490e-05 5.338396e+01 3.320776e+00 3.179686e+01 1.612306e+03 4.475657e-05 5.205109e+01 2.427379e+00 1.612700e+03 4.286181e+01 5.356067e+01 7.846244e-01 1.611394e+03 1.617247e+03
4.515490e-05 5.338396e+01 3.320776e+00 3.269593e+01 1.612298e+03 4.428327e-05 5.208188e+01 2.507659e+00 1.613300e+03 4.377153e+01 5.544978e+01 1.076042e+00 1.611394e+03 1.617247e+03
4.515490e-05 5.338396e+01 3.320776e+00 3.460889e+01 1.613084e+03 4.414669e-05 5.344933e+01 2.492514e+00 1.612700e+03 4.308497e+01 5.219505e+01 nan 1.611394e+03 1.617247e+03
4.515490e-05 5.338396e+01 3.320776e+00 3.590024e+01 1.613593e+03 4.441906e-05 5.417458e+01 2.568632e+00 1.612700e+03 4.459259e+01 5.594585e+01 2.710973e+00 1.611394e+03 1.617247e+03
4.515490e-05 5.338396e+01 3.320776e+00 3.741736e+01 1.613996e+03 4.488832e-05 5.462035e+01 3.127318e+00 1.612500e+03 4.493944e+01 5.538863e+01 nan 1.611394e+03 1.617247e+03
4.515490e-05 5.338396e+01 3.320776e+00 4.217928e+01 1.612668e+03 4.452827e-05 5.268527e+01 3.863506e+00 1.611400e+03 4.392626e+01 5.472688e+01 nan 1.611394e+03 1.617247e+03
4.515490e-05 5.338396e+01 3.320776e+00 4.423368e+01 1.612478e+03 4.454542e-05 5.266446e+01 3.453017e+00 1.611200e+03 4.401376e+01 5.330151e+01 nan 1.611394e+03 1.617247e+03
4.515490e-05 5.338396e+01 3.320776e+00 4.629802e+01 1.612521e+03 4.466931e-05 5.272042e+01 3.162803e+00 1.612500e+03 4.163914e+01 5.434246e+01 -5.216342e-02 1.611394e+03 1.617247e+03
4.515490e-05 5.338396e+01 3.320776e+00 4.906378e+01 1.612591e+03 4.451418e-05 5.268833e+01 2.834771e+00 1.613800e+03 4.528975e+01 5.728082e+01 -2.138726e+00 1.611394e+03 1.617247e+03
4.515490e-05 5.338396e+01 3.320776e+00 5.158216e+01 1.613247e+03 4.444963e-05 5.295673e+01 1.626613e+00 1.615000e+03 4.534322e+01 5.749710e+01 -9.361994e-01 1.611394e+03 1.617247e+03
4.515490e-05 5.338396e+01 3.320776e+00 5.472042e+01 1.613934e+03 4.510168e-05 5.369326e+01 7.196218e-01 1.614900e+03 4.701543e+01 5.499272e+01 -1.132332e+00 1.611394e+03 1.617247e+03
