# 1 , 2 , 3 , 4      , 5      , 6      , 7      , 8      , 9        
# xm, ym, zm, IGRF_In, IGRF_Ic, IGRF_Dc, In_siB0, Ic_siB0, Dc_siB0  
4.752300e+02 4.997790e+02 1.208033e+00 4.518274e-05 5.346856e+01 3.327694e+00 4.452540e-05 5.214234e+01 7.678828e+00 
4.762943e+02 4.997790e+02 2.255333e+00 4.518274e-05 5.346856e+01 3.327694e+00 4.513927e-05 5.257620e+01 8.192590e+00 
4.773587e+02 4.997790e+02 3.211699e+00 4.518274e-05 5.346856e+01 3.327694e+00 4.587103e-05 5.312517e+01 8.282232e+00 
4.784230e+02 4.997790e+02 4.009106e+00 4.518274e-05 5.346856e+01 3.327694e+00 4.662088e-05 5.373294e+01 7.680915e+00 
4.794874e+02 4.997790e+02 4.590834e+00 4.518274e-05 5.346856e+01 3.327694e+00 4.721046e-05 5.426112e+01 6.337278e+00 
4.805517e+02 4.997790e+02 4.915504e+00 4.518274e-05 5.346856e+01 3.327694e+00 4.751576e-05 5.458561e+01 4.533167e+00 
4.816161e+02 4.997790e+02 4.960022e+00 4.518274e-05 5.346856e+01 3.327694e+00 4.752880e-05 5.467450e+01 2.588969e+00 
4.826804e+02 4.997790e+02 4.721222e+00 4.518274e-05 5.346856e+01 3.327694e+00 4.725669e-05 5.452426e+01 7.092095e-01 
4.837448e+02 4.997790e+02 4.216089e+00 4.518274e-05 5.346856e+01 3.327694e+00 4.669841e-05 5.413387e+01 -8.215194e-01 
4.848091e+02 4.997790e+02 3.480554e+00 4.518274e-05 5.346856e+01 3.327694e+00 4.594939e-05 5.358156e+01 -1.658095e+00 
4.858735e+02 4.997790e+02 2.566936e+00 4.518274e-05 5.346856e+01 3.327694e+00 4.519177e-05 5.301183e+01 -1.738356e+00 
4.869378e+02 4.997790e+02 1.540221e+00 4.518274e-05 5.346856e+01 3.327694e+00 4.454943e-05 5.252004e+01 -1.302423e+00 
4.880022e+02 4.997790e+02 4.734399e-01 4.518274e-05 5.346856e+01 3.327694e+00 4.404860e-05 5.212606e+01 -6.163283e-01 
4.890665e+02 4.997790e+02 -5.575273e-01 4.518274e-05 5.346856e+01 3.327694e+00 4.367154e-05 5.181787e+01 1.546266e-01 
4.901309e+02 4.997790e+02 -1.479347e+00 4.518274e-05 5.346856e+01 3.327694e+00 4.339561e-05 5.158094e+01 9.289543e-01 
4.911952e+02 4.997790e+02 -2.226450e+00 4.518274e-05 5.346856e+01 3.327694e+00 4.320440e-05 5.140572e+01 1.672928e+00 
4.922596e+02 4.997790e+02 -2.745694e+00 4.518274e-05 5.346856e+01 3.327694e+00 4.308771e-05 5.128690e+01 2.379108e+00 
4.933239e+02 4.997790e+02 -3.000146e+00 4.518274e-05 5.346856e+01 3.327694e+00 4.303988e-05 5.122168e+01 3.055594e+00 
4.943883e+02 4.997790e+02 -2.971705e+00 4.518274e-05 5.346856e+01 3.327694e+00 4.305849e-05 5.120856e+01 3.719954e+00 
4.954526e+02 4.997790e+02 -2.662395e+00 4.518274e-05 5.346856e+01 3.327694e+00 4.314377e-05 5.124678e+01 4.393320e+00 
4.965170e+02 4.997790e+02 -2.094218e+00 4.518274e-05 5.346856e+01 3.327694e+00 4.329878e-05 5.133688e+01 5.094118e+00 
4.975813e+02 4.997790e+02 -1.307588e+00 4.518274e-05 5.346856e+01 3.327694e+00 4.353032e-05 5.148184e+01 5.831178e+00 
4.986457e+02 4.997790e+02 -3.584581e-01 4.518274e-05 5.346856e+01 3.327694e+00 4.385003e-05 5.168906e+01 6.593808e+00 
4.997100e+02 4.997790e+02 6.856592e-01 4.518274e-05 5.346856e+01 3.327694e+00 4.427513e-05 5.197252e+01 7.338078e+00 
5.007743e+02 4.997790e+02 1.750496e+00 4.518274e-05 5.346856e+01 3.327694e+00 4.482499e-05 5.235274e+01 7.965772e+00 
5.018387e+02 4.997790e+02 2.760309e+00 4.518274e-05 5.346856e+01 3.327694e+00 4.550489e-05 5.284739e+01 8.294093e+00 
5.029030e+02 4.997790e+02 3.643270e+00 4.518274e-05 5.346856e+01 3.327694e+00 4.626351e-05 5.343810e+01 8.057115e+00 
5.039674e+02 4.997790e+02 4.336574e+00 4.518274e-05 5.346856e+01 3.327694e+00 4.695339e-05 5.402397e+01 7.061748e+00 
5.050317e+02 4.997790e+02 4.790906e+00 4.518274e-05 5.346856e+01 3.327694e+00 4.740475e-05 5.445722e+01 5.438473e+00 
5.060961e+02 4.997790e+02 4.973949e+00 4.518274e-05 5.346856e+01 3.327694e+00 4.755844e-05 5.466127e+01 3.534027e+00 
5.071604e+02 4.997790e+02 4.872682e+00 4.518274e-05 5.346856e+01 3.327694e+00 4.742760e-05 5.462950e+01 1.598751e+00 
5.082248e+02 4.997790e+02 4.494310e+00 4.518274e-05 5.346856e+01 3.327694e+00 4.700660e-05 5.435397e+01 -1.473497e-01 
5.092891e+02 4.997790e+02 3.865746e+00 4.518274e-05 5.346856e+01 3.327694e+00 4.633183e-05 5.386531e+01 -1.355827e+00 
5.103535e+02 4.997790e+02 3.031700e+00 4.518274e-05 5.346856e+01 3.327694e+00 4.555737e-05 5.328765e+01 -1.791782e+00 
5.114178e+02 4.997790e+02 2.051498e+00 4.518274e-05 5.346856e+01 3.327694e+00 4.484928e-05 5.275075e+01 -1.573557e+00 
5.124822e+02 4.997790e+02 9.948617e-01 4.518274e-05 5.346856e+01 3.327694e+00 4.427860e-05 5.230852e+01 -9.794329e-01 
5.135465e+02 4.997790e+02 -6.304897e-02 4.518274e-05 5.346856e+01 3.327694e+00 4.384423e-05 5.196068e+01 -2.295195e-01 
5.146109e+02 4.997790e+02 -1.046985e+00 4.518274e-05 5.346856e+01 3.327694e+00 4.352265e-05 5.169157e+01 5.529840e-01 
5.156752e+02 4.997790e+02 -1.886958e+00 4.518274e-05 5.346856e+01 3.327694e+00 4.329214e-05 5.148754e+01 1.312614e+00 
5.167396e+02 4.997790e+02 -2.523220e+00 4.518274e-05 5.346856e+01 3.327694e+00 4.313886e-05 5.134081e+01 2.032962e+00 
5.178039e+02 4.997790e+02 -2.910514e+00 4.518274e-05 5.346856e+01 3.327694e+00 4.305585e-05 5.124809e+01 2.719328e+00 
5.188683e+02 4.997790e+02 -3.021292e+00 4.518274e-05 5.346856e+01 3.327694e+00 4.304046e-05 5.120825e+01 3.388042e+00 
5.199326e+02 4.997790e+02 -2.847674e+00 4.518274e-05 5.346856e+01 3.327694e+00 4.309261e-05 5.122093e+01 4.058885e+00 
5.209970e+02 4.997790e+02 -2.402009e+00 4.518274e-05 5.346856e+01 3.327694e+00 4.321398e-05 5.128608e+01 4.749794e+00 
5.220613e+02 4.997790e+02 -1.715998e+00 4.518274e-05 5.346856e+01 3.327694e+00 4.340839e-05 5.140459e+01 5.471731e+00 
5.231257e+02 4.997790e+02 -8.384368e-01 4.518274e-05 5.346856e+01 3.327694e+00 4.368354e-05 5.158045e+01 6.223064e+00 
5.241900e+02 4.997790e+02 1.682530e-01 4.518274e-05 5.346856e+01 3.327694e+00 4.405324e-05 5.182354e+01 6.980715e+00 
