# 1,2,3, 4    , 5    , 6    , 7    , 8    , 9    , 10   , 11   , 12    
# x,y,z, Bx_vi, By_vi, Bz_vi, Bx_si, By_si, Bz_si, In_si, Ic_si, Dc_si 
225.2300000000 249.7790000000 1.0000000000 0.0589363398 -1.8205421342 -5.6623978686 0.0000000059 -0.0000001821 -0.0000005662 0.0000005948 72.1679116130 178.1458135767 
226.2943478261 249.7790000000 1.0000000000 0.0563012316 -1.8211088300 -5.6595721601 0.0000000056 -0.0000001821 -0.0000005660 0.0000005946 72.1551414802 178.2292054310 
227.3586956522 249.7790000000 1.0000000000 0.0536799296 -1.8216505561 -5.6568749699 0.0000000054 -0.0000001822 -0.0000005657 0.0000005943 72.1429308269 178.3120989820 
228.4230434783 249.7790000000 1.0000000000 0.0510718806 -1.8221673235 -5.6543057927 0.0000000051 -0.0000001822 -0.0000005654 0.0000005941 72.1312798043 178.3945186928 
229.4873913043 249.7790000000 1.0000000000 0.0484764061 -1.8226591431 -5.6518642053 0.0000000048 -0.0000001823 -0.0000005652 0.0000005939 72.1201886926 178.4764882658 
230.5517391304 249.7790000000 1.0000000000 0.0458927036 -1.8231260250 -5.6495497421 0.0000000046 -0.0000001823 -0.0000005650 0.0000005937 72.1096576100 178.5580315256 
231.6160869565 249.7790000000 1.0000000000 0.0433199505 -1.8235679790 -5.6473618175 0.0000000043 -0.0000001824 -0.0000005647 0.0000005935 72.0996867322 178.6391721621 
232.6804347826 249.7790000000 1.0000000000 0.0407574290 -1.8239850144 -5.6452997618 0.0000000041 -0.0000001824 -0.0000005645 0.0000005933 72.0902761208 178.7199331992 
233.7447826087 249.7790000000 1.0000000000 0.0382045720 -1.8243771400 -5.6433629387 0.0000000038 -0.0000001824 -0.0000005643 0.0000005931 72.0814260693 178.8003378879 
234.8091304348 249.7790000000 1.0000000000 0.0356609020 -1.8247443641 -5.6415508474 0.0000000036 -0.0000001825 -0.0000005642 0.0000005929 72.0731366270 178.8804090894 
235.8734782609 249.7790000000 1.0000000000 0.0331259253 -1.8250866945 -5.6398631373 0.0000000033 -0.0000001825 -0.0000005640 0.0000005928 72.0654078169 178.9601693731 
236.9378260870 249.7790000000 1.0000000000 0.0305990610 -1.8254041385 -5.6382995473 0.0000000031 -0.0000001825 -0.0000005638 0.0000005927 72.0582398909 179.0396413317 
238.0021739130 249.7790000000 1.0000000000 0.0280796369 -1.8256967028 -5.6368598269 0.0000000028 -0.0000001826 -0.0000005637 0.0000005925 72.0516328408 179.1188473075 
239.0665217391 249.7790000000 1.0000000000 0.0255669301 -1.8259643939 -5.6355436847 0.0000000026 -0.0000001826 -0.0000005636 0.0000005924 72.0455867873 179.1978094524 
240.1308695652 249.7790000000 1.0000000000 0.0230602228 -1.8262072174 -5.6343507720 0.0000000023 -0.0000001826 -0.0000005634 0.0000005923 72.0401017531 179.2765498163 
241.1952173913 249.7790000000 1.0000000000 0.0205588589 -1.8264251785 -5.6332807009 0.0000000021 -0.0000001826 -0.0000005633 0.0000005922 72.0351778388 179.3550903759 
242.2595652174 249.7790000000 1.0000000000 0.0180622819 -1.8266182821 -5.6323330985 0.0000000018 -0.0000001827 -0.0000005632 0.0000005921 72.0308150695 179.4334530548 
243.3239130435 249.7790000000 1.0000000000 0.0155700269 -1.8267865322 -5.6315076856 0.0000000016 -0.0000001827 -0.0000005632 0.0000005920 72.0270135018 179.5116595507 
244.3882608696 249.7790000000 1.0000000000 0.0130816456 -1.8269299325 -5.6308043341 0.0000000013 -0.0000001827 -0.0000005631 0.0000005920 72.0237732339 179.5897313467 
245.4526086957 249.7790000000 1.0000000000 0.0105966005 -1.8270484862 -5.6302230452 0.0000000011 -0.0000001827 -0.0000005630 0.0000005919 72.0210942179 179.6676902239 
246.5169565217 249.7790000000 1.0000000000 0.0081142099 -1.8271421958 -5.6297638431 0.0000000008 -0.0000001827 -0.0000005630 0.0000005919 72.0189765036 179.7455575856 
247.5813043478 249.7790000000 1.0000000000 0.0056337015 -1.8272110634 -5.6294266597 0.0000000006 -0.0000001827 -0.0000005629 0.0000005919 72.0174201910 179.8233549691 
248.6456521739 249.7790000000 1.0000000000 0.0031543391 -1.8272550904 -5.6292113063 0.0000000003 -0.0000001827 -0.0000005629 0.0000005918 72.0164251976 179.9011038093 
249.7100000000 249.7790000000 1.0000000000 0.0006755216 -1.8272742779 -5.6291175572 0.0000000001 -0.0000001827 -0.0000005629 0.0000005918 72.0159915351 179.9788252692 
250.7743478261 249.7790000000 1.0000000000 -0.0018032234 -1.8272686261 -5.6291452731 -0.0000000002 -0.0000001827 -0.0000005629 0.0000005918 72.0161192614 -179.9434589405 
251.8386956522 249.7790000000 1.0000000000 -0.0042823322 -1.8272381351 -5.6292944670 -0.0000000004 -0.0000001827 -0.0000005629 0.0000005918 72.0168083944 -179.8657276819 
252.9030434783 249.7790000000 1.0000000000 -0.0067623024 -1.8271828042 -5.6295652792 -0.0000000007 -0.0000001827 -0.0000005630 0.0000005919 72.0180588317 -179.7879593527 
253.9673913043 249.7790000000 1.0000000000 -0.0092437334 -1.8271026321 -5.6299579006 -0.0000000009 -0.0000001827 -0.0000005630 0.0000005919 72.0198706117 -179.7101328161 
255.0317391304 249.7790000000 1.0000000000 -0.0117273055 -1.8269976171 -5.6304725034 -0.0000000012 -0.0000001827 -0.0000005630 0.0000005919 72.0222437485 -179.6322265160 
256.0960869565 249.7790000000 1.0000000000 -0.0142137297 -1.8268677569 -5.6311092060 -0.0000000014 -0.0000001827 -0.0000005631 0.0000005920 72.0251781862 -179.5542187753 
257.1604347826 249.7790000000 1.0000000000 -0.0167036896 -1.8267130487 -5.6318680733 -0.0000000017 -0.0000001827 -0.0000005632 0.0000005921 72.0286738425 -179.4760884011 
258.2247826087 249.7790000000 1.0000000000 -0.0191977911 -1.8265334892 -5.6327491508 -0.0000000019 -0.0000001827 -0.0000005633 0.0000005922 72.0327308133 -179.3978135960 
259.2891304348 249.7790000000 1.0000000000 -0.0216965409 -1.8263290743 -5.6337525337 -0.0000000022 -0.0000001826 -0.0000005634 0.0000005922 72.0373489504 -179.3193727221 
260.3534782609 249.7790000000 1.0000000000 -0.0242003856 -1.8260997998 -5.6348784441 -0.0000000024 -0.0000001826 -0.0000005635 0.0000005923 72.0425282264 -179.2407439033 
261.4178260870 249.7790000000 1.0000000000 -0.0267098096 -1.8258456606 -5.6361272572 -0.0000000027 -0.0000001826 -0.0000005636 0.0000005925 72.0482685766 -179.1619052625 
262.4821739130 249.7790000000 1.0000000000 -0.0292254273 -1.8255666513 -5.6374994367 -0.0000000029 -0.0000001826 -0.0000005637 0.0000005926 72.0545699511 -179.0828349061 
263.5465217391 249.7790000000 1.0000000000 -0.0317479916 -1.8252627659 -5.6389954117 -0.0000000032 -0.0000001825 -0.0000005639 0.0000005927 72.0614322547 -179.0035106963 
264.6108695652 249.7790000000 1.0000000000 -0.0342782963 -1.8249339979 -5.6406154918 -0.0000000034 -0.0000001825 -0.0000005641 0.0000005929 72.0688553941 -178.9239103301 
265.6752173913 249.7790000000 1.0000000000 -0.0368170481 -1.8245803402 -5.6423598945 -0.0000000037 -0.0000001825 -0.0000005642 0.0000005930 72.0768393538 -178.8440113282 
266.7395652174 249.7790000000 1.0000000000 -0.0393648125 -1.8242017853 -5.6442288593 -0.0000000039 -0.0000001824 -0.0000005644 0.0000005932 72.0853839192 -178.7637913263 
267.8039130435 249.7790000000 1.0000000000 -0.0419220672 -1.8237983252 -5.6462227556 -0.0000000042 -0.0000001824 -0.0000005646 0.0000005934 72.0944890865 -178.6832272769 
268.8682608696 249.7790000000 1.0000000000 -0.0444893080 -1.8233699513 -5.6483421053 -0.0000000044 -0.0000001823 -0.0000005648 0.0000005936 72.1041546418 -178.6022962431 
269.9326086957 249.7790000000 1.0000000000 -0.0470671240 -1.8229166546 -5.6505875265 -0.0000000047 -0.0000001823 -0.0000005651 0.0000005938 72.1143804648 -178.5209753356 
270.9969565217 249.7790000000 1.0000000000 -0.0496562075 -1.8224384257 -5.6529596551 -0.0000000050 -0.0000001822 -0.0000005653 0.0000005940 72.1251664597 -178.4392410028 
272.0613043478 249.7790000000 1.0000000000 -0.0522573156 -1.8219352545 -5.6554590897 -0.0000000052 -0.0000001822 -0.0000005655 0.0000005942 72.1365123765 -178.3570695958 
273.1256521739 249.7790000000 1.0000000000 -0.0548712146 -1.8214071306 -5.6580863738 -0.0000000055 -0.0000001821 -0.0000005658 0.0000005944 72.1484181045 -178.2744371959 
274.1900000000 249.7790000000 1.0000000000 -0.0574986235 -1.8208540431 -5.6608420111 -0.0000000057 -0.0000001821 -0.0000005661 0.0000005947 72.1608833491 -178.1913198781 
