# 1 , 2 , 3 , 4      , 5      , 6      , 7      , 8      , 9        
# xm, ym, zm, IGRF_In, IGRF_Ic, IGRF_Dc, In_siB0, Ic_siB0, Dc_siB0  
1.002300e+02 1.247790e+02 1.208033e+00 4.518274e-05 5.346856e+01 3.327694e+00 4.443557e-05 5.281831e+01 7.790586e+00 
1.012943e+02 1.247790e+02 2.255333e+00 4.518274e-05 5.346856e+01 3.327694e+00 4.504919e-05 5.323635e+01 8.330397e+00 
1.023587e+02 1.247790e+02 3.211699e+00 4.518274e-05 5.346856e+01 3.327694e+00 4.578461e-05 5.377131e+01 8.439232e+00 
1.034230e+02 1.247790e+02 4.009106e+00 4.518274e-05 5.346856e+01 3.327694e+00 4.654114e-05 5.436878e+01 7.845079e+00 
1.044874e+02 1.247790e+02 4.590834e+00 4.518274e-05 5.346856e+01 3.327694e+00 4.713993e-05 5.489386e+01 6.485455e+00 
1.055517e+02 1.247790e+02 4.915504e+00 4.518274e-05 5.346856e+01 3.327694e+00 4.745119e-05 5.521943e+01 4.644225e+00 
1.066161e+02 1.247790e+02 4.960022e+00 4.518274e-05 5.346856e+01 3.327694e+00 4.746419e-05 5.531032e+01 2.653399e+00 
1.076804e+02 1.247790e+02 4.721222e+00 4.518274e-05 5.346856e+01 3.327694e+00 4.718573e-05 5.516197e+01 7.304078e-01 
1.087448e+02 1.247790e+02 4.216089e+00 4.518274e-05 5.346856e+01 3.327694e+00 4.661719e-05 5.477529e+01 -8.262834e-01 
1.098091e+02 1.247790e+02 3.480554e+00 4.518274e-05 5.346856e+01 3.327694e+00 4.585887e-05 5.423105e+01 -1.667183e+00 
1.108735e+02 1.247790e+02 2.566936e+00 4.518274e-05 5.346856e+01 3.327694e+00 4.509501e-05 5.367252e+01 -1.732794e+00 
1.119378e+02 1.247790e+02 1.540221e+00 4.518274e-05 5.346856e+01 3.327694e+00 4.444978e-05 5.319275e+01 -1.273788e+00 
1.130022e+02 1.247790e+02 4.734399e-01 4.518274e-05 5.346856e+01 3.327694e+00 4.395070e-05 5.281182e+01 -5.568646e-01 
1.140665e+02 1.247790e+02 -5.575273e-01 4.518274e-05 5.346856e+01 3.327694e+00 4.358029e-05 5.251799e+01 2.412804e-01 
1.151309e+02 1.247790e+02 -1.479347e+00 4.518274e-05 5.346856e+01 3.327694e+00 4.331451e-05 5.229608e+01 1.035035e+00 
1.161952e+02 1.247790e+02 -2.226450e+00 4.518274e-05 5.346856e+01 3.327694e+00 4.313475e-05 5.213529e+01 1.781358e+00 
1.172596e+02 1.247790e+02 -2.745694e+00 4.518274e-05 5.346856e+01 3.327694e+00 4.302750e-05 5.202792e+01 2.475493e+00 
1.183239e+02 1.247790e+02 -3.000146e+00 4.518274e-05 5.346856e+01 3.327694e+00 4.298398e-05 5.196865e+01 3.128946e+00 
1.193883e+02 1.247790e+02 -2.971705e+00 4.518274e-05 5.346856e+01 3.327694e+00 4.300041e-05 5.195457e+01 3.768576e+00 
1.204526e+02 1.247790e+02 -2.662395e+00 4.518274e-05 5.346856e+01 3.327694e+00 4.307768e-05 5.198502e+01 4.424790e+00 
1.215170e+02 1.247790e+02 -2.094218e+00 4.518274e-05 5.346856e+01 3.327694e+00 4.322149e-05 5.206233e+01 5.120948e+00 
1.225813e+02 1.247790e+02 -1.307588e+00 4.518274e-05 5.346856e+01 3.327694e+00 4.344173e-05 5.219175e+01 5.867832e+00 
1.236457e+02 1.247790e+02 -3.584581e-01 4.518274e-05 5.346856e+01 3.327694e+00 4.375160e-05 5.238208e+01 6.648184e+00 
1.247100e+02 1.247790e+02 6.856592e-01 4.518274e-05 5.346856e+01 3.327694e+00 4.417052e-05 5.264880e+01 7.418084e+00 
1.257743e+02 1.247790e+02 1.750496e+00 4.518274e-05 5.346856e+01 3.327694e+00 4.471827e-05 5.301296e+01 8.072668e+00 
1.268387e+02 1.247790e+02 2.760309e+00 4.518274e-05 5.346856e+01 3.327694e+00 4.540132e-05 5.349339e+01 8.427039e+00 
1.279030e+02 1.247790e+02 3.643270e+00 4.518274e-05 5.346856e+01 3.327694e+00 4.616759e-05 5.407356e+01 8.201507e+00 
1.289674e+02 1.247790e+02 4.336574e+00 4.518274e-05 5.346856e+01 3.327694e+00 4.686831e-05 5.465454e+01 7.198163e+00 
1.300317e+02 1.247790e+02 4.790906e+00 4.518274e-05 5.346856e+01 3.327694e+00 4.732888e-05 5.508772e+01 5.543124e+00 
1.310961e+02 1.247790e+02 4.973949e+00 4.518274e-05 5.346856e+01 3.327694e+00 4.748664e-05 5.529356e+01 3.592913e+00 
1.321604e+02 1.247790e+02 4.872682e+00 4.518274e-05 5.346856e+01 3.327694e+00 4.735331e-05 5.526334e+01 1.609894e+00 
1.332248e+02 1.247790e+02 4.494310e+00 4.518274e-05 5.346856e+01 3.327694e+00 4.692388e-05 5.498957e+01 -1.725599e-01 
1.342891e+02 1.247790e+02 3.865746e+00 4.518274e-05 5.346856e+01 3.327694e+00 4.623878e-05 5.450588e+01 -1.393656e+00 
1.353535e+02 1.247790e+02 3.031700e+00 4.518274e-05 5.346856e+01 3.327694e+00 4.545625e-05 5.393753e+01 -1.818266e+00 
1.364178e+02 1.247790e+02 2.051498e+00 4.518274e-05 5.346856e+01 3.327694e+00 4.474628e-05 5.341416e+01 -1.575555e+00 
1.374822e+02 1.247790e+02 9.948617e-01 4.518274e-05 5.346856e+01 3.327694e+00 4.417712e-05 5.298587e+01 -9.532417e-01 
1.385465e+02 1.247790e+02 -6.304897e-02 4.518274e-05 5.346856e+01 3.327694e+00 4.374814e-05 5.265244e+01 -1.768973e-01 
1.396109e+02 1.247790e+02 -1.046985e+00 4.518274e-05 5.346856e+01 3.327694e+00 4.343468e-05 5.239757e+01 6.283022e-01 
1.406752e+02 1.247790e+02 -1.886958e+00 4.518274e-05 5.346856e+01 3.327694e+00 4.321650e-05 5.220927e+01 1.402517e+00 
1.417396e+02 1.247790e+02 -2.523220e+00 4.518274e-05 5.346856e+01 3.327694e+00 4.307602e-05 5.207712e+01 2.123622e+00 
1.428039e+02 1.247790e+02 -2.910514e+00 4.518274e-05 5.346856e+01 3.327694e+00 4.300330e-05 5.199569e+01 2.794800e+00 
1.438683e+02 1.247790e+02 -3.021292e+00 4.518274e-05 5.346856e+01 3.327694e+00 4.299178e-05 5.196058e+01 3.437575e+00 
1.449326e+02 1.247790e+02 -2.847674e+00 4.518274e-05 5.346856e+01 3.327694e+00 4.304004e-05 5.196999e+01 4.081378e+00 
1.459970e+02 1.247790e+02 -2.402009e+00 4.518274e-05 5.346856e+01 3.327694e+00 4.315159e-05 5.202486e+01 4.754764e+00 
1.470613e+02 1.247790e+02 -1.715998e+00 4.518274e-05 5.346856e+01 3.327694e+00 4.333371e-05 5.212847e+01 5.475093e+00 
1.481257e+02 1.247790e+02 -8.384368e-01 4.518274e-05 5.346856e+01 3.327694e+00 4.359919e-05 5.228880e+01 6.239370e+00 
1.491900e+02 1.247790e+02 1.682530e-01 4.518274e-05 5.346856e+01 3.327694e+00 4.396302e-05 5.251651e+01 7.020926e+00 
