# 1      , 2      , 3      , 4    , 5     , 6      , 7      , 8      ,                    9              , 10  , 11  , 12  , 13    , 14      
# IGRF_In, IGRF_Ic, IGRF_Dc, dmeas, height, In_siB0, Ic_siB0, Dc_siB0,                    height m (-poh), In_m, Ic_m, Dc_m, min hP, max hP  
4.515490e-05 5.338396e+01 3.320776e+00 0.000000e+00 1.617170e+03 4.416284e-05 5.312763e+01 7.529175e-01 1.618900e+03 4.575064e+01 5.878437e+01 -6.645001e+00 1.614059e+03 1.619087e+03 
4.515490e-05 5.338396e+01 3.320776e+00 1.313858e+00 1.616895e+03 4.414898e-05 5.283308e+01 1.047500e+00 1.617700e+03 4.340587e+01 5.727158e+01 1.937867e-01 1.614059e+03 1.619087e+03 
4.515490e-05 5.338396e+01 3.320776e+00 3.704210e+00 1.617109e+03 4.422066e-05 5.265771e+01 1.266817e+00 1.615600e+03 4.207129e+01 5.318418e+01 2.747505e-01 1.614059e+03 1.619087e+03 
4.515490e-05 5.338396e+01 3.320776e+00 3.704210e+00 1.617109e+03 4.422066e-05 5.265771e+01 1.266817e+00 1.615600e+03 4.206765e+01 5.308327e+01 1.125919e+00 1.614059e+03 1.619087e+03 
4.515490e-05 5.338396e+01 3.320776e+00 5.176935e+00 1.616563e+03 4.418772e-05 5.246387e+01 1.268223e+00 1.614800e+03 4.465357e+01 5.305078e+01 2.487716e-01 1.614059e+03 1.619087e+03 
4.515490e-05 5.338396e+01 3.320776e+00 7.529181e+00 1.615680e+03 4.394948e-05 5.218009e+01 1.423916e+00 1.614800e+03 4.392862e+01 5.428043e+01 -1.934920e+00 1.614059e+03 1.619087e+03 
4.515490e-05 5.338396e+01 3.320776e+00 9.022361e+00 1.615216e+03 4.387965e-05 5.182864e+01 1.660455e+00 1.614500e+03 4.351851e+01 5.322759e+01 -2.089908e-01 1.614059e+03 1.619087e+03 
4.515490e-05 5.338396e+01 3.320776e+00 1.058217e+01 1.614730e+03 4.375515e-05 5.151440e+01 2.049186e+00 1.614300e+03 4.420009e+01 5.432515e+01 -1.035171e+00 1.614059e+03 1.619087e+03 
4.515490e-05 5.338396e+01 3.320776e+00 1.241860e+01 1.614184e+03 4.364272e-05 5.114942e+01 3.103180e+00 1.614000e+03 4.293308e+01 5.328460e+01 -3.503504e+00 1.614059e+03 1.619087e+03 
4.515490e-05 5.338396e+01 3.320776e+00 1.455690e+01 1.614059e+03 4.399036e-05 5.064783e+01 3.780034e+00 1.612500e+03 4.312005e+01 5.092131e+01 4.634988e-01 1.614059e+03 1.619087e+03 
4.515490e-05 5.338396e+01 3.320776e+00 1.697472e+01 1.614856e+03 4.529598e-05 5.020967e+01 3.686767e+00 1.611400e+03 4.165310e+01 5.125718e+01 4.529160e-01 1.614059e+03 1.619087e+03 
4.515490e-05 5.338396e+01 3.320776e+00 2.015689e+01 1.614502e+03 4.526542e-05 5.033838e+01 3.760272e+00 1.612500e+03 4.307516e+01 5.201969e+01 1.747714e+00 1.614059e+03 1.619087e+03 
4.515490e-05 5.338396e+01 3.320776e+00 2.247984e+01 1.614656e+03 4.579266e-05 5.103324e+01 3.679980e+00 1.612700e+03 4.321875e+01 5.219473e+01 1.778680e+00 1.614059e+03 1.619087e+03 
4.515490e-05 5.338396e+01 3.320776e+00 2.441537e+01 1.615438e+03 4.641167e-05 5.182508e+01 2.188673e+00 1.613000e+03 4.395217e+01 5.065917e+01 1.888427e+00 1.614059e+03 1.619087e+03 
4.515490e-05 5.338396e+01 3.320776e+00 2.656648e+01 1.615311e+03 4.599426e-05 5.211366e+01 8.643104e-01 1.612600e+03 4.338194e+01 5.048128e+01 5.013835e+00 1.614059e+03 1.619087e+03 
4.515490e-05 5.338396e+01 3.320776e+00 2.729138e+01 1.615059e+03 4.573108e-05 5.217456e+01 9.579330e-01 1.613400e+03 4.588199e+01 5.262014e+01 3.216199e+00 1.614059e+03 1.619087e+03 
4.515490e-05 5.338396e+01 3.320776e+00 2.891230e+01 1.614581e+03 4.527887e-05 5.236288e+01 1.285160e+00 1.613200e+03 4.613804e+01 5.315105e+01 1.252928e+00 1.614059e+03 1.619087e+03 
4.515490e-05 5.338396e+01 3.320776e+00 3.129915e+01 1.614514e+03 4.506201e-05 5.250563e+01 1.973174e+00 1.613300e+03 4.551627e+01 5.255630e+01 -3.037130e+00 1.614059e+03 1.619087e+03 
4.515490e-05 5.338396e+01 3.320776e+00 3.215546e+01 1.614509e+03 4.504505e-05 5.259650e+01 2.026998e+00 1.613200e+03 4.430771e+01 5.179174e+01 -2.336356e+00 1.614059e+03 1.619087e+03 
4.515490e-05 5.338396e+01 3.320776e+00 3.362494e+01 1.614426e+03 4.500663e-05 5.256944e+01 2.129613e+00 1.613500e+03 4.462652e+01 5.240063e+01 -8.099991e-01 1.614059e+03 1.619087e+03 
4.515490e-05 5.338396e+01 3.320776e+00 3.563105e+01 1.614390e+03 4.506329e-05 5.243985e+01 2.266319e+00 1.613400e+03 4.462422e+01 5.252587e+01 -6.609493e-01 1.614059e+03 1.619087e+03 
4.515490e-05 5.338396e+01 3.320776e+00 3.741758e+01 1.614577e+03 4.513679e-05 5.240063e+01 2.281821e+00 1.613600e+03 4.497259e+01 5.303865e+01 -3.000057e+00 1.614059e+03 1.619087e+03 
4.515490e-05 5.338396e+01 3.320776e+00 3.854291e+01 1.614749e+03 4.512668e-05 5.230581e+01 2.373916e+00 1.614200e+03 4.497052e+01 5.421160e+01 -2.206697e+00 1.614059e+03 1.619087e+03 
4.515490e-05 5.338396e+01 3.320776e+00 3.968929e+01 1.614910e+03 4.523875e-05 5.221216e+01 2.186147e+00 1.613900e+03 4.384791e+01 5.393968e+01 -1.430057e+00 1.614059e+03 1.619087e+03 
4.515490e-05 5.338396e+01 3.320776e+00 4.223027e+01 1.614524e+03 4.508435e-05 5.212856e+01 2.046945e+00 1.613800e+03 4.521116e+01 5.227877e+01 -1.427673e-01 1.614059e+03 1.619087e+03 
4.515490e-05 5.338396e+01 3.320776e+00 4.629250e+01 1.615441e+03 4.502441e-05 5.225530e+01 2.476972e+00 1.615200e+03 4.624073e+01 5.334193e+01 -2.897998e+00 1.614059e+03 1.619087e+03 
4.515490e-05 5.338396e+01 3.320776e+00 4.837712e+01 1.615538e+03 4.505650e-05 5.232576e+01 2.706988e+00 1.615100e+03 4.501864e+01 5.470362e+01 -3.609559e+00 1.614059e+03 1.619087e+03 
4.515490e-05 5.338396e+01 3.320776e+00 5.050461e+01 1.615528e+03 4.477490e-05 5.215841e+01 2.962122e+00 1.613500e+03 4.122763e+01 5.143908e+01 nan 1.614059e+03 1.619087e+03 
4.515490e-05 5.338396e+01 3.320776e+00 5.177443e+01 1.615445e+03 4.471182e-05 5.202136e+01 3.703302e+00 1.613800e+03 4.342708e+01 5.269640e+01 nan 1.614059e+03 1.619087e+03 
4.515490e-05 5.338396e+01 3.320776e+00 5.275139e+01 1.615613e+03 4.486760e-05 5.186698e+01 4.186486e+00 1.614500e+03 4.597181e+01 5.167244e+01 nan 1.614059e+03 1.619087e+03 
4.515490e-05 5.338396e+01 3.320776e+00 5.418483e+01 1.615985e+03 4.530234e-05 5.169578e+01 4.599054e+00 1.614700e+03 4.602680e+01 5.456200e+01 nan 1.614059e+03 1.619087e+03 
4.515490e-05 5.338396e+01 3.320776e+00 5.606084e+01 1.616826e+03 4.605927e-05 5.152246e+01 4.390293e+00 1.615000e+03 4.602720e+01 5.369643e+01 nan 1.614059e+03 1.619087e+03 
4.515490e-05 5.338396e+01 3.320776e+00 5.748271e+01 1.617645e+03 4.652825e-05 5.205907e+01 3.856393e+00 1.615100e+03 4.415560e+01 5.353161e+01 nan 1.614059e+03 1.619087e+03 
4.515490e-05 5.338396e+01 3.320776e+00 5.867883e+01 1.618290e+03 4.679468e-05 5.247958e+01 3.465384e+00 1.615200e+03 4.324688e+01 5.202430e+01 nan 1.614059e+03 1.619087e+03 
4.515490e-05 5.338396e+01 3.320776e+00 6.056182e+01 1.618793e+03 4.696944e-05 5.346944e+01 2.636774e+00 1.616600e+03 4.689832e+01 5.193213e+01 nan 1.614059e+03 1.619087e+03 
4.515490e-05 5.338396e+01 3.320776e+00 6.153753e+01 1.619087e+03 4.657436e-05 5.392529e+01 2.134471e+00 1.617700e+03 4.734403e+01 5.357801e+01 nan 1.614059e+03 1.619087e+03 
4.515490e-05 5.338396e+01 3.320776e+00 6.232824e+01 1.619057e+03 4.631160e-05 5.398033e+01 1.991584e+00 1.617900e+03 4.736998e+01 5.385650e+01 1.909261e+00 1.614059e+03 1.619087e+03 
4.515490e-05 5.338396e+01 3.320776e+00 6.365586e+01 1.618937e+03 4.595407e-05 5.398413e+01 1.913603e+00 1.618000e+03 4.746066e+01 5.470341e+01 1.180170e+00 1.614059e+03 1.619087e+03 
4.515490e-05 5.338396e+01 3.320776e+00 6.578729e+01 1.618666e+03 4.565606e-05 5.386275e+01 2.137916e+00 1.618100e+03 4.657630e+01 5.581463e+01 4.709900e-01 1.614059e+03 1.619087e+03 
