# 1,2,3, 4    , 5    , 6    , 7    , 8    , 9     
# x,y,z, Bx_si, By_si, Bz_si, In_si, Ic_si, Dc_si 
1.002300e+02 1.247790e+02 1.207864e+00 2.106833e-06 2.412355e-07 1.192802e-06 2.433047e-06 -2.935703e+01 8.346800e+01 
1.012943e+02 1.247790e+02 2.255164e+00 2.365663e-06 3.101344e-07 5.045311e-07 2.438667e-06 -1.194005e+01 8.253121e+01 
1.023587e+02 1.247790e+02 3.211530e+00 2.422360e-06 3.955343e-07 -3.372902e-07 2.477506e-06 7.824604e+00 8.072631e+01 
1.034230e+02 1.247790e+02 4.008937e+00 2.143458e-06 4.866145e-07 -1.227850e-06 2.517701e-06 2.918865e+01 7.720933e+01 
1.044874e+02 1.247790e+02 4.590665e+00 1.500789e-06 5.613521e-07 -1.956186e-06 2.528665e-06 5.067864e+01 6.949230e+01 
1.055517e+02 1.247790e+02 4.915335e+00 6.323397e-07 6.026865e-07 -2.359005e-06 2.515549e-06 6.968025e+01 4.637542e+01 
1.066161e+02 1.247790e+02 4.959853e+00 -3.038194e-07 6.081337e-07 -2.412165e-06 2.506127e-06 7.426095e+01 -2.654640e+01 
1.076804e+02 1.247790e+02 4.721053e+00 -1.207330e-06 5.781139e-07 -2.119608e-06 2.506910e-06 5.772620e+01 -6.441319e+01 
1.087448e+02 1.247790e+02 4.215920e+00 -1.940832e-06 5.126490e-07 -1.481935e-06 2.495149e-06 3.643614e+01 -7.520389e+01 
1.098091e+02 1.247790e+02 3.480385e+00 -2.339658e-06 4.240656e-07 -6.172780e-07 2.456595e-06 1.455290e+01 -7.972661e+01 
1.108735e+02 1.247790e+02 2.566767e+00 -2.376868e-06 3.351135e-07 2.566088e-07 2.414052e-06 -6.101951e+00 -8.197479e+01 
1.119378e+02 1.247790e+02 1.540052e+00 -2.169819e-06 2.606852e-07 9.962893e-07 2.401804e-06 -2.450727e+01 -8.314924e+01 
1.130022e+02 1.247790e+02 4.732709e-01 -1.846016e-06 2.034712e-07 1.574050e-06 2.434504e-06 -4.028265e+01 -8.371015e+01 
1.140665e+02 1.247790e+02 -5.576963e-01 -1.483521e-06 1.609080e-07 2.011902e-06 2.504891e-06 -5.343579e+01 -8.380969e+01 
1.151309e+02 1.247790e+02 -1.479516e+00 -1.120199e-06 1.299749e-07 2.336120e-06 2.594069e-06 -6.423201e+01 -8.338166e+01 
1.161952e+02 1.247790e+02 -2.226619e+00 -7.713645e-07 1.084879e-07 2.565135e-06 2.680800e-06 -7.310800e+01 -8.199420e+01 
1.172596e+02 1.247790e+02 -2.745863e+00 -4.400664e-07 9.506755e-08 2.710077e-06 2.747219e-06 -8.056774e+01 -7.780972e+01 
1.183239e+02 1.247790e+02 -3.000315e+00 -1.221556e-07 8.891891e-08 2.777075e-06 2.781182e-06 -8.688580e+01 -5.394856e+01 
1.193883e+02 1.247790e+02 -2.971874e+00 1.909188e-07 8.967889e-08 2.768868e-06 2.776891e-06 -8.564363e+01 6.483949e+01 
1.204526e+02 1.247790e+02 -2.662564e+00 5.094078e-07 9.733978e-08 2.685617e-06 2.735235e-06 -7.907005e+01 7.918209e+01 
1.215170e+02 1.247790e+02 -2.094387e+00 8.423900e-07 1.122968e-07 2.524439e-06 2.663649e-06 -7.139441e+01 8.240682e+01 
1.225813e+02 1.247790e+02 -1.307757e+00 1.194578e-06 1.354671e-07 2.278178e-06 2.575939e-06 -6.217860e+01 8.353020e+01 
1.236457e+02 1.247790e+02 -3.586271e-01 1.561612e-06 1.684740e-07 1.933475e-06 2.491053e-06 -5.091105e+01 8.384248e+01 
1.247100e+02 1.247790e+02 6.854902e-01 1.923360e-06 2.138052e-07 1.469051e-06 2.429637e-06 -3.720281e+01 8.365691e+01 
1.257743e+02 1.247790e+02 1.750327e+00 2.233287e-06 2.745316e-07 8.581501e-07 2.408186e-06 -2.087603e+01 8.299195e+01 
1.268387e+02 1.247790e+02 2.760140e+00 2.402678e-06 3.524766e-07 8.575288e-08 2.429909e-06 -2.022421e+00 8.165415e+01 
1.279030e+02 1.247790e+02 3.643101e+00 2.299882e-06 4.428947e-07 -8.009497e-07 2.475304e-06 1.887934e+01 7.909983e+01 
1.289674e+02 1.247790e+02 4.336405e+00 1.827029e-06 5.285050e-07 -1.635894e-06 2.508685e-06 4.069953e+01 7.386642e+01 
1.300317e+02 1.247790e+02 4.790737e+00 1.046496e-06 5.873046e-07 -2.208532e-06 2.513503e-06 6.148201e+01 6.069840e+01 
1.310961e+02 1.247790e+02 4.973780e+00 1.290638e-07 6.101342e-07 -2.430971e-06 2.509689e-06 7.561176e+01 1.194390e+01 
1.321604e+02 1.247790e+02 4.872513e+00 -8.018367e-07 5.976899e-07 -2.309538e-06 2.516772e-06 6.658619e+01 -5.329911e+01 
1.332248e+02 1.247790e+02 4.494141e+00 -1.639254e-06 5.491717e-07 -1.836778e-06 2.522399e-06 4.673463e+01 -7.147847e+01 
1.342891e+02 1.247790e+02 3.865577e+00 -2.215957e-06 4.694669e-07 -1.059798e-06 2.500807e-06 2.507362e+01 -7.803833e+01 
1.353535e+02 1.247790e+02 3.031531e+00 -2.421378e-06 3.781161e-07 -1.655791e-07 2.456310e-06 3.865222e+00 -8.112452e+01 
1.364178e+02 1.247790e+02 2.051329e+00 -2.315286e-06 2.955210e-07 6.502504e-07 2.422954e-06 -1.556735e+01 -8.272615e+01 
1.374822e+02 1.247790e+02 9.946926e-01 -2.032299e-06 2.299061e-07 1.307508e-06 2.427483e-06 -3.259023e+01 -8.354579e+01 
1.385465e+02 1.247790e+02 -6.321798e-02 -1.677259e-06 1.806571e-07 1.809777e-06 2.474091e-06 -4.701159e+01 -8.385239e+01 
1.396109e+02 1.247790e+02 -1.047154e+00 -1.308030e-06 1.445839e-07 2.184958e-06 2.550664e-06 -5.893951e+01 -8.369238e+01 
1.406752e+02 1.247790e+02 -1.887127e+00 -9.502727e-07 1.188216e-07 2.457867e-06 2.637849e-06 -6.871234e+01 -8.287276e+01 
1.417396e+02 1.247790e+02 -2.523389e+00 -6.113209e-07 1.015233e-07 2.643862e-06 2.715516e-06 -7.680860e+01 -8.057083e+01 
1.428039e+02 1.247790e+02 -2.910683e+00 -2.883939e-07 9.171580e-08 2.750450e-06 2.767049e-06 -8.372112e+01 -7.235816e+01 
1.438683e+02 1.247790e+02 -3.021461e+00 2.643761e-08 8.897937e-08 2.780517e-06 2.782066e-06 -8.808797e+01 1.654778e+01 
1.449326e+02 1.247790e+02 -2.847843e+00 3.427580e-07 9.324461e-08 2.734388e-06 2.757364e-06 -8.259835e+01 7.478143e+01 
1.459970e+02 1.247790e+02 -2.402178e+00 6.693864e-07 1.047094e-07 2.610660e-06 2.697144e-06 -7.545138e+01 8.110950e+01 
1.470613e+02 1.247790e+02 -1.716167e+00 1.012006e-06 1.238944e-07 2.405616e-06 2.612756e-06 -6.703152e+01 8.302032e+01 
1.481257e+02 1.247790e+02 -8.386058e-01 1.370538e-06 1.518868e-07 2.110767e-06 2.521265e-06 -5.684409e+01 8.367613e+01 
1.491900e+02 1.247790e+02 1.680840e-01 1.734877e-06 1.906479e-07 1.709730e-06 2.443219e-06 -4.440981e+01 8.372886e+01 
