# 1, 2, 3, 4     , 5     , 6     , 7   , 8   , 9   , 10  
# x, y, z, Bbx_si, Bby_si, Bbz_si, In_si, Ic_si, Dc_si, dmeas 
1.002300e+02 1.247790e+02 1.000000e+00 3.305948e-08 -2.922934e-07 -9.350939e-07 9.802698e-07 7.253773e+01 1.735471e+02 
1.012943e+02 1.247790e+02 1.000000e+00 3.142066e-08 -2.926631e-07 -9.333162e-07 9.786307e-07 7.249601e+01 1.738721e+02 
1.023587e+02 1.247790e+02 1.000000e+00 2.981228e-08 -2.930163e-07 -9.316267e-07 9.770750e-07 7.245592e+01 1.741906e+02 
1.034230e+02 1.247790e+02 1.000000e+00 2.823259e-08 -2.933532e-07 -9.300239e-07 9.756012e-07 7.241749e+01 1.745027e+02 
1.044874e+02 1.247790e+02 1.000000e+00 2.667988e-08 -2.936737e-07 -9.285066e-07 9.742077e-07 7.238075e+01 1.748090e+02 
1.055517e+02 1.247790e+02 1.000000e+00 2.515251e-08 -2.939778e-07 -9.270735e-07 9.728930e-07 7.234573e+01 1.751097e+02 
1.066161e+02 1.247790e+02 1.000000e+00 2.364888e-08 -2.942656e-07 -9.257233e-07 9.716559e-07 7.231245e+01 1.754053e+02 
1.076804e+02 1.247790e+02 1.000000e+00 2.216744e-08 -2.945371e-07 -9.244550e-07 9.704950e-07 7.228094e+01 1.756959e+02 
1.087448e+02 1.247790e+02 1.000000e+00 2.070669e-08 -2.947923e-07 -9.232675e-07 9.694091e-07 7.225122e+01 1.759821e+02 
1.098091e+02 1.247790e+02 1.000000e+00 1.926517e-08 -2.950312e-07 -9.221598e-07 9.683972e-07 7.222330e+01 1.762640e+02 
1.108735e+02 1.247790e+02 1.000000e+00 1.784145e-08 -2.952539e-07 -9.211310e-07 9.674582e-07 7.219720e+01 1.765420e+02 
1.119378e+02 1.247790e+02 1.000000e+00 1.643415e-08 -2.954603e-07 -9.201803e-07 9.665912e-07 7.217294e+01 1.768164e+02 
1.130022e+02 1.247790e+02 1.000000e+00 1.504191e-08 -2.956506e-07 -9.193068e-07 9.657953e-07 7.215053e+01 1.770875e+02 
1.140665e+02 1.247790e+02 1.000000e+00 1.366339e-08 -2.958246e-07 -9.185100e-07 9.650697e-07 7.212998e+01 1.773555e+02 
1.151309e+02 1.247790e+02 1.000000e+00 1.229730e-08 -2.959824e-07 -9.177891e-07 9.644136e-07 7.211131e+01 1.776209e+02 
1.161952e+02 1.247790e+02 1.000000e+00 1.094236e-08 -2.961240e-07 -9.171436e-07 9.638265e-07 7.209453e+01 1.778838e+02 
1.172596e+02 1.247790e+02 1.000000e+00 9.597309e-09 -2.962494e-07 -9.165729e-07 9.633077e-07 7.207963e+01 1.781445e+02 
1.183239e+02 1.247790e+02 1.000000e+00 8.260915e-09 -2.963587e-07 -9.160767e-07 9.628568e-07 7.206664e+01 1.784033e+02 
1.193883e+02 1.247790e+02 1.000000e+00 6.931954e-09 -2.964519e-07 -9.156544e-07 9.624732e-07 7.205555e+01 1.786605e+02 
1.204526e+02 1.247790e+02 1.000000e+00 5.609219e-09 -2.965289e-07 -9.153057e-07 9.621566e-07 7.204638e+01 1.789163e+02 
1.215170e+02 1.247790e+02 1.000000e+00 4.291514e-09 -2.965897e-07 -9.150304e-07 9.619067e-07 7.203912e+01 1.791710e+02 
1.225813e+02 1.247790e+02 1.000000e+00 2.977652e-09 -2.966344e-07 -9.148283e-07 9.617233e-07 7.203379e+01 1.794249e+02 
1.236457e+02 1.247790e+02 1.000000e+00 1.666455e-09 -2.966630e-07 -9.146991e-07 9.616061e-07 7.203038e+01 1.796782e+02 
1.247100e+02 1.247790e+02 1.000000e+00 3.567478e-10 -2.966755e-07 -9.146429e-07 9.615550e-07 7.202889e+01 1.799311e+02 
1.257743e+02 1.247790e+02 1.000000e+00 -9.526401e-10 -2.966718e-07 -9.146594e-07 9.615701e-07 7.202933e+01 -1.798160e+02 
1.268387e+02 1.247790e+02 1.000000e+00 -2.262880e-09 -2.966520e-07 -9.147489e-07 9.616512e-07 7.203169e+01 -1.795630e+02 
1.279030e+02 1.247790e+02 1.000000e+00 -3.575144e-09 -2.966161e-07 -9.149112e-07 9.617985e-07 7.203598e+01 -1.793094e+02 
1.289674e+02 1.247790e+02 1.000000e+00 -4.890608e-09 -2.965640e-07 -9.151466e-07 9.620122e-07 7.204219e+01 -1.790552e+02 
1.300317e+02 1.247790e+02 1.000000e+00 -6.210455e-09 -2.964958e-07 -9.154553e-07 9.622924e-07 7.205032e+01 -1.788000e+02 
1.310961e+02 1.247790e+02 1.000000e+00 -7.535874e-09 -2.964115e-07 -9.158374e-07 9.626394e-07 7.206036e+01 -1.785436e+02 
1.321604e+02 1.247790e+02 1.000000e+00 -8.868067e-09 -2.963110e-07 -9.162933e-07 9.630536e-07 7.207232e+01 -1.782857e+02 
1.332248e+02 1.247790e+02 1.000000e+00 -1.020825e-08 -2.961944e-07 -9.168234e-07 9.635354e-07 7.208617e+01 -1.780261e+02 
1.342891e+02 1.247790e+02 1.000000e+00 -1.155764e-08 -2.960616e-07 -9.174281e-07 9.640852e-07 7.210193e+01 -1.777644e+02 
1.353535e+02 1.247790e+02 1.000000e+00 -1.291750e-08 -2.959126e-07 -9.181078e-07 9.647036e-07 7.211958e+01 -1.775004e+02 
1.364178e+02 1.247790e+02 1.000000e+00 -1.428908e-08 -2.957474e-07 -9.188632e-07 9.653912e-07 7.213910e+01 -1.772339e+02 
1.374822e+02 1.247790e+02 1.000000e+00 -1.567369e-08 -2.955660e-07 -9.196948e-07 9.661487e-07 7.216050e+01 -1.769645e+02 
1.385465e+02 1.247790e+02 1.000000e+00 -1.707262e-08 -2.953684e-07 -9.206033e-07 9.669769e-07 7.218375e+01 -1.766919e+02 
1.396109e+02 1.247790e+02 1.000000e+00 -1.848722e-08 -2.951546e-07 -9.215894e-07 9.678766e-07 7.220885e+01 -1.764159e+02 
1.406752e+02 1.247790e+02 1.000000e+00 -1.991886e-08 -2.949245e-07 -9.226540e-07 9.688486e-07 7.223578e+01 -1.761362e+02 
1.417396e+02 1.247790e+02 1.000000e+00 -2.136896e-08 -2.946782e-07 -9.237979e-07 9.698940e-07 7.226452e+01 -1.758524e+02 
1.428039e+02 1.247790e+02 1.000000e+00 -2.283894e-08 -2.944156e-07 -9.250221e-07 9.710139e-07 7.229506e+01 -1.755642e+02 
1.438683e+02 1.247790e+02 1.000000e+00 -2.433028e-08 -2.941367e-07 -9.263275e-07 9.722094e-07 7.232738e+01 -1.752714e+02 
1.449326e+02 1.247790e+02 1.000000e+00 -2.584452e-08 -2.938414e-07 -9.277153e-07 9.734816e-07 7.236145e+01 -1.749735e+02 
1.459970e+02 1.247790e+02 1.000000e+00 -2.738322e-08 -2.935299e-07 -9.291866e-07 9.748320e-07 7.239725e+01 -1.746703e+02 
1.470613e+02 1.247790e+02 1.000000e+00 -2.894800e-08 -2.932019e-07 -9.307426e-07 9.762618e-07 7.243477e+01 -1.743614e+02 
1.481257e+02 1.247790e+02 1.000000e+00 -3.054054e-08 -2.928576e-07 -9.323847e-07 9.777727e-07 7.247396e+01 -1.740465e+02 
1.491900e+02 1.247790e+02 1.000000e+00 -3.216255e-08 -2.924969e-07 -9.341141e-07 9.793661e-07 7.251480e+01 -1.737250e+02 
