# 1 , 2 , 3 , 4      , 5      , 6      , 7      , 8      , 9      , 10 (pm), 11 (pm), 12 (pm)  
# xm, ym, zm, IGRF_In, IGRF_Ic, IGRF_Dc, In_siB0, Ic_siB0, Dc_siB0, Bx_siB0, By_siB0, Bz_siB0  
1.002300e+02 1.247790e+02 1.207864e+00 4.518274e-05 5.346856e+01 3.327694e+00 4.507056e-05 5.311219e+01 7.863060e+00 2.679924e-05 3.701093e-06 3.604799e-05 
1.012943e+02 1.247790e+02 2.255164e+00 4.518274e-05 5.346856e+01 3.327694e+00 4.568334e-05 5.352451e+01 8.380790e+00 2.686777e-05 3.958283e-06 3.673449e-05 
1.023587e+02 1.247790e+02 3.211530e+00 4.518274e-05 5.346856e+01 3.327694e+00 4.641566e-05 5.404951e+01 8.469320e+00 2.695282e-05 4.013372e-06 3.757462e-05 
1.034230e+02 1.247790e+02 4.008937e+00 4.518274e-05 5.346856e+01 3.327694e+00 4.716710e-05 5.463432e+01 7.859018e+00 2.704356e-05 3.732890e-06 3.846357e-05 
1.044874e+02 1.247790e+02 4.590665e+00 4.518274e-05 5.346856e+01 3.327694e+00 4.775784e-05 5.514555e+01 6.497843e+00 2.711798e-05 3.088669e-06 3.919039e-05 
1.055517e+02 1.247790e+02 4.915335e+00 4.518274e-05 5.346856e+01 3.327694e+00 4.806291e-05 5.546187e+01 4.670275e+00 2.715901e-05 2.218692e-06 3.959178e-05 
1.066161e+02 1.247790e+02 4.959853e+00 4.518274e-05 5.346856e+01 3.327694e+00 4.807439e-05 5.555100e+01 2.700000e+00 2.716417e-05 1.281029e-06 3.964359e-05 
1.076804e+02 1.247790e+02 4.721053e+00 4.518274e-05 5.346856e+01 3.327694e+00 4.779950e-05 5.540898e+01 7.939885e-01 2.713388e-05 3.760376e-07 3.934976e-05 
1.087448e+02 1.247790e+02 4.215920e+00 4.518274e-05 5.346856e+01 3.327694e+00 4.723715e-05 5.503490e+01 -7.597005e-01 2.706816e-05 -3.589252e-07 3.871090e-05 
1.098091e+02 1.247790e+02 3.480385e+00 4.518274e-05 5.346856e+01 3.327694e+00 4.648350e-05 5.450468e+01 -1.611865e+00 2.697933e-05 -7.591924e-07 3.784514e-05 
1.108735e+02 1.247790e+02 2.566767e+00 4.518274e-05 5.346856e+01 3.327694e+00 4.572214e-05 5.395787e+01 -1.699457e+00 2.689016e-05 -7.978263e-07 3.697022e-05 
1.119378e+02 1.247790e+02 1.540052e+00 4.518274e-05 5.346856e+01 3.327694e+00 4.507778e-05 5.348613e+01 -1.265095e+00 2.681552e-05 -5.921848e-07 3.622959e-05 
1.130022e+02 1.247790e+02 4.732709e-01 4.518274e-05 5.346856e+01 3.327694e+00 4.457646e-05 5.310824e+01 -5.776344e-01 2.675812e-05 -2.697744e-07 3.565096e-05 
1.140665e+02 1.247790e+02 -5.576963e-01 4.518274e-05 5.346856e+01 3.327694e+00 4.419985e-05 5.281245e+01 1.958994e-01 2.671538e-05 9.134263e-08 3.521231e-05 
1.151309e+02 1.247790e+02 -1.479516e+00 4.518274e-05 5.346856e+01 3.327694e+00 4.392477e-05 5.258473e+01 9.732152e-01 2.668429e-05 4.532979e-07 3.488737e-05 
1.161952e+02 1.247790e+02 -2.226619e+00 4.518274e-05 5.346856e+01 3.327694e+00 4.373438e-05 5.241592e+01 1.720286e+00 2.666266e-05 8.007778e-07 3.465771e-05 
1.172596e+02 1.247790e+02 -2.745863e+00 4.518274e-05 5.346856e+01 3.327694e+00 4.361818e-05 5.230100e+01 2.429622e+00 2.664912e-05 1.130731e-06 3.451220e-05 
1.183239e+02 1.247790e+02 -3.000315e+00 4.518274e-05 5.346856e+01 3.327694e+00 4.357034e-05 5.223731e+01 3.109391e+00 2.664286e-05 1.447305e-06 3.444470e-05 
1.193883e+02 1.247790e+02 -2.971874e+00 4.518274e-05 5.346856e+01 3.327694e+00 4.358837e-05 5.222343e+01 3.777282e+00 2.664353e-05 1.759051e-06 3.445249e-05 
1.204526e+02 1.247790e+02 -2.662564e+00 4.518274e-05 5.346856e+01 3.327694e+00 4.367248e-05 5.225860e+01 4.454549e+00 2.665111e-05 2.076217e-06 3.453539e-05 
1.215170e+02 1.247790e+02 -2.094387e+00 4.518274e-05 5.346856e+01 3.327694e+00 4.382586e-05 5.234328e+01 5.159689e+00 2.666601e-05 2.407881e-06 3.469629e-05 
1.225813e+02 1.247790e+02 -1.307757e+00 4.518274e-05 5.346856e+01 3.327694e+00 4.405551e-05 5.248027e+01 5.901491e+00 2.668913e-05 2.758756e-06 3.494235e-05 
1.236457e+02 1.247790e+02 -3.586271e-01 4.518274e-05 5.346856e+01 3.327694e+00 4.437342e-05 5.267666e+01 6.669018e+00 2.672211e-05 3.124479e-06 3.528692e-05 
1.247100e+02 1.247790e+02 6.854902e-01 4.518274e-05 5.346856e+01 3.327694e+00 4.479726e-05 5.294607e+01 7.417754e+00 2.676743e-05 3.484917e-06 3.575129e-05 
1.257743e+02 1.247790e+02 1.750327e+00 4.518274e-05 5.346856e+01 3.327694e+00 4.534701e-05 5.330863e+01 8.048335e+00 2.682816e-05 3.793534e-06 3.636221e-05 
1.268387e+02 1.247790e+02 2.760140e+00 4.518274e-05 5.346856e+01 3.327694e+00 4.602846e-05 5.378220e+01 8.375958e+00 2.690612e-05 3.961615e-06 3.713470e-05 
1.279030e+02 1.247790e+02 3.643101e+00 4.518274e-05 5.346856e+01 3.327694e+00 4.679033e-05 5.435020e+01 8.131876e+00 2.699658e-05 3.857507e-06 3.802156e-05 
1.289674e+02 1.247790e+02 4.336405e+00 4.518274e-05 5.346856e+01 3.327694e+00 4.748411e-05 5.491601e+01 7.120972e+00 2.708224e-05 3.383338e-06 3.885674e-05 
1.300317e+02 1.247790e+02 4.790737e+00 4.518274e-05 5.346856e+01 3.327694e+00 4.793858e-05 5.533627e+01 5.475096e+00 2.714111e-05 2.601485e-06 3.942969e-05 
1.310961e+02 1.247790e+02 4.973780e+00 4.518274e-05 5.346856e+01 3.327694e+00 4.809404e-05 5.553566e+01 3.544768e+00 2.716402e-05 1.682728e-06 3.965251e-05 
1.321604e+02 1.247790e+02 4.872513e+00 4.518274e-05 5.346856e+01 3.327694e+00 4.796372e-05 5.550711e+01 1.583300e+00 2.715168e-05 7.504952e-07 3.953153e-05 
1.332248e+02 1.247790e+02 4.494141e+00 4.518274e-05 5.346856e+01 3.327694e+00 4.754182e-05 5.524305e+01 -1.865831e-01 2.710328e-05 -8.826186e-08 3.905930e-05 
1.342891e+02 1.247790e+02 3.865577e+00 4.518274e-05 5.346856e+01 3.327694e+00 4.686477e-05 5.477374e+01 -1.412436e+00 2.702371e-05 -6.663142e-07 3.828293e-05 
1.353535e+02 1.247790e+02 3.031531e+00 4.518274e-05 5.346856e+01 3.327694e+00 4.608783e-05 5.421959e+01 -1.856759e+00 2.693250e-05 -8.730953e-07 3.738939e-05 
1.364178e+02 1.247790e+02 2.051329e+00 4.518274e-05 5.346856e+01 3.327694e+00 4.537838e-05 5.370553e+01 -1.639199e+00 2.685007e-05 -7.683746e-07 3.657431e-05 
1.374822e+02 1.247790e+02 9.946926e-01 4.518274e-05 5.346856e+01 3.327694e+00 4.480791e-05 5.328288e+01 -1.041155e+00 2.678464e-05 -4.867729e-07 3.591789e-05 
1.385465e+02 1.247790e+02 -6.321798e-02 4.518274e-05 5.346856e+01 3.327694e+00 4.437499e-05 5.295086e+01 -2.853052e-01 2.673559e-05 -1.331314e-07 3.541653e-05 
1.396109e+02 1.247790e+02 -1.047154e+00 4.518274e-05 5.346856e+01 3.327694e+00 4.405560e-05 5.269415e+01 5.035995e-01 2.669973e-05 2.346825e-07 3.504233e-05 
1.406752e+02 1.247790e+02 -1.887127e+00 4.518274e-05 5.346856e+01 3.327694e+00 4.382749e-05 5.249957e+01 1.269270e+00 2.667420e-05 5.910085e-07 3.477049e-05 
1.417396e+02 1.247790e+02 -2.523389e+00 4.518274e-05 5.346856e+01 3.327694e+00 4.367644e-05 5.235969e+01 1.994895e+00 2.665715e-05 9.285101e-07 3.458564e-05 
1.428039e+02 1.247790e+02 -2.910683e+00 4.518274e-05 5.346856e+01 3.327694e+00 4.359525e-05 5.227138e+01 2.685622e+00 2.664760e-05 1.249967e-06 3.448027e-05 
1.438683e+02 1.247790e+02 -3.021461e+00 4.518274e-05 5.346856e+01 3.327694e+00 4.358112e-05 5.223362e+01 3.357773e+00 2.664514e-05 1.563307e-06 3.445151e-05 
1.449326e+02 1.247790e+02 -2.847843e+00 4.518274e-05 5.346856e+01 3.327694e+00 4.363390e-05 5.224606e+01 4.031203e+00 2.664970e-05 1.878114e-06 3.449903e-05 
1.459970e+02 1.247790e+02 -2.402178e+00 4.518274e-05 5.346856e+01 3.327694e+00 4.375529e-05 5.230859e+01 4.723972e+00 2.666148e-05 2.203203e-06 3.462423e-05 
1.470613e+02 1.247790e+02 -1.716167e+00 4.518274e-05 5.346856e+01 3.327694e+00 4.394923e-05 5.242202e+01 5.447166e+00 2.668099e-05 2.544258e-06 3.483083e-05 
1.481257e+02 1.247790e+02 -8.386058e-01 4.518274e-05 5.346856e+01 3.327694e+00 4.422368e-05 5.259015e+01 6.199227e+00 2.670933e-05 2.901197e-06 3.512732e-05 
1.491900e+02 1.247790e+02 1.680840e-01 4.518274e-05 5.346856e+01 3.327694e+00 4.459282e-05 5.282247e+01 6.956985e+00 2.674845e-05 3.263914e-06 3.553008e-05 
