# 1,2,3, 4    , 5    , 6    , 7    , 8    , 9     
# x,y,z, Bx_si, By_si, Bz_si, In_si, Ic_si, Dc_si 
1.002300e+02 1.247790e+02 2.007864e+00 1.965675e-06 3.044304e-07 9.709820e-07 2.213450e-06 -2.601928e+01 8.119636e+01 
1.012943e+02 1.247790e+02 3.037772e+00 2.102945e-06 3.713062e-07 2.942730e-07 2.155654e-06 -7.846071e+00 7.998678e+01 
1.023587e+02 1.247790e+02 3.976747e+00 2.007578e-06 4.454642e-07 -4.477150e-07 2.104580e-06 1.228260e+01 7.748926e+01 
1.034230e+02 1.247790e+02 4.756763e+00 1.636294e-06 5.123329e-07 -1.113831e-06 2.044643e-06 3.300798e+01 7.261437e+01 
1.044874e+02 1.247790e+02 5.321100e+00 1.069713e-06 5.580114e-07 -1.569808e-06 1.979889e-06 5.245516e+01 6.245140e+01 
1.055517e+02 1.247790e+02 5.628378e+00 4.347645e-07 5.804517e-07 -1.794748e-06 1.935734e-06 6.799739e+01 3.683360e+01 
1.066161e+02 1.247790e+02 5.655505e+00 -2.123690e-07 5.843076e-07 -1.832167e-06 1.934775e-06 7.125653e+01 -1.997388e+01 
1.076804e+02 1.247790e+02 5.399314e+00 -8.710609e-07 5.698560e-07 -1.684610e-06 1.980251e-06 5.828847e+01 -5.680692e+01 
1.087448e+02 1.247790e+02 4.876790e+00 -1.500256e-06 5.312724e-07 -1.297243e-06 2.053256e-06 3.918292e+01 -7.049987e+01 
1.098091e+02 1.247790e+02 4.123864e+00 -1.965730e-06 4.669946e-07 -6.564429e-07 2.124404e-06 1.799903e+01 -7.663609e+01 
1.108735e+02 1.247790e+02 3.192854e+00 -2.144358e-06 3.897938e-07 1.144284e-07 2.182499e-06 -3.005396e+00 -7.969747e+01 
1.119378e+02 1.247790e+02 2.148748e+00 -2.053002e-06 3.173068e-07 8.451885e-07 2.242732e-06 -2.213911e+01 -8.121403e+01 
1.130022e+02 1.247790e+02 1.064575e+00 -1.796327e-06 2.584263e-07 1.448445e-06 2.321975e-06 -3.859408e+01 -8.181338e+01 
1.140665e+02 1.247790e+02 1.621673e-02 -1.466857e-06 2.138191e-07 1.914851e-06 2.421579e-06 -5.225519e+01 -8.170658e+01 
1.151309e+02 1.247790e+02 -9.229943e-01 -1.118310e-06 1.812764e-07 2.262413e-06 2.530215e-06 -6.340051e+01 -8.079252e+01 
1.161952e+02 1.247790e+02 -1.687488e+00 -7.751005e-07 1.585889e-07 2.509376e-06 2.631141e-06 -7.250094e+01 -7.843663e+01 
1.172596e+02 1.247790e+02 -2.224124e+00 -4.446883e-07 1.442425e-07 2.667848e-06 2.708499e-06 -8.006076e+01 -7.202861e+01 
1.183239e+02 1.247790e+02 -2.495967e+00 -1.248523e-07 1.373847e-07 2.744316e-06 2.750587e-06 -8.613008e+01 -4.226388e+01 
1.193883e+02 1.247790e+02 -2.484917e+00 1.914985e-07 1.376429e-07 2.741522e-06 2.751646e-06 -8.508337e+01 5.429265e+01 
1.204526e+02 1.247790e+02 -2.192999e+00 5.129147e-07 1.450196e-07 2.659535e-06 2.712423e-06 -7.866698e+01 7.421247e+01 
1.215170e+02 1.247790e+02 -1.642213e+00 8.463400e-07 1.598959e-07 2.495710e-06 2.640157e-06 -7.095958e+01 7.930142e+01 
1.225813e+02 1.247790e+02 -8.729743e-01 1.193712e-06 1.831578e-07 2.243393e-06 2.547805e-06 -6.170517e+01 8.127682e+01 
1.236457e+02 1.247790e+02 5.876416e-02 1.547746e-06 2.163648e-07 1.890159e-06 2.452556e-06 -5.041583e+01 8.204199e+01 
1.247100e+02 1.247790e+02 1.085490e+00 1.884257e-06 2.618668e-07 1.416487e-06 2.371799e-06 -3.667108e+01 8.208793e+01 
1.257743e+02 1.247790e+02 2.132935e+00 2.150937e-06 3.221289e-07 8.019477e-07 2.318063e-06 -2.024016e+01 8.148256e+01 
1.268387e+02 1.247790e+02 3.125357e+00 2.255306e-06 3.972193e-07 4.886568e-08 2.290541e-06 -1.222423e+00 8.001114e+01 
1.279030e+02 1.247790e+02 3.990927e+00 2.084932e-06 4.793486e-07 -7.659378e-07 2.272307e-06 1.969877e+01 7.705209e+01 
1.289674e+02 1.247790e+02 4.666840e+00 1.598872e-06 5.511664e-07 -1.475102e-06 2.244126e-06 4.109556e+01 7.097980e+01 
1.300317e+02 1.247790e+02 5.103780e+00 8.965418e-07 5.973600e-07 -1.931202e-06 2.211373e-06 6.084498e+01 5.632474e+01 
1.310961e+02 1.247790e+02 5.269432e+00 1.119079e-07 6.155124e-07 -2.110134e-06 2.200919e-06 7.348620e+01 1.030454e+01 
1.321604e+02 1.247790e+02 5.150774e+00 -6.925433e-07 6.075424e-07 -2.029703e-06 2.228995e-06 6.558717e+01 -4.874073e+01 
1.332248e+02 1.247790e+02 4.755011e+00 -1.461035e-06 5.700861e-07 -1.658133e-06 2.282329e-06 4.659453e+01 -6.868460e+01 
1.342891e+02 1.247790e+02 4.109055e+00 -2.049891e-06 5.018559e-07 -9.840707e-07 2.328585e-06 2.499914e+01 -7.624339e+01 
1.353535e+02 1.247790e+02 3.257618e+00 -2.312277e-06 4.167960e-07 -1.417300e-07 2.353812e-06 3.452037e+00 -7.978196e+01 
1.364178e+02 1.247790e+02 2.260024e+00 -2.257147e-06 3.358097e-07 6.678857e-07 2.377720e-06 -1.631353e+01 -8.153783e+01 
1.374822e+02 1.247790e+02 1.185997e+00 -2.005421e-06 2.698696e-07 1.337778e-06 2.425736e-06 -3.346955e+01 -8.233575e+01 
1.385465e+02 1.247790e+02 1.106951e-01 -1.666517e-06 2.199345e-07 1.855899e-06 2.503999e-06 -4.783151e+01 -8.248197e+01 
1.396109e+02 1.247790e+02 -8.906319e-01 -1.304564e-06 1.832311e-07 2.245585e-06 2.603481e-06 -5.960205e+01 -8.200489e+01 
1.406752e+02 1.247790e+02 -1.747996e+00 -9.485310e-07 1.570736e-07 2.529448e-06 2.706010e-06 -6.918809e+01 -8.059734e+01 
1.417396e+02 1.247790e+02 -2.401650e+00 -6.090607e-07 1.395092e-07 2.723477e-06 2.794234e-06 -7.707852e+01 -7.709860e+01 
1.428039e+02 1.247790e+02 -2.806336e+00 -2.851240e-07 1.294772e-07 2.835753e-06 2.852991e-06 -8.369850e+01 -6.557680e+01 
1.438683e+02 1.247790e+02 -2.934505e+00 3.003659e-08 1.264055e-07 2.870464e-06 2.873403e-06 -8.740840e+01 1.336677e+01 
1.449326e+02 1.247790e+02 -2.778278e+00 3.458155e-07 1.301305e-07 2.828785e-06 2.852814e-06 -8.255829e+01 6.937867e+01 
1.459970e+02 1.247790e+02 -2.350004e+00 6.715843e-07 1.408275e-07 2.709571e-06 2.795109e-06 -7.578879e+01 7.815699e+01 
1.470613e+02 1.247790e+02 -1.681384e+00 1.014063e-06 1.590150e-07 2.509276e-06 2.711103e-06 -6.775229e+01 8.108804e+01 
1.481257e+02 1.247790e+02 -8.212145e-01 1.373280e-06 1.859322e-07 2.218234e-06 2.615536e-06 -5.800552e+01 8.228945e+01 
1.491900e+02 1.247790e+02 1.680840e-01 1.740533e-06 2.234341e-07 1.821466e-06 2.529252e-06 -4.606769e+01 8.268489e+01 
