# 1 , 2 , 3 , 4      , 5      , 6      , 7      , 8      , 9        
# xm, ym, zm, IGRF_In, IGRF_Ic, IGRF_Dc, In_siB0, Ic_siB0, Dc_siB0  
1.002300e+02 1.247790e+02 2.007864e+00 4.518274e-05 5.346856e+01 3.327694e+00 4.470303e-05 5.222593e+01 7.400189e+00 
1.012943e+02 1.247790e+02 3.037772e+00 4.518274e-05 5.346856e+01 3.327694e+00 4.529089e-05 5.266604e+01 7.666180e+00 
1.023587e+02 1.247790e+02 3.976747e+00 4.518274e-05 5.346856e+01 3.327694e+00 4.591959e-05 5.316702e+01 7.448871e+00 
1.034230e+02 1.247790e+02 4.756763e+00 4.518274e-05 5.346856e+01 3.327694e+00 4.646675e-05 5.363894e+01 6.665141e+00 
1.044874e+02 1.247790e+02 5.321100e+00 4.518274e-05 5.346856e+01 3.327694e+00 4.682618e-05 5.398404e+01 5.483001e+00 
1.055517e+02 1.247790e+02 5.628378e+00 4.518274e-05 5.346856e+01 3.327694e+00 4.699015e-05 5.417591e+01 4.161722e+00 
1.066161e+02 1.247790e+02 5.655505e+00 4.518274e-05 5.346856e+01 3.327694e+00 4.699972e-05 5.423772e+01 2.814698e+00 
1.076804e+02 1.247790e+02 5.399314e+00 4.518274e-05 5.346856e+01 3.327694e+00 4.685728e-05 5.417088e+01 1.441776e+00 
1.087448e+02 1.247790e+02 4.876790e+00 4.518274e-05 5.346856e+01 3.327694e+00 4.651597e-05 5.393871e+01 1.275243e-01 
1.098091e+02 1.247790e+02 4.123864e+00 4.518274e-05 5.346856e+01 3.327694e+00 4.596301e-05 5.353032e+01 -8.484056e-01 
1.108735e+02 1.247790e+02 3.192854e+00 4.518274e-05 5.346856e+01 3.327694e+00 4.530089e-05 5.302600e+01 -1.226404e+00 
1.119378e+02 1.247790e+02 2.148748e+00 4.518274e-05 5.346856e+01 3.327694e+00 4.467403e-05 5.253841e+01 -1.037085e+00 
1.130022e+02 1.247790e+02 1.064575e+00 4.518274e-05 5.346856e+01 3.327694e+00 4.415843e-05 5.212650e+01 -4.969410e-01 
1.140665e+02 1.247790e+02 1.621673e-02 4.518274e-05 5.346856e+01 3.327694e+00 4.376307e-05 5.179861e+01 1.997275e-01 
1.151309e+02 1.247790e+02 -9.229943e-01 4.518274e-05 5.346856e+01 3.327694e+00 4.347238e-05 5.154543e+01 9.386609e-01 
1.161952e+02 1.247790e+02 -1.687488e+00 4.518274e-05 5.346856e+01 3.327694e+00 4.326996e-05 5.135749e+01 1.667135e+00 
1.172596e+02 1.247790e+02 -2.224124e+00 4.518274e-05 5.346856e+01 3.327694e+00 4.314461e-05 5.122888e+01 2.368440e+00 
1.183239e+02 1.247790e+02 -2.495967e+00 4.518274e-05 5.346856e+01 3.327694e+00 4.309019e-05 5.115665e+01 3.046541e+00 
1.193883e+02 1.247790e+02 -2.484917e+00 4.518274e-05 5.346856e+01 3.327694e+00 4.310424e-05 5.113939e+01 3.715785e+00 
1.204526e+02 1.247790e+02 -2.192999e+00 4.518274e-05 5.346856e+01 3.327694e+00 4.318696e-05 5.117656e+01 4.393539e+00 
1.215170e+02 1.247790e+02 -1.642213e+00 4.518274e-05 5.346856e+01 3.327694e+00 4.334123e-05 5.126867e+01 5.093569e+00 
1.225813e+02 1.247790e+02 -8.729743e-01 4.518274e-05 5.346856e+01 3.327694e+00 4.357336e-05 5.141861e+01 5.818782e+00 
1.236457e+02 1.247790e+02 5.876416e-02 4.518274e-05 5.346856e+01 3.327694e+00 4.389418e-05 5.163354e+01 6.552423e+00 
1.247100e+02 1.247790e+02 1.085490e+00 4.518274e-05 5.346856e+01 3.327694e+00 4.431927e-05 5.192688e+01 7.242416e+00 
1.257743e+02 1.247790e+02 2.132935e+00 4.518274e-05 5.346856e+01 3.327694e+00 4.486243e-05 5.231576e+01 7.779254e+00 
1.268387e+02 1.247790e+02 3.125357e+00 4.518274e-05 5.346856e+01 3.327694e+00 4.551430e-05 5.280695e+01 7.973433e+00 
1.279030e+02 1.247790e+02 3.990927e+00 4.518274e-05 5.346856e+01 3.327694e+00 4.620076e-05 5.336021e+01 7.599132e+00 
1.289674e+02 1.247790e+02 4.666840e+00 4.518274e-05 5.346856e+01 3.327694e+00 4.677836e-05 5.386749e+01 6.578570e+00 
1.300317e+02 1.247790e+02 5.103780e+00 4.518274e-05 5.346856e+01 3.327694e+00 4.713253e-05 5.421957e+01 5.116781e+00 
1.310961e+02 1.247790e+02 5.269432e+00 4.518274e-05 5.346856e+01 3.327694e+00 4.725406e-05 5.438650e+01 3.485923e+00 
1.321604e+02 1.247790e+02 5.150774e+00 4.518274e-05 5.346856e+01 3.327694e+00 4.716239e-05 5.437419e+01 1.812006e+00 
1.332248e+02 1.247790e+02 4.755011e+00 4.518274e-05 5.346856e+01 3.327694e+00 4.683097e-05 5.416012e+01 2.092973e-01 
1.342891e+02 1.247790e+02 4.109055e+00 4.518274e-05 5.346856e+01 3.327694e+00 4.624831e-05 5.373548e+01 -1.023574e+00 
1.353535e+02 1.247790e+02 3.257618e+00 4.518274e-05 5.346856e+01 3.327694e+00 4.552443e-05 5.318864e+01 -1.577823e+00 
1.364178e+02 1.247790e+02 2.260024e+00 4.518274e-05 5.346856e+01 3.327694e+00 4.482882e-05 5.265295e+01 -1.466416e+00 
1.374822e+02 1.247790e+02 1.185997e+00 4.518274e-05 5.346856e+01 3.327694e+00 4.425445e-05 5.220010e+01 -9.384058e-01 
1.385465e+02 1.247790e+02 1.106951e-01 4.518274e-05 5.346856e+01 3.327694e+00 4.381321e-05 5.183996e+01 -2.229091e-01 
1.396109e+02 1.247790e+02 -8.906319e-01 4.518274e-05 5.346856e+01 3.327694e+00 4.348527e-05 5.155969e+01 5.439065e-01 
1.406752e+02 1.247790e+02 -1.747996e+00 4.518274e-05 5.346856e+01 3.327694e+00 4.325054e-05 5.134710e+01 1.299546e+00 
1.417396e+02 1.247790e+02 -2.401650e+00 4.518274e-05 5.346856e+01 3.327694e+00 4.309434e-05 5.119399e+01 2.020427e+00 
1.428039e+02 1.247790e+02 -2.806336e+00 4.518274e-05 5.346856e+01 3.327694e+00 4.300900e-05 5.109679e+01 2.707929e+00 
1.438683e+02 1.247790e+02 -2.934505e+00 4.518274e-05 5.346856e+01 3.327694e+00 4.299058e-05 5.105357e+01 3.375713e+00 
1.449326e+02 1.247790e+02 -2.778278e+00 4.518274e-05 5.346856e+01 3.327694e+00 4.303817e-05 5.106345e+01 4.043024e+00 
1.459970e+02 1.247790e+02 -2.350004e+00 4.518274e-05 5.346856e+01 3.327694e+00 4.315329e-05 5.112618e+01 4.728906e+00 
1.470613e+02 1.247790e+02 -1.681384e+00 4.518274e-05 5.346856e+01 3.327694e+00 4.333974e-05 5.124246e+01 5.446528e+00 
1.481257e+02 1.247790e+02 -8.212145e-01 4.518274e-05 5.346856e+01 3.327694e+00 4.360647e-05 5.141710e+01 6.194564e+00 
1.491900e+02 1.247790e+02 1.680840e-01 4.518274e-05 5.346856e+01 3.327694e+00 4.396647e-05 5.165877e+01 6.953078e+00 
