# 1    , 2      , 3      , 4      , 5      , 6      , 7       
# dmeas, Bx_siB0, By_siB0, Bz_siB0, In_siB0, Ic_siB0, Dc_siB0 
0.000000e+00 2.715473e-05 3.526875e-06 3.533472e-05 4.470303e-05 5.222593e+01 7.400189e+00 
0.000000e+00 2.722161e-05 3.664145e-06 3.601143e-05 4.529089e-05 5.266604e+01 7.666180e+00 
0.000000e+00 2.729576e-05 3.568778e-06 3.675342e-05 4.591959e-05 5.316702e+01 7.448871e+00 
0.000000e+00 2.736263e-05 3.197494e-06 3.741953e-05 4.646675e-05 5.363894e+01 6.665141e+00 
0.000000e+00 2.740831e-05 2.630913e-06 3.787551e-05 4.682618e-05 5.398404e+01 5.483001e+00 
0.000000e+00 2.743075e-05 1.995964e-06 3.810045e-05 4.699015e-05 5.417591e+01 4.161722e+00 
0.000000e+00 2.743461e-05 1.348831e-06 3.813787e-05 4.699972e-05 5.423772e+01 2.814698e+00 
0.000000e+00 2.742016e-05 6.901391e-07 3.799031e-05 4.685728e-05 5.417088e+01 1.441776e+00 
0.000000e+00 2.738157e-05 6.094380e-08 3.760294e-05 4.651597e-05 5.393871e+01 1.275243e-01 
0.000000e+00 2.731729e-05 -4.045296e-07 3.696214e-05 4.596301e-05 5.353032e+01 -8.484056e-01 
0.000000e+00 2.724009e-05 -5.831577e-07 3.619127e-05 4.530089e-05 5.302600e+01 -1.226404e+00 
0.000000e+00 2.716761e-05 -4.918025e-07 3.546051e-05 4.467403e-05 5.253841e+01 -1.037085e+00 
0.000000e+00 2.710873e-05 -2.351268e-07 3.485725e-05 4.415843e-05 5.212650e+01 -4.969410e-01 
0.000000e+00 2.706412e-05 9.434325e-08 3.439085e-05 4.376307e-05 5.179861e+01 1.997275e-01 
0.000000e+00 2.703158e-05 4.428905e-07 3.404329e-05 4.347238e-05 5.154543e+01 9.386609e-01 
0.000000e+00 2.700889e-05 7.860995e-07 3.379632e-05 4.326996e-05 5.135749e+01 1.667135e+00 
0.000000e+00 2.699454e-05 1.116512e-06 3.363785e-05 4.314461e-05 5.122888e+01 2.368440e+00 
0.000000e+00 2.698768e-05 1.436348e-06 3.356138e-05 4.309019e-05 5.115665e+01 3.046541e+00 
0.000000e+00 2.698794e-05 1.752699e-06 3.356418e-05 4.310424e-05 5.113939e+01 3.715785e+00 
0.000000e+00 2.699532e-05 2.074115e-06 3.364617e-05 4.318696e-05 5.117656e+01 4.393539e+00 
0.000000e+00 2.701020e-05 2.407540e-06 3.380999e-05 4.334123e-05 5.126867e+01 5.093569e+00 
0.000000e+00 2.703346e-05 2.754912e-06 3.406231e-05 4.357336e-05 5.141861e+01 5.818782e+00 
0.000000e+00 2.706666e-05 3.108946e-06 3.441554e-05 4.389418e-05 5.163354e+01 6.552423e+00 
0.000000e+00 2.711217e-05 3.445457e-06 3.488921e-05 4.431927e-05 5.192688e+01 7.242416e+00 
0.000000e+00 2.717243e-05 3.712137e-06 3.550375e-05 4.486243e-05 5.231576e+01 7.779254e+00 
0.000000e+00 2.724752e-05 3.816506e-06 3.625683e-05 4.551430e-05 5.280695e+01 7.973433e+00 
0.000000e+00 2.732965e-05 3.646132e-06 3.707164e-05 4.620076e-05 5.336021e+01 7.599132e+00 
0.000000e+00 2.740147e-05 3.160072e-06 3.778080e-05 4.677836e-05 5.386749e+01 6.578570e+00 
0.000000e+00 2.744766e-05 2.457742e-06 3.823690e-05 4.713253e-05 5.421957e+01 5.116781e+00 
0.000000e+00 2.746581e-05 1.673108e-06 3.841583e-05 4.725406e-05 5.438650e+01 3.485923e+00 
0.000000e+00 2.745784e-05 8.686567e-07 3.833540e-05 4.716239e-05 5.437419e+01 1.812006e+00 
0.000000e+00 2.742039e-05 1.001651e-07 3.796383e-05 4.683097e-05 5.416012e+01 2.092973e-01 
0.000000e+00 2.735216e-05 -4.886909e-07 3.728977e-05 4.624831e-05 5.373548e+01 -1.023574e+00 
0.000000e+00 2.726710e-05 -7.510770e-07 3.644743e-05 4.552443e-05 5.318864e+01 -1.577823e+00 
0.000000e+00 2.718611e-05 -6.959475e-07 3.563781e-05 4.482882e-05 5.265295e+01 -1.466416e+00 
0.000000e+00 2.712017e-05 -4.442212e-07 3.496792e-05 4.425445e-05 5.220010e+01 -9.384058e-01 
0.000000e+00 2.707023e-05 -1.053172e-07 3.444980e-05 4.381321e-05 5.183996e+01 -2.229091e-01 
0.000000e+00 2.703353e-05 2.566359e-07 3.406011e-05 4.348527e-05 5.155969e+01 5.439065e-01 
0.000000e+00 2.700737e-05 6.126690e-07 3.377625e-05 4.325054e-05 5.134710e+01 1.299546e+00 
0.000000e+00 2.698981e-05 9.521393e-07 3.358222e-05 4.309434e-05 5.119399e+01 2.020427e+00 
0.000000e+00 2.697978e-05 1.276076e-06 3.346995e-05 4.300900e-05 5.109679e+01 2.707929e+00 
0.000000e+00 2.697671e-05 1.591237e-06 3.343524e-05 4.299058e-05 5.105357e+01 3.375713e+00 
0.000000e+00 2.698043e-05 1.907016e-06 3.347692e-05 4.303817e-05 5.106345e+01 4.043024e+00 
0.000000e+00 2.699113e-05 2.232784e-06 3.359613e-05 4.315329e-05 5.112618e+01 4.728906e+00 
0.000000e+00 2.700932e-05 2.575263e-06 3.379642e-05 4.333974e-05 5.124246e+01 5.446528e+00 
0.000000e+00 2.703623e-05 2.934480e-06 3.408747e-05 4.360647e-05 5.141710e+01 6.194564e+00 
0.000000e+00 2.707373e-05 3.301733e-06 3.448423e-05 4.396647e-05 5.165877e+01 6.953078e+00 
