# 1, 2, 3, 4   , 5   , 6   , 7   , 8   , 9   , 10  
# x, y, z, Bx_si, By_si, Bz_si, In_si, Ic_si, Dc_si, dmeas 
5.017029e+05 4.171113e+06 1.617170e+03 -4.709981e-07 -8.648249e-07 1.633623e-06 1.907481e-06 -5.891799e+01 -1.514266e+02 0.000000e+00 
5.017031e+05 4.171114e+06 1.616895e+03 -1.478683e-06 -6.171487e-08 9.631734e-07 1.765790e-06 -3.305632e+01 -9.238993e+01 1.313858e+00 
5.017019e+05 4.171117e+06 1.617109e+03 -8.684387e-07 1.215222e-07 1.303470e-06 1.570983e-06 -5.606960e+01 -8.203422e+01 3.704210e+00 
5.017019e+05 4.171117e+06 1.617109e+03 -7.061507e-07 3.646202e-07 1.540983e-06 1.733847e-06 -6.271850e+01 -6.269048e+01 3.704210e+00 
5.017032e+05 4.171117e+06 1.616563e+03 -7.312911e-07 2.677778e-07 1.188857e-06 1.421222e-06 -5.677269e+01 -6.988872e+01 5.176935e+00 
5.017055e+05 4.171118e+06 1.615680e+03 -7.828012e-07 -5.761251e-07 1.825189e-06 2.067852e-06 -6.196366e+01 -1.263523e+02 7.529181e+00 
5.017065e+05 4.171119e+06 1.615216e+03 -3.968423e-07 -2.225765e-07 2.876581e-06 2.912344e-06 -8.101179e+01 -1.192867e+02 9.022361e+00 
5.017076e+05 4.171120e+06 1.614730e+03 -3.272101e-07 2.026398e-07 1.954301e-06 1.991839e-06 -7.885887e+01 -5.823025e+01 1.058217e+01 
5.017092e+05 4.171121e+06 1.614184e+03 1.430362e-07 1.326332e-07 2.410717e-06 2.418596e-06 -8.537391e+01 4.716116e+01 1.241860e+01 
5.017108e+05 4.171122e+06 1.614059e+03 2.254549e-07 1.623924e-06 2.479717e-06 2.972702e-06 -5.652875e+01 7.904040e+00 1.455690e+01 
5.017117e+05 4.171125e+06 1.614856e+03 1.550086e-07 3.756380e-06 1.334971e-06 3.989557e-06 -1.954921e+01 2.362994e+00 1.697472e+01 
5.017148e+05 4.171124e+06 1.614502e+03 -1.391246e-07 1.389179e-06 1.669580e-06 2.176389e-06 -5.009712e+01 -5.719035e+00 2.015689e+01 
5.017171e+05 4.171124e+06 1.614656e+03 4.671079e-07 1.022379e-06 9.548838e-07 1.474873e-06 -4.034845e+01 2.455488e+01 2.247984e+01 
5.017185e+05 4.171125e+06 1.615438e+03 -1.753049e-06 1.823085e-06 -1.584730e-07 2.534153e-06 3.585326e+00 -4.387805e+01 2.441537e+01 
5.017205e+05 4.171126e+06 1.615311e+03 -1.078159e-06 1.223507e-06 8.022066e-07 1.817397e-06 -2.619351e+01 -4.138663e+01 2.656648e+01 
5.017212e+05 4.171125e+06 1.615059e+03 -1.038905e-06 1.056453e-06 4.352689e-07 1.544304e-06 -1.637091e+01 -4.452019e+01 2.729138e+01 
5.017228e+05 4.171125e+06 1.614581e+03 -2.322376e-06 4.894786e-07 3.056719e-07 2.393001e-06 -7.338772e+00 -7.809817e+01 2.891230e+01 
5.017246e+05 4.171127e+06 1.614514e+03 -7.729097e-07 7.820732e-07 9.843952e-07 1.475826e-06 -4.183695e+01 -4.466236e+01 3.129915e+01 
5.017253e+05 4.171127e+06 1.614509e+03 -7.723156e-07 -8.620415e-07 1.134181e-06 1.620480e-06 -4.441936e+01 -1.381424e+02 3.215546e+01 
5.017265e+05 4.171128e+06 1.614426e+03 -4.167132e-07 -4.378651e-07 1.140093e-06 1.290422e-06 -6.206802e+01 -1.364179e+02 3.362494e+01 
5.017280e+05 4.171130e+06 1.614390e+03 -1.485194e-06 7.275293e-07 8.938534e-08 1.656228e-06 -3.093712e+00 -6.390187e+01 3.563105e+01 
5.017284e+05 4.171131e+06 1.614577e+03 -5.133065e-07 7.663630e-07 6.361712e-07 1.120495e-06 -3.459410e+01 -3.381400e+01 3.741758e+01 
5.017281e+05 4.171132e+06 1.614749e+03 -3.738246e-07 8.011701e-07 5.576031e-07 1.045246e-06 -3.223993e+01 -2.501367e+01 3.854291e+01 
5.017282e+05 4.171134e+06 1.614910e+03 1.538895e-07 5.483344e-07 7.169776e-07 9.156470e-07 -5.153869e+01 1.567672e+01 3.968929e+01 
5.017307e+05 4.171134e+06 1.614524e+03 -6.263051e-07 1.785363e-06 4.114119e-07 1.936244e-06 -1.226769e+01 -1.933086e+01 4.223027e+01 
5.017298e+05 4.171138e+06 1.615441e+03 -6.951896e-07 4.761370e-07 9.526124e-07 1.271796e-06 -4.850635e+01 -5.559266e+01 4.629250e+01 
5.017313e+05 4.171139e+06 1.615538e+03 -4.264204e-07 2.541517e-06 -1.283625e-07 2.580237e-06 2.851547e+00 -9.524477e+00 4.837712e+01 
5.017329e+05 4.171141e+06 1.615528e+03 -1.062418e-06 4.792141e-07 4.572526e-07 1.251981e-06 -2.142132e+01 -6.572177e+01 5.050461e+01 
5.017342e+05 4.171141e+06 1.615445e+03 4.362190e-08 5.583946e-07 1.103171e-06 1.237212e-06 -6.308244e+01 4.466885e+00 5.177443e+01 
5.017350e+05 4.171141e+06 1.615613e+03 2.149088e-06 -1.103514e-07 9.182188e-07 2.339633e-06 -2.310783e+01 9.293944e+01 5.275139e+01 
5.017362e+05 4.171142e+06 1.615985e+03 4.783794e-07 1.784072e-06 1.520194e-06 2.392226e-06 -3.945503e+01 1.501015e+01 5.418483e+01 
5.017370e+05 4.171144e+06 1.616826e+03 5.078385e-07 2.528136e-06 4.304800e-07 2.614323e-06 -9.477607e+00 1.135811e+01 5.606084e+01 
5.017375e+05 4.171145e+06 1.617645e+03 -2.236269e-06 2.086677e-06 -1.659023e-06 3.479581e-06 2.847585e+01 -4.698188e+01 5.748271e+01 
5.017379e+05 4.171146e+06 1.618290e+03 5.663801e-07 1.678954e-06 -2.776872e-07 1.793540e-06 8.906726e+00 1.864136e+01 5.867883e+01 
5.017395e+05 4.171147e+06 1.618793e+03 -1.291932e-07 1.372871e-06 -1.340957e-06 1.923443e-06 4.420000e+01 -5.375952e+00 6.056182e+01 
5.017400e+05 4.171148e+06 1.619087e+03 -2.151238e-07 6.265449e-07 -1.417440e-06 1.564600e-06 6.495073e+01 -1.894988e+01 6.153753e+01 
5.017407e+05 4.171148e+06 1.619057e+03 -6.415817e-07 8.459799e-07 -1.220248e-06 1.617502e-06 4.897319e+01 -3.717627e+01 6.232824e+01 
5.017419e+05 4.171149e+06 1.618937e+03 -9.361673e-07 5.767825e-07 -1.383606e-06 1.767329e-06 5.152498e+01 -5.836234e+01 6.365586e+01 
5.017440e+05 4.171149e+06 1.618666e+03 -1.177683e-06 -5.309836e-08 -4.173216e-07 1.250566e-06 1.949388e+01 -9.258155e+01 6.578729e+01 
