# 1    , 2      , 3      , 4      , 5      , 6      , 7       
# dmeas, Bx_siB0, By_siB0, Bz_siB0, In_siB0, Ic_siB0, Dc_siB0 
0.000000e+00 2.602258e-05 1.089102e-06 3.460998e-05 4.331525e-05 5.303711e+01 2.396556e+00 
1.313858e+00 2.682569e-05 8.141722e-08 3.528043e-05 4.432079e-05 5.275211e+01 1.738949e-01 
3.704210e+00 2.700892e-05 6.916613e-07 3.494013e-05 4.416756e-05 5.228668e+01 1.466945e+00 
3.704210e+00 2.725202e-05 8.539493e-07 3.470262e-05 4.413245e-05 5.184374e+01 1.794791e+00 
5.176935e+00 2.715518e-05 8.288089e-07 3.505474e-05 4.435004e-05 5.222391e+01 1.748194e+00 
7.529181e+00 2.631127e-05 7.772988e-07 3.441841e-05 4.333029e-05 5.259171e+01 1.692164e+00 
9.022361e+00 2.666482e-05 1.163258e-06 3.336702e-05 4.272849e-05 5.134378e+01 2.497955e+00 
1.058217e+01 2.709004e-05 1.232890e-06 3.428930e-05 4.371666e-05 5.166089e+01 2.605780e+00 
1.241860e+01 2.702003e-05 1.703136e-06 3.383288e-05 4.333182e-05 5.133260e+01 3.606716e+00 
1.455690e+01 2.851132e-05 1.785555e-06 3.376388e-05 4.422763e-05 4.976588e+01 3.583535e+00 
1.697472e+01 3.064378e-05 1.715109e-06 3.490863e-05 4.648220e-05 4.867800e+01 3.203458e+00 
2.015689e+01 2.827658e-05 1.420975e-06 3.457402e-05 4.468721e-05 5.068635e+01 2.876849e+00 
2.247984e+01 2.790978e-05 2.027208e-06 3.528872e-05 4.503730e-05 5.158623e+01 4.154345e+00 
2.441537e+01 2.871048e-05 -1.929492e-07 3.640207e-05 4.636205e-05 5.173636e+01 -3.850512e-01 
2.656648e+01 2.811091e-05 4.819408e-07 3.544139e-05 4.523879e-05 5.157565e+01 9.821978e-01 
2.729138e+01 2.794385e-05 5.211948e-07 3.580833e-05 4.542430e-05 5.202765e+01 1.068528e+00 
2.891230e+01 2.737688e-05 -7.622756e-07 3.593793e-05 4.518417e-05 5.268979e+01 -1.594919e+00 
3.129915e+01 2.766947e-05 7.871903e-07 3.525920e-05 4.482668e-05 5.186588e+01 1.629612e+00 
3.215546e+01 2.602536e-05 7.877844e-07 3.510942e-05 4.371054e-05 5.343923e+01 1.733807e+00 
3.362494e+01 2.644953e-05 1.143387e-06 3.510351e-05 4.396750e-05 5.297726e+01 2.475298e+00 
3.563105e+01 2.761493e-05 7.490553e-08 3.615421e-05 4.549414e-05 5.262697e+01 1.554145e-01 
3.741758e+01 2.765376e-05 1.046793e-06 3.560743e-05 4.509673e-05 5.214618e+01 2.167814e+00 
3.854291e+01 2.768857e-05 1.186275e-06 3.568600e-05 4.518356e-05 5.216686e+01 2.453252e+00 
3.968929e+01 2.743573e-05 1.713990e-06 3.552662e-05 4.491991e-05 5.226859e+01 3.574787e+00 
4.223027e+01 2.867276e-05 9.337949e-07 3.583219e-05 4.590147e-05 5.131854e+01 1.865310e+00 
4.629250e+01 2.736354e-05 8.649104e-07 3.529099e-05 4.466503e-05 5.219726e+01 1.810410e+00 
4.837712e+01 2.942892e-05 1.133680e-06 3.637196e-05 4.680028e-05 5.100256e+01 2.206094e+00 
5.050461e+01 2.736661e-05 4.976823e-07 3.578635e-05 4.505377e-05 5.258948e+01 1.041852e+00 
5.177443e+01 2.744579e-05 1.603722e-06 3.514043e-05 4.461719e-05 5.196165e+01 3.344124e+00 
5.275139e+01 2.677705e-05 3.709188e-06 3.532538e-05 4.448203e-05 5.257500e+01 7.886491e+00 
5.418483e+01 2.867147e-05 2.038479e-06 3.472341e-05 4.507686e-05 5.038223e+01 4.066762e+00 
5.606084e+01 2.941554e-05 2.067939e-06 3.581312e-05 4.639105e-05 5.053233e+01 4.021329e+00 
5.748271e+01 2.897408e-05 -6.761694e-07 3.790262e-05 4.771334e-05 5.259693e+01 -1.336872e+00 
5.867883e+01 2.856635e-05 2.126480e-06 3.652129e-05 4.641512e-05 5.189121e+01 4.257247e+00 
6.056182e+01 2.826027e-05 1.430907e-06 3.758456e-05 4.704561e-05 5.302482e+01 2.898591e+00 
6.153753e+01 2.751394e-05 1.344976e-06 3.766104e-05 4.666026e-05 5.381676e+01 2.798587e+00 
6.232824e+01 2.773338e-05 9.185183e-07 3.746385e-05 4.662107e-05 5.347353e+01 1.896920e+00 
6.365586e+01 2.746418e-05 6.239327e-07 3.762721e-05 4.658838e-05 5.386717e+01 1.301425e+00 
6.578729e+01 2.683430e-05 3.824167e-07 3.666092e-05 4.543401e-05 5.379462e+01 8.164692e-01 
