# 1      , 2      , 3      , 4    , 5     , 6      , 7      , 8      ,                    9              , 10  , 11  , 12  , 13    , 14      
# IGRF_In, IGRF_Ic, IGRF_Dc, dmeas, height, In_siB0, Ic_siB0, Dc_siB0,                    height m (-poh), In_m, Ic_m, Dc_m, min hP, max hP  
4.515490e-05 5.338396e+01 3.320776e+00 0.000000e+00 1.617170e+03 4.331525e-05 5.303711e+01 2.396556e+00 1.618900e+03 4.575064e+01 5.878437e+01 -6.645001e+00 1.614059e+03 1.619087e+03 
4.515490e-05 5.338396e+01 3.320776e+00 1.313858e+00 1.616895e+03 4.432079e-05 5.275211e+01 1.738949e-01 1.617700e+03 4.340587e+01 5.727158e+01 1.937867e-01 1.614059e+03 1.619087e+03 
4.515490e-05 5.338396e+01 3.320776e+00 3.704210e+00 1.617109e+03 4.416756e-05 5.228668e+01 1.466945e+00 1.615600e+03 4.207129e+01 5.318418e+01 2.747505e-01 1.614059e+03 1.619087e+03 
4.515490e-05 5.338396e+01 3.320776e+00 3.704210e+00 1.617109e+03 4.413245e-05 5.184374e+01 1.794791e+00 1.615600e+03 4.206765e+01 5.308327e+01 1.125919e+00 1.614059e+03 1.619087e+03 
4.515490e-05 5.338396e+01 3.320776e+00 5.176935e+00 1.616563e+03 4.435004e-05 5.222391e+01 1.748194e+00 1.614800e+03 4.465357e+01 5.305078e+01 2.487716e-01 1.614059e+03 1.619087e+03 
4.515490e-05 5.338396e+01 3.320776e+00 7.529181e+00 1.615680e+03 4.333029e-05 5.259171e+01 1.692164e+00 1.614800e+03 4.392862e+01 5.428043e+01 -1.934920e+00 1.614059e+03 1.619087e+03 
4.515490e-05 5.338396e+01 3.320776e+00 9.022361e+00 1.615216e+03 4.272849e-05 5.134378e+01 2.497955e+00 1.614500e+03 4.351851e+01 5.322759e+01 -2.089908e-01 1.614059e+03 1.619087e+03 
4.515490e-05 5.338396e+01 3.320776e+00 1.058217e+01 1.614730e+03 4.371666e-05 5.166089e+01 2.605780e+00 1.614300e+03 4.420009e+01 5.432515e+01 -1.035171e+00 1.614059e+03 1.619087e+03 
4.515490e-05 5.338396e+01 3.320776e+00 1.241860e+01 1.614184e+03 4.333182e-05 5.133260e+01 3.606716e+00 1.614000e+03 4.293308e+01 5.328460e+01 -3.503504e+00 1.614059e+03 1.619087e+03 
4.515490e-05 5.338396e+01 3.320776e+00 1.455690e+01 1.614059e+03 4.422763e-05 4.976588e+01 3.583535e+00 1.612500e+03 4.312005e+01 5.092131e+01 4.634988e-01 1.614059e+03 1.619087e+03 
4.515490e-05 5.338396e+01 3.320776e+00 1.697472e+01 1.614856e+03 4.648220e-05 4.867800e+01 3.203458e+00 1.611400e+03 4.165310e+01 5.125718e+01 4.529160e-01 1.614059e+03 1.619087e+03 
4.515490e-05 5.338396e+01 3.320776e+00 2.015689e+01 1.614502e+03 4.468721e-05 5.068635e+01 2.876849e+00 1.612500e+03 4.307516e+01 5.201969e+01 1.747714e+00 1.614059e+03 1.619087e+03 
4.515490e-05 5.338396e+01 3.320776e+00 2.247984e+01 1.614656e+03 4.503730e-05 5.158623e+01 4.154345e+00 1.612700e+03 4.321875e+01 5.219473e+01 1.778680e+00 1.614059e+03 1.619087e+03 
4.515490e-05 5.338396e+01 3.320776e+00 2.441537e+01 1.615438e+03 4.636205e-05 5.173636e+01 -3.850512e-01 1.613000e+03 4.395217e+01 5.065917e+01 1.888427e+00 1.614059e+03 1.619087e+03 
4.515490e-05 5.338396e+01 3.320776e+00 2.656648e+01 1.615311e+03 4.523879e-05 5.157565e+01 9.821978e-01 1.612600e+03 4.338194e+01 5.048128e+01 5.013835e+00 1.614059e+03 1.619087e+03 
4.515490e-05 5.338396e+01 3.320776e+00 2.729138e+01 1.615059e+03 4.542430e-05 5.202765e+01 1.068528e+00 1.613400e+03 4.588199e+01 5.262014e+01 3.216199e+00 1.614059e+03 1.619087e+03 
4.515490e-05 5.338396e+01 3.320776e+00 2.891230e+01 1.614581e+03 4.518417e-05 5.268979e+01 -1.594919e+00 1.613200e+03 4.613804e+01 5.315105e+01 1.252928e+00 1.614059e+03 1.619087e+03 
4.515490e-05 5.338396e+01 3.320776e+00 3.129915e+01 1.614514e+03 4.482668e-05 5.186588e+01 1.629612e+00 1.613300e+03 4.551627e+01 5.255630e+01 -3.037130e+00 1.614059e+03 1.619087e+03 
4.515490e-05 5.338396e+01 3.320776e+00 3.215546e+01 1.614509e+03 4.371054e-05 5.343923e+01 1.733807e+00 1.613200e+03 4.430771e+01 5.179174e+01 -2.336356e+00 1.614059e+03 1.619087e+03 
4.515490e-05 5.338396e+01 3.320776e+00 3.362494e+01 1.614426e+03 4.396750e-05 5.297726e+01 2.475298e+00 1.613500e+03 4.462652e+01 5.240063e+01 -8.099991e-01 1.614059e+03 1.619087e+03 
4.515490e-05 5.338396e+01 3.320776e+00 3.563105e+01 1.614390e+03 4.549414e-05 5.262697e+01 1.554145e-01 1.613400e+03 4.462422e+01 5.252587e+01 -6.609493e-01 1.614059e+03 1.619087e+03 
4.515490e-05 5.338396e+01 3.320776e+00 3.741758e+01 1.614577e+03 4.509673e-05 5.214618e+01 2.167814e+00 1.613600e+03 4.497259e+01 5.303865e+01 -3.000057e+00 1.614059e+03 1.619087e+03 
4.515490e-05 5.338396e+01 3.320776e+00 3.854291e+01 1.614749e+03 4.518356e-05 5.216686e+01 2.453252e+00 1.614200e+03 4.497052e+01 5.421160e+01 -2.206697e+00 1.614059e+03 1.619087e+03 
4.515490e-05 5.338396e+01 3.320776e+00 3.968929e+01 1.614910e+03 4.491991e-05 5.226859e+01 3.574787e+00 1.613900e+03 4.384791e+01 5.393968e+01 -1.430057e+00 1.614059e+03 1.619087e+03 
4.515490e-05 5.338396e+01 3.320776e+00 4.223027e+01 1.614524e+03 4.590147e-05 5.131854e+01 1.865310e+00 1.613800e+03 4.521116e+01 5.227877e+01 -1.427673e-01 1.614059e+03 1.619087e+03 
4.515490e-05 5.338396e+01 3.320776e+00 4.629250e+01 1.615441e+03 4.466503e-05 5.219726e+01 1.810410e+00 1.615200e+03 4.624073e+01 5.334193e+01 -2.897998e+00 1.614059e+03 1.619087e+03 
4.515490e-05 5.338396e+01 3.320776e+00 4.837712e+01 1.615538e+03 4.680028e-05 5.100256e+01 2.206094e+00 1.615100e+03 4.501864e+01 5.470362e+01 -3.609559e+00 1.614059e+03 1.619087e+03 
4.515490e-05 5.338396e+01 3.320776e+00 5.050461e+01 1.615528e+03 4.505377e-05 5.258948e+01 1.041852e+00 1.613500e+03 4.122763e+01 5.143908e+01 nan 1.614059e+03 1.619087e+03 
4.515490e-05 5.338396e+01 3.320776e+00 5.177443e+01 1.615445e+03 4.461719e-05 5.196165e+01 3.344124e+00 1.613800e+03 4.342708e+01 5.269640e+01 nan 1.614059e+03 1.619087e+03 
4.515490e-05 5.338396e+01 3.320776e+00 5.275139e+01 1.615613e+03 4.448203e-05 5.257500e+01 7.886491e+00 1.614500e+03 4.597181e+01 5.167244e+01 nan 1.614059e+03 1.619087e+03 
4.515490e-05 5.338396e+01 3.320776e+00 5.418483e+01 1.615985e+03 4.507686e-05 5.038223e+01 4.066762e+00 1.614700e+03 4.602680e+01 5.456200e+01 nan 1.614059e+03 1.619087e+03 
4.515490e-05 5.338396e+01 3.320776e+00 5.606084e+01 1.616826e+03 4.639105e-05 5.053233e+01 4.021329e+00 1.615000e+03 4.602720e+01 5.369643e+01 nan 1.614059e+03 1.619087e+03 
4.515490e-05 5.338396e+01 3.320776e+00 5.748271e+01 1.617645e+03 4.771334e-05 5.259693e+01 -1.336872e+00 1.615100e+03 4.415560e+01 5.353161e+01 nan 1.614059e+03 1.619087e+03 
4.515490e-05 5.338396e+01 3.320776e+00 5.867883e+01 1.618290e+03 4.641512e-05 5.189121e+01 4.257247e+00 1.615200e+03 4.324688e+01 5.202430e+01 nan 1.614059e+03 1.619087e+03 
4.515490e-05 5.338396e+01 3.320776e+00 6.056182e+01 1.618793e+03 4.704561e-05 5.302482e+01 2.898591e+00 1.616600e+03 4.689832e+01 5.193213e+01 nan 1.614059e+03 1.619087e+03 
4.515490e-05 5.338396e+01 3.320776e+00 6.153753e+01 1.619087e+03 4.666026e-05 5.381676e+01 2.798587e+00 1.617700e+03 4.734403e+01 5.357801e+01 nan 1.614059e+03 1.619087e+03 
4.515490e-05 5.338396e+01 3.320776e+00 6.232824e+01 1.619057e+03 4.662107e-05 5.347353e+01 1.896920e+00 1.617900e+03 4.736998e+01 5.385650e+01 nan 1.614059e+03 1.619087e+03 
4.515490e-05 5.338396e+01 3.320776e+00 6.365586e+01 1.618937e+03 4.658838e-05 5.386717e+01 1.301425e+00 1.618000e+03 4.746066e+01 5.470341e+01 nan 1.614059e+03 1.619087e+03 
4.515490e-05 5.338396e+01 3.320776e+00 6.578729e+01 1.618666e+03 4.543401e-05 5.379462e+01 8.164692e-01 1.618100e+03 4.657630e+01 5.581463e+01 4.709900e-01 1.614059e+03 1.619087e+03 
