# 1, 2, 3, 4   , 5   , 6   , 7   , 8   , 9   , 10  
# x, y, z, Bx_si, By_si, Bz_si, In_si, Ic_si, Dc_si, dmeas 
5.017029e+05 4.171113e+06 1.616912e+03 -4.539721e-07 9.028995e-08 1.446376e-06 1.518633e-06 7.225448e+01 1.687513e+02 0.000000e+00 
5.017031e+05 4.171114e+06 1.616912e+03 -4.572830e-07 8.862587e-08 1.442994e-06 1.516310e-06 7.211016e+01 1.690315e+02 1.313858e+00 
5.017019e+05 4.171117e+06 1.616912e+03 -4.617309e-07 9.131563e-08 1.441873e-06 1.516750e-06 7.192165e+01 1.688131e+02 3.704210e+00 
5.017019e+05 4.171117e+06 1.616912e+03 -4.617309e-07 9.131563e-08 1.441873e-06 1.516750e-06 7.192165e+01 1.688131e+02 3.704210e+00 
5.017032e+05 4.171117e+06 1.616912e+03 -4.642016e-07 8.659199e-08 1.437456e-06 1.513030e-06 7.181448e+01 1.694335e+02 5.176935e+00 
5.017055e+05 4.171118e+06 1.616912e+03 -4.671941e-07 7.912893e-08 1.431152e-06 1.507557e-06 7.168053e+01 1.703870e+02 7.529181e+00 
5.017065e+05 4.171119e+06 1.616912e+03 -4.708943e-07 7.556416e-08 1.427038e-06 1.504622e-06 7.152028e+01 1.708835e+02 9.022361e+00 
5.017076e+05 4.171120e+06 1.616912e+03 -4.745797e-07 7.163156e-08 1.422862e-06 1.501630e-06 7.135989e+01 1.714167e+02 1.058217e+01 
5.017092e+05 4.171121e+06 1.616912e+03 -4.782033e-07 6.661940e-08 1.418217e-06 1.498151e-06 7.119924e+01 1.720691e+02 1.241860e+01 
5.017108e+05 4.171122e+06 1.616912e+03 -4.833473e-07 6.150104e-08 1.413072e-06 1.494717e-06 7.097519e+01 1.727487e+02 1.455690e+01 
5.017117e+05 4.171125e+06 1.616912e+03 -4.908546e-07 5.795457e-08 1.408312e-06 1.492528e-06 7.066087e+01 1.732663e+02 1.697472e+01 
5.017148e+05 4.171124e+06 1.616912e+03 -4.897687e-07 5.028466e-08 1.404418e-06 1.488218e-06 7.068099e+01 1.741380e+02 2.015689e+01 
5.017171e+05 4.171124e+06 1.616912e+03 -4.899193e-07 4.455677e-08 1.401516e-06 1.485346e-06 7.065859e+01 1.748034e+02 2.247984e+01 
5.017185e+05 4.171125e+06 1.616912e+03 -4.945688e-07 4.051660e-08 1.397924e-06 1.483385e-06 7.045650e+01 1.753166e+02 2.441537e+01 
5.017205e+05 4.171126e+06 1.616912e+03 -4.977741e-07 3.545219e-08 1.394628e-06 1.481224e-06 7.031145e+01 1.759262e+02 2.656648e+01 
5.017212e+05 4.171125e+06 1.616912e+03 -4.974322e-07 3.384192e-08 1.394101e-06 1.480575e-06 7.032108e+01 1.761080e+02 2.729138e+01 
5.017228e+05 4.171125e+06 1.616912e+03 -4.973721e-07 3.011980e-08 1.392739e-06 1.479191e-06 7.031420e+01 1.765345e+02 2.891230e+01 
5.017246e+05 4.171127e+06 1.616912e+03 -5.032703e-07 2.568475e-08 1.389245e-06 1.477817e-06 7.006261e+01 1.770784e+02 3.129915e+01 
5.017253e+05 4.171127e+06 1.616912e+03 -5.052433e-07 2.404196e-08 1.388116e-06 1.477401e-06 6.997878e+01 1.772756e+02 3.215546e+01 
5.017265e+05 4.171128e+06 1.616912e+03 -5.081798e-07 2.108829e-08 1.386385e-06 1.476738e-06 6.985365e+01 1.776237e+02 3.362494e+01 
5.017280e+05 4.171130e+06 1.616912e+03 -5.135682e-07 1.772065e-08 1.384039e-06 1.476357e-06 6.963075e+01 1.780238e+02 3.563105e+01 
5.017284e+05 4.171131e+06 1.616912e+03 -5.202274e-07 1.658570e-08 1.382181e-06 1.476935e-06 6.936500e+01 1.781739e+02 3.741758e+01 
5.017281e+05 4.171132e+06 1.616912e+03 -5.244396e-07 1.701854e-08 1.381419e-06 1.477716e-06 6.920131e+01 1.781414e+02 3.854291e+01 
5.017282e+05 4.171134e+06 1.616912e+03 -5.290593e-07 1.664188e-08 1.380485e-06 1.478485e-06 6.902162e+01 1.781983e+02 3.968929e+01 
5.017307e+05 4.171134e+06 1.616912e+03 -5.309703e-07 1.142390e-08 1.379044e-06 1.477776e-06 6.893746e+01 1.787675e+02 4.223027e+01 
5.017298e+05 4.171138e+06 1.616912e+03 -5.480716e-07 1.263242e-08 1.377058e-06 1.482171e-06 6.829213e+01 1.786796e+02 4.629250e+01 
5.017313e+05 4.171139e+06 1.616912e+03 -5.550897e-07 9.592376e-09 1.375868e-06 1.483654e-06 6.802558e+01 1.790100e+02 4.837712e+01 
5.017329e+05 4.171141e+06 1.616912e+03 -5.618917e-07 6.399842e-09 1.374949e-06 1.485344e-06 6.777064e+01 1.793474e+02 5.050461e+01 
5.017342e+05 4.171141e+06 1.616912e+03 -5.630045e-07 4.036805e-09 1.374654e-06 1.485484e-06 6.772740e+01 1.795892e+02 5.177443e+01 
5.017350e+05 4.171141e+06 1.616912e+03 -5.651138e-07 2.375086e-09 1.374440e-06 1.486084e-06 6.764935e+01 1.797592e+02 5.275139e+01 
5.017362e+05 4.171142e+06 1.616912e+03 -5.691321e-07 1.587964e-10 1.374201e-06 1.487394e-06 6.750287e+01 1.799840e+02 5.418483e+01 
5.017370e+05 4.171144e+06 1.616912e+03 -5.780101e-07 -1.197024e-09 1.373945e-06 1.490578e-06 6.718377e+01 -1.798813e+02 5.606084e+01 
5.017375e+05 4.171145e+06 1.616912e+03 -5.850140e-07 -2.164817e-09 1.373888e-06 1.493256e-06 6.693511e+01 -1.797880e+02 5.748271e+01 
5.017379e+05 4.171146e+06 1.616912e+03 -5.913156e-07 -2.751849e-09 1.373920e-06 1.495766e-06 6.671342e+01 -1.797334e+02 5.867883e+01 
5.017395e+05 4.171147e+06 1.616912e+03 -5.963809e-07 -5.580495e-09 1.374236e-06 1.498074e-06 6.653955e+01 -1.794639e+02 6.056182e+01 
5.017400e+05 4.171148e+06 1.616912e+03 -6.013581e-07 -6.291011e-09 1.374430e-06 1.500243e-06 6.636790e+01 -1.794006e+02 6.153753e+01 
5.017407e+05 4.171148e+06 1.616912e+03 -6.029165e-07 -7.539296e-09 1.374669e-06 1.501093e-06 6.631656e+01 -1.792836e+02 6.232824e+01 
5.017419e+05 4.171149e+06 1.616912e+03 -6.066746e-07 -9.445650e-09 1.375161e-06 1.503067e-06 6.619199e+01 -1.791080e+02 6.365586e+01 
5.017440e+05 4.171149e+06 1.616912e+03 -6.078940e-07 -1.304020e-08 1.376152e-06 1.504493e-06 6.616242e+01 -1.787711e+02 6.578729e+01 
