# 1,2,3, 4    , 5    , 6    , 7    , 8    , 9     
# x,y,z, Bx_si, By_si, Bz_si, In_si, Ic_si, Dc_si 
1.002300e+02 1.247790e+02 9.767720e-01 2.472132e-08 2.546700e-07 -7.966029e-07 8.366864e-07 7.219310e+01 5.544444e+00 
1.012943e+02 1.247790e+02 9.767720e-01 2.352250e-08 2.544480e-07 -7.954115e-07 8.354499e-07 7.218993e+01 5.281708e+00 
1.023587e+02 1.247790e+02 9.767720e-01 2.234261e-08 2.542358e-07 -7.942803e-07 8.342759e-07 7.218691e+01 5.022334e+00 
1.034230e+02 1.247790e+02 9.767720e-01 2.118060e-08 2.540335e-07 -7.932081e-07 8.331631e-07 7.218405e+01 4.766137e+00 
1.044874e+02 1.247790e+02 9.767720e-01 2.003541e-08 2.538409e-07 -7.921939e-07 8.321104e-07 7.218133e+01 4.512943e+00 
1.055517e+02 1.247790e+02 9.767720e-01 1.890604e-08 2.536582e-07 -7.912367e-07 8.311169e-07 7.217877e+01 4.262576e+00 
1.066161e+02 1.247790e+02 9.767720e-01 1.779152e-08 2.534852e-07 -7.903355e-07 8.301816e-07 7.217635e+01 4.014870e+00 
1.076804e+02 1.247790e+02 9.767720e-01 1.669089e-08 2.533220e-07 -7.894895e-07 8.293035e-07 7.217409e+01 3.769657e+00 
1.087448e+02 1.247790e+02 9.767720e-01 1.560322e-08 2.531686e-07 -7.886979e-07 8.284819e-07 7.217196e+01 3.526778e+00 
1.098091e+02 1.247790e+02 9.767720e-01 1.452762e-08 2.530250e-07 -7.879600e-07 8.277159e-07 7.216999e+01 3.286072e+00 
1.108735e+02 1.247790e+02 9.767720e-01 1.346319e-08 2.528911e-07 -7.872750e-07 8.270049e-07 7.216815e+01 3.047385e+00 
1.119378e+02 1.247790e+02 9.767720e-01 1.240908e-08 2.527669e-07 -7.866423e-07 8.263482e-07 7.216646e+01 2.810563e+00 
1.130022e+02 1.247790e+02 9.767720e-01 1.136444e-08 2.526525e-07 -7.860614e-07 8.257451e-07 7.216490e+01 2.575457e+00 
1.140665e+02 1.247790e+02 9.767720e-01 1.032844e-08 2.525479e-07 -7.855316e-07 8.251951e-07 7.216348e+01 2.341919e+00 
1.151309e+02 1.247790e+02 9.767720e-01 9.300279e-09 2.524530e-07 -7.850525e-07 8.246978e-07 7.216220e+01 2.109803e+00 
1.161952e+02 1.247790e+02 9.767720e-01 8.279144e-09 2.523678e-07 -7.846236e-07 8.242525e-07 7.216105e+01 1.878964e+00 
1.172596e+02 1.247790e+02 9.767720e-01 7.264249e-09 2.522923e-07 -7.842446e-07 8.238590e-07 7.216004e+01 1.649261e+00 
1.183239e+02 1.247790e+02 9.767720e-01 6.254817e-09 2.522265e-07 -7.839150e-07 8.235169e-07 7.215916e+01 1.420553e+00 
1.193883e+02 1.247790e+02 9.767720e-01 5.250079e-09 2.521705e-07 -7.836347e-07 8.232259e-07 7.215841e+01 1.192701e+00 
1.204526e+02 1.247790e+02 9.767720e-01 4.249275e-09 2.521242e-07 -7.834033e-07 8.229857e-07 7.215779e+01 9.655658e-01 
1.215170e+02 1.247790e+02 9.767720e-01 3.251650e-09 2.520876e-07 -7.832206e-07 8.227960e-07 7.215731e+01 7.390110e-01 
1.225813e+02 1.247790e+02 9.767720e-01 2.256455e-09 2.520607e-07 -7.830865e-07 8.226567e-07 7.215695e+01 5.128999e-01 
1.236457e+02 1.247790e+02 9.767720e-01 1.262944e-09 2.520435e-07 -7.830008e-07 8.225678e-07 7.215672e+01 2.870964e-01 
1.247100e+02 1.247790e+02 9.767720e-01 2.703763e-10 2.520360e-07 -7.829635e-07 8.225290e-07 7.215662e+01 6.146509e-02 
1.257743e+02 1.247790e+02 9.767720e-01 -7.219900e-10 2.520382e-07 -7.829745e-07 8.225404e-07 7.215665e+01 -1.641294e-01 
1.268387e+02 1.247790e+02 9.767720e-01 -1.714895e-09 2.520501e-07 -7.830338e-07 8.226020e-07 7.215681e+01 -3.898222e-01 
1.279030e+02 1.247790e+02 9.767720e-01 -2.709080e-09 2.520717e-07 -7.831415e-07 8.227139e-07 7.215710e+01 -6.157489e-01 
1.289674e+02 1.247790e+02 9.767720e-01 -3.705288e-09 2.521030e-07 -7.832977e-07 8.228760e-07 7.215751e+01 -8.420450e-01 
1.300317e+02 1.247790e+02 9.767720e-01 -4.704267e-09 2.521441e-07 -7.835025e-07 8.230887e-07 7.215806e+01 -1.068847e+00 
1.310961e+02 1.247790e+02 9.767720e-01 -5.706767e-09 2.521948e-07 -7.837562e-07 8.233520e-07 7.215874e+01 -1.296291e+00 
1.321604e+02 1.247790e+02 9.767720e-01 -6.713546e-09 2.522553e-07 -7.840589e-07 8.236663e-07 7.215954e+01 -1.524516e+00 
1.332248e+02 1.247790e+02 9.767720e-01 -7.725368e-09 2.523254e-07 -7.844109e-07 8.240317e-07 7.216048e+01 -1.753659e+00 
1.342891e+02 1.247790e+02 9.767720e-01 -8.743006e-09 2.524053e-07 -7.848126e-07 8.244487e-07 7.216156e+01 -1.983861e+00 
1.353535e+02 1.247790e+02 9.767720e-01 -9.767243e-09 2.524950e-07 -7.852642e-07 8.249176e-07 7.216277e+01 -2.215264e+00 
1.364178e+02 1.247790e+02 9.767720e-01 -1.079887e-08 2.525943e-07 -7.857664e-07 8.254388e-07 7.216411e+01 -2.448009e+00 
1.374822e+02 1.247790e+02 9.767720e-01 -1.183870e-08 2.527034e-07 -7.863194e-07 8.260129e-07 7.216559e+01 -2.682243e+00 
1.385465e+02 1.247790e+02 9.767720e-01 -1.288754e-08 2.528222e-07 -7.869238e-07 8.266403e-07 7.216721e+01 -2.918111e+00 
1.396109e+02 1.247790e+02 9.767720e-01 -1.394624e-08 2.529508e-07 -7.875802e-07 8.273217e-07 7.216897e+01 -3.155763e+00 
1.406752e+02 1.247790e+02 9.767720e-01 -1.501565e-08 2.530891e-07 -7.882892e-07 8.280576e-07 7.217087e+01 -3.395349e+00 
1.417396e+02 1.247790e+02 9.767720e-01 -1.609663e-08 2.532372e-07 -7.890515e-07 8.288488e-07 7.217291e+01 -3.637025e+00 
1.428039e+02 1.247790e+02 9.767720e-01 -1.719009e-08 2.533951e-07 -7.898677e-07 8.296960e-07 7.217510e+01 -3.880946e+00 
1.438683e+02 1.247790e+02 9.767720e-01 -1.829692e-08 2.535627e-07 -7.907387e-07 8.306001e-07 7.217743e+01 -4.127273e+00 
1.449326e+02 1.247790e+02 9.767720e-01 -1.941808e-08 2.537401e-07 -7.916653e-07 8.315618e-07 7.217992e+01 -4.376170e+00 
1.459970e+02 1.247790e+02 9.767720e-01 -2.055452e-08 2.539273e-07 -7.926483e-07 8.325821e-07 7.218255e+01 -4.627802e+00 
1.470613e+02 1.247790e+02 9.767720e-01 -2.170724e-08 2.541243e-07 -7.936888e-07 8.336620e-07 7.218533e+01 -4.882341e+00 
1.481257e+02 1.247790e+02 9.767720e-01 -2.287726e-08 2.543312e-07 -7.947877e-07 8.348025e-07 7.218826e+01 -5.139961e+00 
1.491900e+02 1.247790e+02 9.767720e-01 -2.406563e-08 2.545478e-07 -7.959462e-07 8.360048e-07 7.219135e+01 -5.400842e+00 
