# 1 , 2 , 3 , 4      , 5      , 6      , 7      , 8      , 9        
# xm, ym, zm, IGRF_In, IGRF_Ic, IGRF_Dc, In_siB0, Ic_siB0, Dc_siB0  
1.002300e+02 1.247790e+02 9.767720e-01 4.518274e-05 5.346856e+01 3.327694e+00 4.597581e-05 5.380347e+01 3.348578e+00 
1.012943e+02 1.247790e+02 9.767720e-01 4.518274e-05 5.346856e+01 3.327694e+00 4.597468e-05 5.380289e+01 3.346080e+00 
1.023587e+02 1.247790e+02 9.767720e-01 4.518274e-05 5.346856e+01 3.327694e+00 4.597360e-05 5.380234e+01 3.343621e+00 
1.034230e+02 1.247790e+02 9.767720e-01 4.518274e-05 5.346856e+01 3.327694e+00 4.597258e-05 5.380182e+01 3.341198e+00 
1.044874e+02 1.247790e+02 9.767720e-01 4.518274e-05 5.346856e+01 3.327694e+00 4.597161e-05 5.380134e+01 3.338809e+00 
1.055517e+02 1.247790e+02 9.767720e-01 4.518274e-05 5.346856e+01 3.327694e+00 4.597069e-05 5.380088e+01 3.336452e+00 
1.066161e+02 1.247790e+02 9.767720e-01 4.518274e-05 5.346856e+01 3.327694e+00 4.596982e-05 5.380046e+01 3.334125e+00 
1.076804e+02 1.247790e+02 9.767720e-01 4.518274e-05 5.346856e+01 3.327694e+00 4.596900e-05 5.380006e+01 3.331826e+00 
1.087448e+02 1.247790e+02 9.767720e-01 4.518274e-05 5.346856e+01 3.327694e+00 4.596824e-05 5.379970e+01 3.329554e+00 
1.098091e+02 1.247790e+02 9.767720e-01 4.518274e-05 5.346856e+01 3.327694e+00 4.596752e-05 5.379936e+01 3.327305e+00 
1.108735e+02 1.247790e+02 9.767720e-01 4.518274e-05 5.346856e+01 3.327694e+00 4.596685e-05 5.379905e+01 3.325079e+00 
1.119378e+02 1.247790e+02 9.767720e-01 4.518274e-05 5.346856e+01 3.327694e+00 4.596623e-05 5.379877e+01 3.322873e+00 
1.130022e+02 1.247790e+02 9.767720e-01 4.518274e-05 5.346856e+01 3.327694e+00 4.596566e-05 5.379852e+01 3.320686e+00 
1.140665e+02 1.247790e+02 9.767720e-01 4.518274e-05 5.346856e+01 3.327694e+00 4.596513e-05 5.379830e+01 3.318516e+00 
1.151309e+02 1.247790e+02 9.767720e-01 4.518274e-05 5.346856e+01 3.327694e+00 4.596466e-05 5.379810e+01 3.316361e+00 
1.161952e+02 1.247790e+02 9.767720e-01 4.518274e-05 5.346856e+01 3.327694e+00 4.596422e-05 5.379793e+01 3.314220e+00 
1.172596e+02 1.247790e+02 9.767720e-01 4.518274e-05 5.346856e+01 3.327694e+00 4.596384e-05 5.379778e+01 3.312091e+00 
1.183239e+02 1.247790e+02 9.767720e-01 4.518274e-05 5.346856e+01 3.327694e+00 4.596350e-05 5.379767e+01 3.309972e+00 
1.193883e+02 1.247790e+02 9.767720e-01 4.518274e-05 5.346856e+01 3.327694e+00 4.596321e-05 5.379757e+01 3.307862e+00 
1.204526e+02 1.247790e+02 9.767720e-01 4.518274e-05 5.346856e+01 3.327694e+00 4.596296e-05 5.379751e+01 3.305759e+00 
1.215170e+02 1.247790e+02 9.767720e-01 4.518274e-05 5.346856e+01 3.327694e+00 4.596276e-05 5.379747e+01 3.303662e+00 
1.225813e+02 1.247790e+02 9.767720e-01 4.518274e-05 5.346856e+01 3.327694e+00 4.596260e-05 5.379745e+01 3.301568e+00 
1.236457e+02 1.247790e+02 9.767720e-01 4.518274e-05 5.346856e+01 3.327694e+00 4.596249e-05 5.379747e+01 3.299477e+00 
1.247100e+02 1.247790e+02 9.767720e-01 4.518274e-05 5.346856e+01 3.327694e+00 4.596242e-05 5.379750e+01 3.297386e+00 
1.257743e+02 1.247790e+02 9.767720e-01 4.518274e-05 5.346856e+01 3.327694e+00 4.596239e-05 5.379757e+01 3.295295e+00 
1.268387e+02 1.247790e+02 9.767720e-01 4.518274e-05 5.346856e+01 3.327694e+00 4.596241e-05 5.379766e+01 3.293201e+00 
1.279030e+02 1.247790e+02 9.767720e-01 4.518274e-05 5.346856e+01 3.327694e+00 4.596248e-05 5.379777e+01 3.291104e+00 
1.289674e+02 1.247790e+02 9.767720e-01 4.518274e-05 5.346856e+01 3.327694e+00 4.596259e-05 5.379791e+01 3.289001e+00 
1.300317e+02 1.247790e+02 9.767720e-01 4.518274e-05 5.346856e+01 3.327694e+00 4.596275e-05 5.379808e+01 3.286891e+00 
1.310961e+02 1.247790e+02 9.767720e-01 4.518274e-05 5.346856e+01 3.327694e+00 4.596295e-05 5.379827e+01 3.284773e+00 
1.321604e+02 1.247790e+02 9.767720e-01 4.518274e-05 5.346856e+01 3.327694e+00 4.596319e-05 5.379849e+01 3.282644e+00 
1.332248e+02 1.247790e+02 9.767720e-01 4.518274e-05 5.346856e+01 3.327694e+00 4.596348e-05 5.379874e+01 3.280503e+00 
1.342891e+02 1.247790e+02 9.767720e-01 4.518274e-05 5.346856e+01 3.327694e+00 4.596382e-05 5.379901e+01 3.278350e+00 
1.353535e+02 1.247790e+02 9.767720e-01 4.518274e-05 5.346856e+01 3.327694e+00 4.596420e-05 5.379932e+01 3.276181e+00 
1.364178e+02 1.247790e+02 9.767720e-01 4.518274e-05 5.346856e+01 3.327694e+00 4.596463e-05 5.379964e+01 3.273995e+00 
1.374822e+02 1.247790e+02 9.767720e-01 4.518274e-05 5.346856e+01 3.327694e+00 4.596511e-05 5.380000e+01 3.271791e+00 
1.385465e+02 1.247790e+02 9.767720e-01 4.518274e-05 5.346856e+01 3.327694e+00 4.596563e-05 5.380039e+01 3.269566e+00 
1.396109e+02 1.247790e+02 9.767720e-01 4.518274e-05 5.346856e+01 3.327694e+00 4.596620e-05 5.380080e+01 3.267320e+00 
1.406752e+02 1.247790e+02 9.767720e-01 4.518274e-05 5.346856e+01 3.327694e+00 4.596682e-05 5.380125e+01 3.265050e+00 
1.417396e+02 1.247790e+02 9.767720e-01 4.518274e-05 5.346856e+01 3.327694e+00 4.596748e-05 5.380172e+01 3.262754e+00 
1.428039e+02 1.247790e+02 9.767720e-01 4.518274e-05 5.346856e+01 3.327694e+00 4.596820e-05 5.380223e+01 3.260432e+00 
1.438683e+02 1.247790e+02 9.767720e-01 4.518274e-05 5.346856e+01 3.327694e+00 4.596896e-05 5.380276e+01 3.258079e+00 
1.449326e+02 1.247790e+02 9.767720e-01 4.518274e-05 5.346856e+01 3.327694e+00 4.596978e-05 5.380333e+01 3.255695e+00 
1.459970e+02 1.247790e+02 9.767720e-01 4.518274e-05 5.346856e+01 3.327694e+00 4.597064e-05 5.380393e+01 3.253278e+00 
1.470613e+02 1.247790e+02 9.767720e-01 4.518274e-05 5.346856e+01 3.327694e+00 4.597156e-05 5.380456e+01 3.250826e+00 
1.481257e+02 1.247790e+02 9.767720e-01 4.518274e-05 5.346856e+01 3.327694e+00 4.597253e-05 5.380523e+01 3.248336e+00 
1.491900e+02 1.247790e+02 9.767720e-01 4.518274e-05 5.346856e+01 3.327694e+00 4.597355e-05 5.380593e+01 3.245806e+00 
