# 1,2,3, 4    , 5    , 6    , 7    , 8    , 9     
# x,y,z, Bx_si, By_si, Bz_si, In_si, Ic_si, Dc_si 
1.002300e+02 1.247790e+02 1.207864e+00 2.119348e-06 1.224829e-07 8.184567e-07 2.275195e-06 -2.108364e+01 8.669240e+01 
1.012943e+02 1.247790e+02 2.255164e+00 2.378793e-06 1.907416e-07 1.298749e-07 2.389959e-06 -3.115096e+00 8.541559e+01 
1.023587e+02 1.247790e+02 3.211530e+00 2.437718e-06 2.756828e-07 -7.135521e-07 2.554922e-06 1.621755e+01 8.354780e+01 
1.034230e+02 1.247790e+02 4.008937e+00 2.162384e-06 3.666116e-07 -1.607788e-06 2.719429e-06 3.624383e+01 8.037755e+01 
1.044874e+02 1.247790e+02 4.590665e+00 1.519432e-06 4.417320e-07 -2.343665e-06 2.827821e-06 5.597450e+01 7.378970e+01 
1.055517e+02 1.247790e+02 4.915335e+00 6.452228e-07 4.834243e-07 -2.752296e-06 2.867951e-06 7.367305e+01 5.315812e+01 
1.066161e+02 1.247790e+02 4.959853e+00 -2.994660e-07 4.888567e-07 -2.806073e-06 2.864037e-06 7.845320e+01 -3.149099e+01 
1.076804e+02 1.247790e+02 4.721053e+00 -1.210151e-06 4.583855e-07 -2.508311e-06 2.822447e-06 6.271045e+01 -6.925413e+01 
1.087448e+02 1.247790e+02 4.215920e+00 -1.945684e-06 3.923165e-07 -1.862437e-06 2.721814e-06 4.317768e+01 -7.860006e+01 
1.098091e+02 1.247790e+02 3.480385e+00 -2.342688e-06 3.034682e-07 -9.915062e-07 2.561907e-06 2.276913e+01 -8.261909e+01 
1.108735e+02 1.247790e+02 2.566767e+00 -2.376466e-06 2.146226e-07 -1.139269e-07 2.388856e-06 2.733530e+00 -8.483952e+01 
1.119378e+02 1.247790e+02 1.540052e+00 -2.167494e-06 1.404691e-07 6.283895e-07 2.261114e-06 -1.613560e+01 -8.629201e+01 
1.130022e+02 1.247790e+02 4.732709e-01 -1.840899e-06 8.368375e-08 1.207437e-06 2.203137e-06 -3.323356e+01 -8.739723e+01 
1.140665e+02 1.247790e+02 -5.576963e-01 -1.477233e-06 4.162275e-08 1.645582e-06 2.211762e-06 -4.807448e+01 -8.838605e+01 
1.151309e+02 1.247790e+02 -1.479516e+00 -1.113307e-06 1.110692e-08 1.970245e-06 2.263060e-06 -6.052972e+01 -8.942841e+01 
1.161952e+02 1.247790e+02 -2.226619e+00 -7.660793e-07 -1.011361e-08 2.200196e-06 2.329773e-06 -7.080101e+01 -9.075636e+01 
1.172596e+02 1.247790e+02 -2.745863e+00 -4.361872e-07 -2.344905e-08 2.346648e-06 2.386957e-06 -7.945535e+01 -9.307721e+01 
1.183239e+02 1.247790e+02 -3.000315e+00 -1.192723e-07 -2.965845e-08 2.415252e-06 2.418377e-06 -8.708691e+01 -1.039641e+02 
1.193883e+02 1.247790e+02 -2.971874e+00 1.937510e-07 -2.902233e-08 2.407905e-06 2.415861e-06 -8.534853e+01 9.851910e+01 
1.204526e+02 1.247790e+02 -2.662564e+00 5.128399e-07 -2.151785e-08 2.324482e-06 2.380480e-06 -7.754780e+01 9.240262e+01 
1.215170e+02 1.247790e+02 -2.094387e+00 8.460565e-07 -6.758342e-09 2.162261e-06 2.321902e-06 -6.862980e+01 9.045767e+01 
1.225813e+02 1.247790e+02 -1.307757e+00 1.198305e-06 1.612077e-08 1.914734e-06 2.258850e-06 -5.795795e+01 8.922925e+01 
1.236457e+02 1.247790e+02 -3.586271e-01 1.563846e-06 4.860596e-08 1.570076e-06 2.216555e-06 -4.510007e+01 8.821976e+01 
1.247100e+02 1.247790e+02 6.854902e-01 1.925483e-06 9.330217e-08 1.106194e-06 2.222579e-06 -2.984846e+01 8.722582e+01 
1.257743e+02 1.247790e+02 1.750327e+00 2.236588e-06 1.533689e-07 4.958635e-07 2.296025e-06 -1.247221e+01 8.607721e+01 
1.268387e+02 1.247790e+02 2.760140e+00 2.410240e-06 2.308976e-07 -2.780710e-07 2.437190e-06 6.551425e+00 8.452784e+01 
1.279030e+02 1.247790e+02 3.643101e+00 2.310712e-06 3.212889e-07 -1.169382e-06 2.609611e-06 2.662223e+01 8.208416e+01 
1.289674e+02 1.247790e+02 4.336405e+00 1.839110e-06 4.073510e-07 -2.012458e-06 2.756492e-06 4.689306e+01 7.751098e+01 
1.300317e+02 1.247790e+02 4.790737e+00 1.054251e-06 4.667225e-07 -2.593015e-06 2.837781e-06 6.602846e+01 6.612077e+01 
1.310961e+02 1.247790e+02 4.973780e+00 1.284744e-07 4.898598e-07 -2.819281e-06 2.864405e-06 7.981657e+01 1.469585e+01 
1.321604e+02 1.247790e+02 4.872513e+00 -8.114248e-07 4.772635e-07 -2.695636e-06 2.855283e-06 7.074965e+01 -5.953683e+01 
1.332248e+02 1.247790e+02 4.494141e+00 -1.654351e-06 4.282028e-07 -2.215329e-06 2.797841e-06 5.235399e+01 -7.548836e+01 
1.342891e+02 1.247790e+02 3.865577e+00 -2.230554e-06 3.480255e-07 -1.430032e-06 2.672356e-06 3.235209e+01 -8.113184e+01 
1.353535e+02 1.247790e+02 3.031531e+00 -2.431759e-06 2.566096e-07 -5.302333e-07 2.502089e-06 1.223467e+01 -8.397620e+01 
1.364178e+02 1.247790e+02 2.051329e+00 -2.322132e-06 1.745810e-07 2.859273e-07 2.346174e-06 -7.000015e+00 -8.570052e+01 
1.374822e+02 1.247790e+02 9.946926e-01 -2.038151e-06 1.096099e-07 9.431187e-07 2.248454e-06 -2.480000e+01 -8.692165e+01 
1.385465e+02 1.247790e+02 -6.321798e-02 -1.684299e-06 6.099614e-08 1.445318e-06 2.220254e-06 -4.061476e+01 -8.792596e+01 
1.396109e+02 1.247790e+02 -1.047154e+00 -1.316308e-06 2.535013e-08 1.821935e-06 2.247834e-06 -5.414767e+01 -8.889671e+01 
1.406752e+02 1.247790e+02 -1.887127e+00 -9.588185e-07 9.080016e-11 2.094755e-06 2.303765e-06 -6.540532e+01 -8.999457e+01 
1.417396e+02 1.247790e+02 -2.523389e+00 -6.196550e-07 -1.678636e-08 2.280384e-06 2.363135e-06 -7.479261e+01 -9.155175e+01 
1.428039e+02 1.247790e+02 -2.910683e+00 -2.970103e-07 -2.619321e-08 2.385566e-06 2.404127e-06 -8.287576e+01 -9.503985e+01 
1.438683e+02 1.247790e+02 -3.021461e+00 1.675889e-08 -2.866750e-08 2.414208e-06 2.414436e-06 -8.921196e+01 1.496896e+02 
1.449326e+02 1.247790e+02 -2.847843e+00 3.312632e-07 -2.433346e-08 2.367126e-06 2.390317e-06 -8.201240e+01 9.420121e+01 
1.459970e+02 1.247790e+02 -2.402178e+00 6.560624e-07 -1.298154e-08 2.242844e-06 2.336865e-06 -7.369206e+01 9.113357e+01 
1.470613e+02 1.247790e+02 -1.716167e+00 9.977367e-07 5.917576e-09 2.037670e-06 2.268835e-06 -6.391112e+01 8.966018e+01 
1.481257e+02 1.247790e+02 -8.386058e-01 1.356168e-06 3.367060e-08 1.741216e-06 2.207296e-06 -5.207776e+01 8.857777e+01 
1.491900e+02 1.247790e+02 1.680840e-01 1.721955e-06 7.214340e-08 1.338272e-06 2.182042e-06 -3.782937e+01 8.760093e+01 
