# 1    , 2      , 3      , 4      , 5      , 6      , 7       
# dmeas, Bx_siB0, By_siB0, Bz_siB0, In_siB0, Ic_siB0, Dc_siB0 
0.000000e+00 2.697278e-05 3.680548e-06 3.548724e-05 4.472608e-05 5.250771e+01 7.770258e+00 
0.000000e+00 2.704104e-05 3.939993e-06 3.617583e-05 4.533687e-05 5.293325e+01 8.289899e+00 
0.000000e+00 2.712598e-05 3.998918e-06 3.701925e-05 4.606773e-05 5.347365e+01 8.386152e+00 
0.000000e+00 2.721691e-05 3.723584e-06 3.791349e-05 4.681942e-05 5.407457e+01 7.790352e+00 
0.000000e+00 2.729203e-05 3.080632e-06 3.864937e-05 4.741433e-05 5.460131e+01 6.440095e+00 
0.000000e+00 2.733372e-05 2.206423e-06 3.905800e-05 4.772345e-05 5.492729e+01 4.615002e+00 
0.000000e+00 2.733916e-05 1.261734e-06 3.911177e-05 4.773628e-05 5.501780e+01 2.642392e+00 
0.000000e+00 2.730869e-05 3.510490e-07 3.881401e-05 4.745961e-05 5.486840e+01 7.364881e-01 
0.000000e+00 2.724262e-05 -3.844844e-07 3.816814e-05 4.689472e-05 5.447985e+01 -8.085812e-01 
0.000000e+00 2.715377e-05 -7.814882e-07 3.729721e-05 4.614130e-05 5.393269e+01 -1.648523e+00 
0.000000e+00 2.706492e-05 -8.152661e-07 3.641963e-05 4.538242e-05 5.337000e+01 -1.725377e+00 
0.000000e+00 2.699077e-05 -6.062940e-07 3.567731e-05 4.474081e-05 5.288464e+01 -1.286819e+00 
0.000000e+00 2.693398e-05 -2.796986e-07 3.509826e-05 4.424258e-05 5.249631e+01 -5.949724e-01 
0.000000e+00 2.689192e-05 8.396659e-08 3.466012e-05 4.386920e-05 5.219287e+01 1.788982e-01 
0.000000e+00 2.686141e-05 4.478931e-07 3.433546e-05 4.359655e-05 5.195926e+01 9.552740e-01 
0.000000e+00 2.684019e-05 7.951207e-07 3.410550e-05 4.340752e-05 5.178592e+01 1.696849e+00 
0.000000e+00 2.682685e-05 1.125013e-06 3.395905e-05 4.329160e-05 5.166761e+01 2.401353e+00 
0.000000e+00 2.682064e-05 1.441928e-06 3.389045e-05 4.324336e-05 5.160194e+01 3.077365e+00 
0.000000e+00 2.682128e-05 1.754951e-06 3.389780e-05 4.326108e-05 5.158799e+01 3.743601e+00 
0.000000e+00 2.682878e-05 2.074040e-06 3.398122e-05 4.334522e-05 5.162523e+01 4.420545e+00 
0.000000e+00 2.684354e-05 2.407256e-06 3.414344e-05 4.349879e-05 5.171406e+01 5.124423e+00 
0.000000e+00 2.686642e-05 2.759505e-06 3.439097e-05 4.372823e-05 5.185690e+01 5.864402e+00 
0.000000e+00 2.689891e-05 3.125046e-06 3.473562e-05 4.404408e-05 5.206009e+01 6.626769e+00 
0.000000e+00 2.694360e-05 3.486683e-06 3.519951e-05 4.446482e-05 5.233773e+01 7.373482e+00 
0.000000e+00 2.700367e-05 3.797788e-06 3.580984e-05 4.501073e-05 5.271049e+01 8.005555e+00 
0.000000e+00 2.708120e-05 3.971440e-06 3.658377e-05 4.568956e-05 5.319729e+01 8.342921e+00 
0.000000e+00 2.717159e-05 3.871912e-06 3.747508e-05 4.645071e-05 5.378163e+01 8.109966e+00 
0.000000e+00 2.725765e-05 3.400310e-06 3.831816e-05 4.714682e-05 5.436461e+01 7.110742e+00 
0.000000e+00 2.731702e-05 2.615451e-06 3.889871e-05 4.760431e-05 5.479811e+01 5.469077e+00 
0.000000e+00 2.734016e-05 1.689674e-06 3.912498e-05 4.776090e-05 5.500323e+01 3.536491e+00 
0.000000e+00 2.732756e-05 7.497752e-07 3.900134e-05 4.762837e-05 5.497160e+01 1.571607e+00 
0.000000e+00 2.727850e-05 -9.315052e-08 3.852103e-05 4.720164e-05 5.469579e+01 -1.956526e-01 
0.000000e+00 2.719833e-05 -6.693537e-07 3.773573e-05 4.652077e-05 5.420930e+01 -1.409771e+00 
0.000000e+00 2.710691e-05 -8.705593e-07 3.683593e-05 4.574307e-05 5.363721e+01 -1.839466e+00 
0.000000e+00 2.702488e-05 -7.609323e-07 3.601977e-05 4.503718e-05 5.310897e+01 -1.612836e+00 
0.000000e+00 2.695991e-05 -4.769508e-07 3.536258e-05 4.446995e-05 5.267432e+01 -1.013520e+00 
0.000000e+00 2.691130e-05 -1.230986e-07 3.486038e-05 4.403952e-05 5.233252e+01 -2.620826e-01 
0.000000e+00 2.687565e-05 2.448918e-07 3.448376e-05 4.372060e-05 5.206703e+01 5.220665e-01 
0.000000e+00 2.685039e-05 6.023815e-07 3.421094e-05 4.349362e-05 5.186647e+01 1.285200e+00 
0.000000e+00 2.683351e-05 9.415450e-07 3.402532e-05 4.334335e-05 5.172235e+01 2.009593e+00 
0.000000e+00 2.682411e-05 1.264190e-06 3.392013e-05 4.326322e-05 5.163206e+01 2.698288e+00 
0.000000e+00 2.682163e-05 1.577959e-06 3.389149e-05 4.324955e-05 5.159383e+01 3.366920e+00 
0.000000e+00 2.682597e-05 1.892463e-06 3.393857e-05 4.330174e-05 5.160699e+01 4.035300e+00 
0.000000e+00 2.683732e-05 2.217262e-06 3.406286e-05 4.342161e-05 5.167149e+01 4.722972e+00 
0.000000e+00 2.685622e-05 2.558937e-06 3.426803e-05 4.361310e-05 5.178805e+01 5.442873e+00 
0.000000e+00 2.688397e-05 2.917368e-06 3.456448e-05 4.388579e-05 5.196187e+01 6.193331e+00 
0.000000e+00 2.692244e-05 3.283155e-06 3.496743e-05 4.425289e-05 5.220166e+01 6.952810e+00 
