# 1, 2, 3, 4     , 5     , 6     , 7   , 8   , 9   , 10  
# x, y, z, Bbx_si, Bby_si, Bbz_si, In_si, Ic_si, Dc_si, dmeas 
1.002300e+02 1.247790e+02 1.000000e+00 3.695296e-09 -9.071625e-08 -2.908386e-07 3.046805e-07 7.266313e+01 1.776674e+02 
1.012943e+02 1.247790e+02 1.000000e+00 3.509772e-09 -9.083109e-08 -2.902108e-07 3.041134e-07 7.260857e+01 1.777872e+02 
1.023587e+02 1.247790e+02 1.000000e+00 3.328010e-09 -9.094082e-08 -2.896150e-07 3.035757e-07 7.255644e+01 1.779042e+02 
1.034230e+02 1.247790e+02 1.000000e+00 3.149786e-09 -9.104545e-08 -2.890506e-07 3.030667e-07 7.250674e+01 1.780186e+02 
1.044874e+02 1.247790e+02 1.000000e+00 2.974881e-09 -9.114500e-08 -2.885169e-07 3.025859e-07 7.245945e+01 1.781306e+02 
1.055517e+02 1.247790e+02 1.000000e+00 2.803088e-09 -9.123946e-08 -2.880133e-07 3.021327e-07 7.241459e+01 1.782403e+02 
1.066161e+02 1.247790e+02 1.000000e+00 2.634206e-09 -9.132884e-08 -2.875394e-07 3.017065e-07 7.237213e+01 1.783479e+02 
1.076804e+02 1.247790e+02 1.000000e+00 2.468039e-09 -9.141316e-08 -2.870948e-07 3.013069e-07 7.233209e+01 1.784535e+02 
1.087448e+02 1.247790e+02 1.000000e+00 2.304401e-09 -9.149241e-08 -2.866788e-07 3.009334e-07 7.229446e+01 1.785572e+02 
1.098091e+02 1.247790e+02 1.000000e+00 2.143108e-09 -9.156661e-08 -2.862911e-07 3.005855e-07 7.225923e+01 1.786592e+02 
1.108735e+02 1.247790e+02 1.000000e+00 1.983984e-09 -9.163575e-08 -2.859314e-07 3.002629e-07 7.222640e+01 1.787597e+02 
1.119378e+02 1.247790e+02 1.000000e+00 1.826858e-09 -9.169985e-08 -2.855992e-07 2.999652e-07 7.219597e+01 1.788587e+02 
1.130022e+02 1.247790e+02 1.000000e+00 1.671562e-09 -9.175892e-08 -2.852943e-07 2.996920e-07 7.216793e+01 1.789564e+02 
1.140665e+02 1.247790e+02 1.000000e+00 1.517932e-09 -9.181294e-08 -2.850162e-07 2.994431e-07 7.214229e+01 1.790528e+02 
1.151309e+02 1.247790e+02 1.000000e+00 1.365809e-09 -9.186194e-08 -2.847648e-07 2.992181e-07 7.211903e+01 1.791482e+02 
1.161952e+02 1.247790e+02 1.000000e+00 1.215038e-09 -9.190591e-08 -2.845398e-07 2.990169e-07 7.209816e+01 1.792426e+02 
1.172596e+02 1.247790e+02 1.000000e+00 1.065464e-09 -9.194486e-08 -2.843410e-07 2.988391e-07 7.207968e+01 1.793361e+02 
1.183239e+02 1.247790e+02 1.000000e+00 9.169373e-10 -9.197880e-08 -2.841682e-07 2.986846e-07 7.206358e+01 1.794288e+02 
1.193883e+02 1.247790e+02 1.000000e+00 7.693094e-10 -9.200771e-08 -2.840212e-07 2.985533e-07 7.204986e+01 1.795209e+02 
1.204526e+02 1.247790e+02 1.000000e+00 6.224336e-10 -9.203161e-08 -2.838999e-07 2.984449e-07 7.203851e+01 1.796125e+02 
1.215170e+02 1.247790e+02 1.000000e+00 4.761658e-10 -9.205051e-08 -2.838041e-07 2.983593e-07 7.202955e+01 1.797036e+02 
1.225813e+02 1.247790e+02 1.000000e+00 3.303619e-10 -9.206439e-08 -2.837338e-07 2.982965e-07 7.202296e+01 1.797944e+02 
1.236457e+02 1.247790e+02 1.000000e+00 1.848797e-10 -9.207326e-08 -2.836889e-07 2.982564e-07 7.201875e+01 1.798850e+02 
1.247100e+02 1.247790e+02 1.000000e+00 3.957751e-11 -9.207713e-08 -2.836693e-07 2.982389e-07 7.201692e+01 1.799754e+02 
1.257743e+02 1.247790e+02 1.000000e+00 -1.056863e-10 -9.207599e-08 -2.836751e-07 2.982441e-07 7.201746e+01 -1.799342e+02 
1.268387e+02 1.247790e+02 1.000000e+00 -2.510528e-10 -9.206985e-08 -2.837062e-07 2.982719e-07 7.202038e+01 -1.798438e+02 
1.279030e+02 1.247790e+02 1.000000e+00 -3.966638e-10 -9.205869e-08 -2.837626e-07 2.983223e-07 7.202567e+01 -1.797531e+02 
1.289674e+02 1.247790e+02 1.000000e+00 -5.426613e-10 -9.204253e-08 -2.838445e-07 2.983954e-07 7.203334e+01 -1.796622e+02 
1.300317e+02 1.247790e+02 1.000000e+00 -6.891879e-10 -9.202136e-08 -2.839519e-07 2.984914e-07 7.204338e+01 -1.795709e+02 
1.310961e+02 1.247790e+02 1.000000e+00 -8.363877e-10 -9.199517e-08 -2.840849e-07 2.986102e-07 7.205580e+01 -1.794791e+02 
1.321604e+02 1.247790e+02 1.000000e+00 -9.844065e-10 -9.196398e-08 -2.842436e-07 2.987521e-07 7.207061e+01 -1.793867e+02 
1.332248e+02 1.247790e+02 1.000000e+00 -1.133391e-09 -9.192776e-08 -2.844283e-07 2.989171e-07 7.208779e+01 -1.792936e+02 
1.342891e+02 1.247790e+02 1.000000e+00 -1.283491e-09 -9.188653e-08 -2.846390e-07 2.991055e-07 7.210736e+01 -1.791997e+02 
1.353535e+02 1.247790e+02 1.000000e+00 -1.434858e-09 -9.184027e-08 -2.848759e-07 2.993176e-07 7.212932e+01 -1.791049e+02 
1.364178e+02 1.247790e+02 1.000000e+00 -1.587647e-09 -9.178898e-08 -2.851394e-07 2.995534e-07 7.215366e+01 -1.790091e+02 
1.374822e+02 1.247790e+02 1.000000e+00 -1.742015e-09 -9.173266e-08 -2.854297e-07 2.998133e-07 7.218039e+01 -1.789121e+02 
1.385465e+02 1.247790e+02 1.000000e+00 -1.898124e-09 -9.167131e-08 -2.857470e-07 3.000976e-07 7.220952e+01 -1.788138e+02 
1.396109e+02 1.247790e+02 1.000000e+00 -2.056138e-09 -9.160491e-08 -2.860917e-07 3.004066e-07 7.224104e+01 -1.787142e+02 
1.406752e+02 1.247790e+02 1.000000e+00 -2.216227e-09 -9.153347e-08 -2.864641e-07 3.007407e-07 7.227496e+01 -1.786130e+02 
1.417396e+02 1.247790e+02 1.000000e+00 -2.378565e-09 -9.145697e-08 -2.868645e-07 3.011002e-07 7.231129e+01 -1.785102e+02 
1.428039e+02 1.247790e+02 1.000000e+00 -2.543331e-09 -9.137542e-08 -2.872935e-07 3.014855e-07 7.235002e+01 -1.784056e+02 
1.438683e+02 1.247790e+02 1.000000e+00 -2.710710e-09 -9.128880e-08 -2.877514e-07 3.018971e-07 7.239115e+01 -1.782992e+02 
1.449326e+02 1.247790e+02 1.000000e+00 -2.880893e-09 -9.119710e-08 -2.882387e-07 3.023356e-07 7.243470e+01 -1.781906e+02 
1.459970e+02 1.247790e+02 1.000000e+00 -3.054076e-09 -9.110033e-08 -2.887560e-07 3.028013e-07 7.248067e+01 -1.780799e+02 
1.470613e+02 1.247790e+02 1.000000e+00 -3.230465e-09 -9.099847e-08 -2.893036e-07 3.032948e-07 7.252906e+01 -1.779668e+02 
1.481257e+02 1.247790e+02 1.000000e+00 -3.410272e-09 -9.089152e-08 -2.898823e-07 3.038168e-07 7.257987e+01 -1.778513e+02 
1.491900e+02 1.247790e+02 1.000000e+00 -3.593717e-09 -9.077946e-08 -2.904925e-07 3.043678e-07 7.263310e+01 -1.777330e+02 
