# 1 , 2 , 3 , 4      , 5      , 6      , 7      , 8      , 9      , 10 (pm), 11 (pm), 12 (pm)  
# xm, ym, zm, IGRF_In, IGRF_Ic, IGRF_Dc, In_siB0, Ic_siB0, Dc_siB0, Bx_siB0, By_siB0, Bz_siB0  
1.002300e+02 1.247790e+02 1.207864e+00 4.518274e-05 5.346856e+01 3.327694e+00 4.490312e-05 5.282407e+01 7.803888e+00 2.688207e-05 3.684244e-06 3.577808e-05 
1.012943e+02 1.247790e+02 2.255164e+00 4.518274e-05 5.346856e+01 3.327694e+00 4.551524e-05 5.324322e+01 8.324754e+00 2.695021e-05 3.943503e-06 3.646604e-05 
1.023587e+02 1.247790e+02 3.211530e+00 4.518274e-05 5.346856e+01 3.327694e+00 4.624784e-05 5.377629e+01 8.420860e+00 2.703504e-05 4.002246e-06 3.730887e-05 
1.034230e+02 1.247790e+02 4.008937e+00 4.518274e-05 5.346856e+01 3.327694e+00 4.700144e-05 5.436993e+01 7.822706e+00 2.712587e-05 3.726734e-06 3.820254e-05 
1.044874e+02 1.247790e+02 4.590665e+00 4.518274e-05 5.346856e+01 3.327694e+00 4.759785e-05 5.489103e+01 6.467679e+00 2.720089e-05 3.083607e-06 3.893788e-05 
1.055517e+02 1.247790e+02 4.915335e+00 4.518274e-05 5.346856e+01 3.327694e+00 4.790764e-05 5.521402e+01 4.636249e+00 2.724248e-05 2.209226e-06 3.934601e-05 
1.066161e+02 1.247790e+02 4.959853e+00 4.518274e-05 5.346856e+01 3.327694e+00 4.792023e-05 5.530416e+01 2.656763e+00 2.724783e-05 1.264368e-06 3.939931e-05 
1.076804e+02 1.247790e+02 4.721053e+00 4.518274e-05 5.346856e+01 3.327694e+00 4.764243e-05 5.515695e+01 7.441561e-01 2.721727e-05 3.535171e-07 3.910111e-05 
1.087448e+02 1.247790e+02 4.215920e+00 4.518274e-05 5.346856e+01 3.327694e+00 4.707550e-05 5.477322e+01 -8.064437e-01 2.715112e-05 -3.821800e-07 3.845482e-05 
1.098091e+02 1.247790e+02 3.480385e+00 4.518274e-05 5.346856e+01 3.327694e+00 4.631943e-05 5.423276e+01 -1.649564e+00 2.706220e-05 -7.793451e-07 3.758350e-05 
1.108735e+02 1.247790e+02 2.566767e+00 4.518274e-05 5.346856e+01 3.327694e+00 4.555785e-05 5.367706e+01 -1.727024e+00 2.697329e-05 -8.132821e-07 3.670556e-05 
1.119378e+02 1.247790e+02 1.540052e+00 4.518274e-05 5.346856e+01 3.327694e+00 4.491388e-05 5.319779e+01 -1.287315e+00 2.689907e-05 -6.044671e-07 3.596291e-05 
1.130022e+02 1.247790e+02 4.732709e-01 4.518274e-05 5.346856e+01 3.327694e+00 4.441372e-05 5.281430e+01 -5.934385e-01 2.684222e-05 -2.780271e-07 3.538356e-05 
1.140665e+02 1.247790e+02 -5.576963e-01 4.518274e-05 5.346856e+01 3.327694e+00 4.403880e-05 5.251455e+01 1.827562e-01 2.680011e-05 8.548453e-08 3.494513e-05 
1.151309e+02 1.247790e+02 -1.479516e+00 4.518274e-05 5.346856e+01 3.327694e+00 4.376494e-05 5.228367e+01 9.614740e-01 2.676954e-05 4.492589e-07 3.462022e-05 
1.161952e+02 1.247790e+02 -2.226619e+00 4.518274e-05 5.346856e+01 3.327694e+00 4.357499e-05 5.211223e+01 1.705276e+00 2.674828e-05 7.963358e-07 3.439004e-05 
1.172596e+02 1.247790e+02 -2.745863e+00 4.518274e-05 5.346856e+01 3.327694e+00 4.345841e-05 5.199508e+01 2.411881e+00 2.673491e-05 1.126078e-06 3.424339e-05 
1.183239e+02 1.247790e+02 -3.000315e+00 4.518274e-05 5.346856e+01 3.327694e+00 4.340976e-05 5.192986e+01 3.089895e+00 2.672866e-05 1.442845e-06 3.417462e-05 
1.193883e+02 1.247790e+02 -2.971874e+00 4.518274e-05 5.346856e+01 3.327694e+00 4.342733e-05 5.191567e+01 3.758092e+00 2.672927e-05 1.755720e-06 3.418182e-05 
1.204526e+02 1.247790e+02 -2.662564e+00 4.518274e-05 5.346856e+01 3.327694e+00 4.351157e-05 5.195198e+01 4.437027e+00 2.673675e-05 2.074662e-06 3.426512e-05 
1.215170e+02 1.247790e+02 -2.094387e+00 4.518274e-05 5.346856e+01 3.327694e+00 4.366548e-05 5.203917e+01 5.142974e+00 2.675149e-05 2.407733e-06 3.442724e-05 
1.225813e+02 1.247790e+02 -1.307757e+00 4.518274e-05 5.346856e+01 3.327694e+00 4.389553e-05 5.217961e+01 5.885125e+00 2.677436e-05 2.759836e-06 3.467470e-05 
1.236457e+02 1.247790e+02 -3.586271e-01 4.518274e-05 5.346856e+01 3.327694e+00 4.421228e-05 5.237958e+01 6.649716e+00 2.680683e-05 3.125231e-06 3.501931e-05 
1.247100e+02 1.247790e+02 6.854902e-01 4.518274e-05 5.346856e+01 3.327694e+00 4.463426e-05 5.265301e+01 7.398570e+00 2.685153e-05 3.486723e-06 3.548317e-05 
1.257743e+02 1.247790e+02 1.750327e+00 4.518274e-05 5.346856e+01 3.327694e+00 4.518183e-05 5.302044e+01 8.032368e+00 2.691159e-05 3.797682e-06 3.609351e-05 
1.268387e+02 1.247790e+02 2.760140e+00 4.518274e-05 5.346856e+01 3.327694e+00 4.586278e-05 5.350078e+01 8.370457e+00 2.698913e-05 3.971189e-06 3.686748e-05 
1.279030e+02 1.247790e+02 3.643101e+00 4.518274e-05 5.346856e+01 3.327694e+00 4.662639e-05 5.407806e+01 8.136346e+00 2.707953e-05 3.871515e-06 3.775884e-05 
1.289674e+02 1.247790e+02 4.336405e+00 4.518274e-05 5.346856e+01 3.327694e+00 4.732487e-05 5.465477e+01 7.133460e+00 2.716561e-05 3.399767e-06 3.860200e-05 
1.300317e+02 1.247790e+02 4.790737e+00 4.518274e-05 5.346856e+01 3.327694e+00 4.778409e-05 5.508420e+01 5.486012e+00 2.722500e-05 2.614762e-06 3.918267e-05 
1.310961e+02 1.247790e+02 4.973780e+00 4.518274e-05 5.346856e+01 3.327694e+00 4.794152e-05 5.528789e+01 3.546649e+00 2.724816e-05 1.688838e-06 3.940907e-05 
1.321604e+02 1.247790e+02 4.872513e+00 4.518274e-05 5.346856e+01 3.327694e+00 4.780895e-05 5.525737e+01 1.574841e+00 2.723560e-05 7.487908e-07 3.928558e-05 
1.332248e+02 1.247790e+02 4.494141e+00 4.518274e-05 5.346856e+01 3.327694e+00 4.738124e-05 5.498528e+01 -1.987028e-01 2.718658e-05 -9.428391e-08 3.880546e-05 
1.342891e+02 1.247790e+02 3.865577e+00 4.518274e-05 5.346856e+01 3.327694e+00 4.669858e-05 5.450493e+01 -1.417259e+00 2.710644e-05 -6.706372e-07 3.802037e-05 
1.353535e+02 1.247790e+02 3.031531e+00 4.518274e-05 5.346856e+01 3.327694e+00 4.591872e-05 5.394015e+01 -1.848755e+00 2.701507e-05 -8.719942e-07 3.712081e-05 
1.364178e+02 1.247790e+02 2.051329e+00 4.518274e-05 5.346856e+01 3.327694e+00 4.521083e-05 5.341885e+01 -1.621704e+00 2.693309e-05 -7.625199e-07 3.630491e-05 
1.374822e+02 1.247790e+02 9.946926e-01 4.518274e-05 5.346856e+01 3.327694e+00 4.464201e-05 5.299002e+01 -1.020694e+00 2.686818e-05 -4.786928e-07 3.564801e-05 
1.385465e+02 1.247790e+02 -6.321798e-02 4.518274e-05 5.346856e+01 3.327694e+00 4.421039e-05 5.265284e+01 -2.670334e-01 2.681962e-05 -1.249968e-07 3.514613e-05 
1.396109e+02 1.247790e+02 -1.047154e+00 4.518274e-05 5.346856e+01 3.327694e+00 4.389063e-05 5.239095e+01 5.194538e-01 2.678405e-05 2.428356e-07 3.476986e-05 
1.406752e+02 1.247790e+02 -1.887127e+00 4.518274e-05 5.346856e+01 3.327694e+00 4.366312e-05 5.219310e+01 1.284852e+00 2.675886e-05 6.001653e-07 3.449741e-05 
1.417396e+02 1.247790e+02 -2.523389e+00 4.518274e-05 5.346856e+01 3.327694e+00 4.351259e-05 5.205092e+01 2.011370e+00 2.674206e-05 9.391665e-07 3.431218e-05 
1.428039e+02 1.247790e+02 -2.910683e+00 4.518274e-05 5.346856e+01 3.327694e+00 4.343246e-05 5.196183e+01 2.702059e+00 2.673273e-05 1.261646e-06 3.420743e-05 
1.438683e+02 1.247790e+02 -3.021461e+00 4.518274e-05 5.346856e+01 3.327694e+00 4.341904e-05 5.192412e+01 3.372602e+00 2.673034e-05 1.575248e-06 3.417924e-05 
1.449326e+02 1.247790e+02 -2.847843e+00 4.518274e-05 5.346856e+01 3.327694e+00 4.347175e-05 5.193712e+01 4.042876e+00 2.673477e-05 1.889582e-06 3.422681e-05 
1.459970e+02 1.247790e+02 -2.402178e+00 4.518274e-05 5.346856e+01 3.327694e+00 4.359239e-05 5.200073e+01 4.732488e+00 2.674622e-05 2.214208e-06 3.435161e-05 
1.470613e+02 1.247790e+02 -1.716167e+00 4.518274e-05 5.346856e+01 3.327694e+00 4.378490e-05 5.211569e+01 5.454413e+00 2.676522e-05 2.555706e-06 3.455733e-05 
1.481257e+02 1.247790e+02 -8.386058e-01 4.518274e-05 5.346856e+01 3.327694e+00 4.405890e-05 5.228708e+01 6.206969e+00 2.679308e-05 2.913957e-06 3.485437e-05 
1.491900e+02 1.247790e+02 1.680840e-01 4.518274e-05 5.346856e+01 3.327694e+00 4.442763e-05 5.252354e+01 6.968541e+00 2.683166e-05 3.279561e-06 3.525792e-05 
