# 1 , 2 , 3 , 4      , 5      , 6      , 7      , 8      , 9      , 10 (pm), 11 (pm), 12 (pm)  
# xm, ym, zm, IGRF_In, IGRF_Ic, IGRF_Dc, In_siB0, Ic_siB0, Dc_siB0, Bx_siB0, By_siB0, Bz_siB0  
1.002300e+02 1.247790e+02 2.054321e+00 4.518274e-05 5.346856e+01 3.327694e+00 4.468377e-05 5.368060e+01 7.150075e+00 2.625976e-05 3.294135e-06 3.600295e-05 
1.012943e+02 1.247790e+02 3.101620e+00 4.518274e-05 5.346856e+01 3.327694e+00 4.514081e-05 5.417338e+01 7.411544e+00 2.620172e-05 3.408377e-06 3.659980e-05 
1.023587e+02 1.247790e+02 4.057986e+00 4.518274e-05 5.346856e+01 3.327694e+00 4.562489e-05 5.472707e+01 7.226757e+00 2.613780e-05 3.314373e-06 3.724864e-05 
1.034230e+02 1.247790e+02 4.855393e+00 4.518274e-05 5.346856e+01 3.327694e+00 4.603783e-05 5.523575e+01 6.516411e+00 2.608122e-05 2.979148e-06 3.782031e-05 
1.044874e+02 1.247790e+02 5.437121e+00 4.518274e-05 5.346856e+01 3.327694e+00 4.629916e-05 5.559330e+01 5.446028e+00 2.604387e-05 2.482981e-06 3.819901e-05 
1.055517e+02 1.247790e+02 5.761791e+00 4.518274e-05 5.346856e+01 3.327694e+00 4.640934e-05 5.578080e+01 4.265579e+00 2.602649e-05 1.941218e-06 3.837552e-05 
1.066161e+02 1.247790e+02 5.806309e+00 4.518274e-05 5.346856e+01 3.327694e+00 4.640556e-05 5.583288e+01 3.081246e+00 2.602409e-05 1.400871e-06 3.839610e-05 
1.076804e+02 1.247790e+02 5.567509e+00 4.518274e-05 5.346856e+01 3.327694e+00 4.629469e-05 5.575763e+01 1.886865e+00 2.603566e-05 8.577165e-07 3.827018e-05 
1.087448e+02 1.247790e+02 5.062376e+00 4.518274e-05 5.346856e+01 3.327694e+00 4.604533e-05 5.551886e+01 7.384466e-01 2.606571e-05 3.359619e-07 3.795575e-05 
1.098091e+02 1.247790e+02 4.326841e+00 4.518274e-05 5.346856e+01 3.327694e+00 4.564357e-05 5.509731e+01 -1.409888e-01 2.611646e-05 -6.426539e-08 3.743343e-05 
1.108735e+02 1.247790e+02 3.413223e+00 4.518274e-05 5.346856e+01 3.327694e+00 4.515415e-05 5.456385e+01 -5.192520e-01 2.617909e-05 -2.372586e-07 3.678989e-05 
1.119378e+02 1.247790e+02 2.386508e+00 4.518274e-05 5.346856e+01 3.327694e+00 4.468071e-05 5.403593e+01 -3.968335e-01 2.623936e-05 -1.817380e-07 3.616391e-05 
1.130022e+02 1.247790e+02 1.319727e+00 4.518274e-05 5.346856e+01 3.327694e+00 4.428495e-05 5.358477e+01 4.962049e-02 2.628899e-05 2.276735e-08 3.563770e-05 
1.140665e+02 1.247790e+02 2.887598e-01 4.518274e-05 5.346856e+01 3.327694e+00 4.397855e-05 5.322565e+01 6.475940e-01 2.632674e-05 2.975745e-07 3.522680e-05 
1.151309e+02 1.247790e+02 -6.330600e-01 4.518274e-05 5.346856e+01 3.327694e+00 4.375237e-05 5.295068e+01 1.291906e+00 2.635420e-05 5.943358e-07 3.491951e-05 
1.161952e+02 1.247790e+02 -1.380163e+00 4.518274e-05 5.346856e+01 3.327694e+00 4.359503e-05 5.274933e+01 1.932668e+00 2.637320e-05 8.899430e-07 3.470142e-05 
1.172596e+02 1.247790e+02 -1.899407e+00 4.518274e-05 5.346856e+01 3.327694e+00 4.349858e-05 5.261446e+01 2.553445e+00 2.638504e-05 1.176655e-06 3.456257e-05 
1.183239e+02 1.247790e+02 -2.153858e+00 4.518274e-05 5.346856e+01 3.327694e+00 4.345867e-05 5.254221e+01 3.156718e+00 2.639045e-05 1.455458e-06 3.449756e-05 
1.193883e+02 1.247790e+02 -2.125418e+00 4.518274e-05 5.346856e+01 3.327694e+00 4.347367e-05 5.253087e+01 3.754454e+00 2.638975e-05 1.731736e-06 3.450423e-05 
1.204526e+02 1.247790e+02 -1.816108e+00 4.518274e-05 5.346856e+01 3.327694e+00 4.354396e-05 5.258020e+01 4.361126e+00 2.638289e-05 2.012048e-06 3.458282e-05 
1.215170e+02 1.247790e+02 -1.247931e+00 4.518274e-05 5.346856e+01 3.327694e+00 4.367193e-05 5.269170e+01 4.987337e+00 2.636950e-05 2.301160e-06 3.473603e-05 
1.225813e+02 1.247790e+02 -4.613009e-01 4.518274e-05 5.346856e+01 3.327694e+00 4.386246e-05 5.286989e+01 5.632648e+00 2.634873e-05 2.598674e-06 3.497008e-05 
1.236457e+02 1.247790e+02 4.878289e-01 4.518274e-05 5.346856e+01 3.327694e+00 4.412347e-05 5.312401e+01 6.275759e+00 2.631916e-05 2.894392e-06 3.529596e-05 
1.247100e+02 1.247790e+02 1.531946e+00 4.518274e-05 5.346856e+01 3.327694e+00 4.446456e-05 5.346824e+01 6.858805e+00 2.627892e-05 3.160930e-06 3.572848e-05 
1.257743e+02 1.247790e+02 2.596783e+00 4.518274e-05 5.346856e+01 3.327694e+00 4.488891e-05 5.391483e+01 7.265793e+00 2.622669e-05 3.343803e-06 3.627663e-05 
1.268387e+02 1.247790e+02 3.606596e+00 4.518274e-05 5.346856e+01 3.327694e+00 4.537146e-05 5.444990e+01 7.317206e+00 2.616480e-05 3.359775e-06 3.691455e-05 
1.279030e+02 1.247790e+02 4.489557e+00 4.518274e-05 5.346856e+01 3.327694e+00 4.583466e-05 5.499781e+01 6.855411e+00 2.610315e-05 3.138219e-06 3.754455e-05 
1.289674e+02 1.247790e+02 5.182861e+00 4.518274e-05 5.346856e+01 3.327694e+00 4.617735e-05 5.543856e+01 5.925100e+00 2.605599e-05 2.704161e-06 3.802790e-05 
1.300317e+02 1.247790e+02 5.637193e+00 4.518274e-05 5.346856e+01 3.327694e+00 4.635916e-05 5.570632e+01 4.772013e+00 2.602982e-05 2.172982e-06 3.830011e-05 
1.310961e+02 1.247790e+02 5.820236e+00 4.518274e-05 5.346856e+01 3.327694e+00 4.640945e-05 5.582068e+01 3.586275e+00 2.602107e-05 1.630849e-06 3.839377e-05 
1.321604e+02 1.247790e+02 5.718969e+00 4.518274e-05 5.346856e+01 3.327694e+00 4.635515e-05 5.581000e+01 2.398416e+00 2.602595e-05 1.090090e-06 3.834399e-05 
1.332248e+02 1.247790e+02 5.340597e+00 4.518274e-05 5.346856e+01 3.327694e+00 4.618027e-05 5.565679e+01 1.211616e+00 2.604672e-05 5.508840e-07 3.812980e-05 
1.342891e+02 1.247790e+02 4.712033e+00 4.518274e-05 5.346856e+01 3.327694e+00 4.585235e-05 5.532212e+01 1.677081e-01 2.608814e-05 7.636173e-08 3.770731e-05 
1.353535e+02 1.247790e+02 3.877987e+00 4.518274e-05 5.346856e+01 3.327694e+00 4.539482e-05 5.482932e+01 -4.692609e-01 2.614718e-05 -2.141541e-07 3.710753e-05 
1.364178e+02 1.247790e+02 2.897785e+00 4.518274e-05 5.346856e+01 3.327694e+00 4.490382e-05 5.428635e+01 -5.715719e-01 2.621061e-05 -2.614808e-07 3.645941e-05 
1.374822e+02 1.247790e+02 1.841149e+00 4.518274e-05 5.346856e+01 3.327694e+00 4.446783e-05 5.379413e+01 -2.543940e-01 2.626637e-05 -1.166238e-07 3.588108e-05 
1.385465e+02 1.247790e+02 7.832381e-01 4.518274e-05 5.346856e+01 3.327694e+00 4.411989e-05 5.339159e+01 2.911035e-01 2.631024e-05 1.336760e-07 3.541635e-05 
1.396109e+02 1.247790e+02 -2.006976e-01 4.518274e-05 5.346856e+01 3.327694e+00 4.385769e-05 5.307829e+01 9.256731e-01 2.634290e-05 4.256340e-07 3.506234e-05 
1.406752e+02 1.247790e+02 -1.040670e+00 4.518274e-05 5.346856e+01 3.327694e+00 4.366964e-05 5.284350e+01 1.575061e+00 2.636625e-05 7.249907e-07 3.480421e-05 
1.417396e+02 1.247790e+02 -1.676933e+00 4.518274e-05 5.346856e+01 3.327694e+00 4.354591e-05 5.267822e+01 2.208550e+00 2.638187e-05 1.017432e-06 3.462959e-05 
1.428039e+02 1.247790e+02 -2.064227e+00 4.518274e-05 5.346856e+01 3.327694e+00 4.348046e-05 5.257710e+01 2.820594e+00 2.639077e-05 1.300233e-06 3.453096e-05 
1.438683e+02 1.247790e+02 -2.175005e+00 4.518274e-05 5.346856e+01 3.327694e+00 4.347042e-05 5.253751e+01 3.419362e+00 2.639346e-05 1.577011e-06 3.450472e-05 
1.449326e+02 1.247790e+02 -2.001387e+00 4.518274e-05 5.346856e+01 3.327694e+00 4.351520e-05 5.255852e+01 4.018859e+00 2.639005e-05 1.854101e-06 3.454997e-05 
1.459970e+02 1.247790e+02 -1.555722e+00 4.518274e-05 5.346856e+01 3.327694e+00 4.361618e-05 5.264067e+01 4.632427e+00 2.638035e-05 2.137541e-06 3.466812e-05 
1.470613e+02 1.247790e+02 -8.697109e-01 4.518274e-05 5.346856e+01 3.327694e+00 4.377689e-05 5.278677e+01 5.266148e+00 2.636377e-05 2.429983e-06 3.486349e-05 
1.481257e+02 1.247790e+02 7.850238e-03 4.518274e-05 5.346856e+01 3.327694e+00 4.400375e-05 5.300355e+01 5.910643e+00 2.633917e-05 2.726833e-06 3.514460e-05 
1.491900e+02 1.247790e+02 1.014540e+00 4.518274e-05 5.346856e+01 3.327694e+00 4.430600e-05 5.330297e+01 6.528556e+00 2.630485e-05 3.010340e-06 3.552484e-05 
