# 1, 2, 3, 4     , 5     , 6     , 7   , 8   , 9   , 10  
# x, y, z, Bbx_si, Bby_si, Bbz_si, In_si, Ic_si, Dc_si, dmeas 
1.002300e+02 1.247790e+02 1.800000e+00 4.189185e-08 -3.243727e-07 -1.036920e-06 1.087279e-06 7.249362e+01 1.726411e+02 
1.012943e+02 1.247790e+02 1.800000e+00 3.982330e-08 -3.247828e-07 -1.035035e-06 1.085526e-06 7.245621e+01 1.730096e+02 
1.023587e+02 1.247790e+02 1.800000e+00 3.779210e-08 -3.251746e-07 -1.033243e-06 1.083862e-06 7.242018e+01 1.733708e+02 
1.034230e+02 1.247790e+02 1.800000e+00 3.579613e-08 -3.255483e-07 -1.031542e-06 1.082285e-06 7.238556e+01 1.737252e+02 
1.044874e+02 1.247790e+02 1.800000e+00 3.383330e-08 -3.259039e-07 -1.029931e-06 1.080794e-06 7.235240e+01 1.740731e+02 
1.055517e+02 1.247790e+02 1.800000e+00 3.190161e-08 -3.262413e-07 -1.028409e-06 1.079387e-06 7.232072e+01 1.744151e+02 
1.066161e+02 1.247790e+02 1.800000e+00 2.999912e-08 -3.265605e-07 -1.026974e-06 1.078062e-06 7.229057e+01 1.747513e+02 
1.076804e+02 1.247790e+02 1.800000e+00 2.812393e-08 -3.268617e-07 -1.025626e-06 1.076819e-06 7.226197e+01 1.750823e+02 
1.087448e+02 1.247790e+02 1.800000e+00 2.627421e-08 -3.271449e-07 -1.024364e-06 1.075656e-06 7.223494e+01 1.754082e+02 
1.098091e+02 1.247790e+02 1.800000e+00 2.444817e-08 -3.274099e-07 -1.023186e-06 1.074572e-06 7.220952e+01 1.757296e+02 
1.108735e+02 1.247790e+02 1.800000e+00 2.264406e-08 -3.276570e-07 -1.022091e-06 1.073565e-06 7.218573e+01 1.760466e+02 
1.119378e+02 1.247790e+02 1.800000e+00 2.086017e-08 -3.278860e-07 -1.021080e-06 1.072636e-06 7.216358e+01 1.763597e+02 
1.130022e+02 1.247790e+02 1.800000e+00 1.909485e-08 -3.280971e-07 -1.020150e-06 1.071783e-06 7.214310e+01 1.766692e+02 
1.140665e+02 1.247790e+02 1.800000e+00 1.734646e-08 -3.282901e-07 -1.019302e-06 1.071005e-06 7.212431e+01 1.769754e+02 
1.151309e+02 1.247790e+02 1.800000e+00 1.561340e-08 -3.284652e-07 -1.018535e-06 1.070302e-06 7.210721e+01 1.772785e+02 
1.161952e+02 1.247790e+02 1.800000e+00 1.389409e-08 -3.286223e-07 -1.017847e-06 1.069672e-06 7.209183e+01 1.775790e+02 
1.172596e+02 1.247790e+02 1.800000e+00 1.218700e-08 -3.287615e-07 -1.017239e-06 1.069116e-06 7.207818e+01 1.778771e+02 
1.183239e+02 1.247790e+02 1.800000e+00 1.049058e-08 -3.288828e-07 -1.016711e-06 1.068632e-06 7.206625e+01 1.781730e+02 
1.193883e+02 1.247790e+02 1.800000e+00 8.803345e-09 -3.289861e-07 -1.016261e-06 1.068221e-06 7.205608e+01 1.784672e+02 
1.204526e+02 1.247790e+02 1.800000e+00 7.123795e-09 -3.290716e-07 -1.015889e-06 1.067881e-06 7.204765e+01 1.787598e+02 
1.215170e+02 1.247790e+02 1.800000e+00 5.450458e-09 -3.291391e-07 -1.015596e-06 1.067613e-06 7.204098e+01 1.790513e+02 
1.225813e+02 1.247790e+02 1.800000e+00 3.781867e-09 -3.291887e-07 -1.015381e-06 1.067416e-06 7.203608e+01 1.793418e+02 
1.236457e+02 1.247790e+02 1.800000e+00 2.116568e-09 -3.292204e-07 -1.015243e-06 1.067291e-06 7.203295e+01 1.796316e+02 
1.247100e+02 1.247790e+02 1.800000e+00 4.531090e-10 -3.292342e-07 -1.015183e-06 1.067236e-06 7.203158e+01 1.799211e+02 
1.257743e+02 1.247790e+02 1.800000e+00 -1.209956e-09 -3.292302e-07 -1.015201e-06 1.067252e-06 7.203198e+01 -1.797894e+02 
1.268387e+02 1.247790e+02 1.800000e+00 -2.874072e-09 -3.292082e-07 -1.015296e-06 1.067339e-06 7.203415e+01 -1.794998e+02 
1.279030e+02 1.247790e+02 1.800000e+00 -4.540690e-09 -3.291683e-07 -1.015469e-06 1.067497e-06 7.203809e+01 -1.792097e+02 
1.289674e+02 1.247790e+02 1.800000e+00 -6.211259e-09 -3.291106e-07 -1.015720e-06 1.067726e-06 7.204380e+01 -1.789188e+02 
1.300317e+02 1.247790e+02 1.800000e+00 -7.887242e-09 -3.290349e-07 -1.016049e-06 1.068027e-06 7.205127e+01 -1.786268e+02 
1.310961e+02 1.247790e+02 1.800000e+00 -9.570105e-09 -3.289413e-07 -1.016456e-06 1.068399e-06 7.206049e+01 -1.783335e+02 
1.321604e+02 1.247790e+02 1.800000e+00 -1.126133e-08 -3.288298e-07 -1.016942e-06 1.068843e-06 7.207146e+01 -1.780386e+02 
1.332248e+02 1.247790e+02 1.800000e+00 -1.296242e-08 -3.287004e-07 -1.017506e-06 1.069360e-06 7.208418e+01 -1.777417e+02 
1.342891e+02 1.247790e+02 1.800000e+00 -1.467488e-08 -3.285531e-07 -1.018150e-06 1.069950e-06 7.209862e+01 -1.774426e+02 
1.353535e+02 1.247790e+02 1.800000e+00 -1.640026e-08 -3.283877e-07 -1.018874e-06 1.070613e-06 7.211478e+01 -1.771409e+02 
1.364178e+02 1.247790e+02 1.800000e+00 -1.814010e-08 -3.282045e-07 -1.019678e-06 1.071350e-06 7.213265e+01 -1.768364e+02 
1.374822e+02 1.247790e+02 1.800000e+00 -1.989599e-08 -3.280033e-07 -1.020563e-06 1.072162e-06 7.215222e+01 -1.765288e+02 
1.385465e+02 1.247790e+02 1.800000e+00 -2.166956e-08 -3.277840e-07 -1.021530e-06 1.073050e-06 7.217346e+01 -1.762177e+02 
1.396109e+02 1.247790e+02 1.800000e+00 -2.346244e-08 -3.275468e-07 -1.022579e-06 1.074014e-06 7.219635e+01 -1.759029e+02 
1.406752e+02 1.247790e+02 1.800000e+00 -2.527631e-08 -3.272915e-07 -1.023711e-06 1.075055e-06 7.222089e+01 -1.755839e+02 
1.417396e+02 1.247790e+02 1.800000e+00 -2.711291e-08 -3.270183e-07 -1.024928e-06 1.076175e-06 7.224704e+01 -1.752605e+02 
1.428039e+02 1.247790e+02 1.800000e+00 -2.897400e-08 -3.267269e-07 -1.026229e-06 1.077375e-06 7.227479e+01 -1.749323e+02 
1.438683e+02 1.247790e+02 1.800000e+00 -3.086138e-08 -3.264175e-07 -1.027616e-06 1.078655e-06 7.230410e+01 -1.745990e+02 
1.449326e+02 1.247790e+02 1.800000e+00 -3.277692e-08 -3.260900e-07 -1.029091e-06 1.080017e-06 7.233495e+01 -1.742602e+02 
1.459970e+02 1.247790e+02 1.800000e+00 -3.472254e-08 -3.257443e-07 -1.030653e-06 1.081462e-06 7.236731e+01 -1.739156e+02 
1.470613e+02 1.247790e+02 1.800000e+00 -3.670020e-08 -3.253805e-07 -1.032305e-06 1.082992e-06 7.240114e+01 -1.735647e+02 
1.481257e+02 1.247790e+02 1.800000e+00 -3.871194e-08 -3.249986e-07 -1.034047e-06 1.084609e-06 7.243640e+01 -1.732073e+02 
1.491900e+02 1.247790e+02 1.800000e+00 -4.075986e-08 -3.245984e-07 -1.035881e-06 1.086313e-06 7.247307e+01 -1.728428e+02 
