# 1 , 2 , 3 , 4      , 5      , 6      , 7      , 8      , 9      , 10 (pm), 11 (pm), 12 (pm)  
# xm, ym, zm, IGRF_In, IGRF_Ic, IGRF_Dc, In_siB0, Ic_siB0, Dc_siB0, Bx_siB0, By_siB0, Bz_siB0  
1.002300e+02 1.247790e+02 2.054321e+00 4.518274e-05 5.346856e+01 3.327694e+00 4.404449e-05 5.254959e+01 6.974778e+00 2.658414e-05 3.252243e-06 3.496603e-05 
1.012943e+02 1.247790e+02 3.101620e+00 4.518274e-05 5.346856e+01 3.327694e+00 4.449556e-05 5.306216e+01 7.237155e+00 2.652650e-05 3.368554e-06 3.556477e-05 
1.023587e+02 1.247790e+02 4.057986e+00 4.518274e-05 5.346856e+01 3.327694e+00 4.497310e-05 5.363614e+01 7.058302e+00 2.646297e-05 3.276581e-06 3.621540e-05 
1.034230e+02 1.247790e+02 4.855393e+00 4.518274e-05 5.346856e+01 3.327694e+00 4.538055e-05 5.416170e+01 6.360050e+00 2.640677e-05 2.943351e-06 3.678877e-05 
1.044874e+02 1.247790e+02 5.437121e+00 4.518274e-05 5.346856e+01 3.327694e+00 4.563884e-05 5.452982e+01 5.306243e+00 2.636978e-05 2.449148e-06 3.716907e-05 
1.055517e+02 1.247790e+02 5.761791e+00 4.518274e-05 5.346856e+01 3.327694e+00 4.574843e-05 5.472190e+01 4.143972e+00 2.635273e-05 1.909317e-06 3.734711e-05 
1.066161e+02 1.247790e+02 5.806309e+00 4.518274e-05 5.346856e+01 3.327694e+00 4.574590e-05 5.477415e+01 2.978083e+00 2.635065e-05 1.370872e-06 3.736913e-05 
1.076804e+02 1.247790e+02 5.567509e+00 4.518274e-05 5.346856e+01 3.327694e+00 4.563801e-05 5.469493e+01 1.802425e+00 2.636252e-05 8.295926e-07 3.724456e-05 
1.087448e+02 1.247790e+02 5.062376e+00 4.518274e-05 5.346856e+01 3.327694e+00 4.539389e-05 5.444681e+01 6.722647e-01 2.639285e-05 3.096876e-07 3.693138e-05 
1.098091e+02 1.247790e+02 4.326841e+00 4.518274e-05 5.346856e+01 3.327694e+00 4.499991e-05 5.400986e+01 -1.922144e-01 2.644387e-05 -8.871356e-08 3.641025e-05 
1.108735e+02 1.247790e+02 3.413223e+00 4.518274e-05 5.346856e+01 3.327694e+00 4.451978e-05 5.345733e+01 -5.617757e-01 2.650675e-05 -2.599027e-07 3.576780e-05 
1.119378e+02 1.247790e+02 2.386508e+00 4.518274e-05 5.346856e+01 3.327694e+00 4.405540e-05 5.291068e+01 -4.369214e-01 2.656724e-05 -2.025982e-07 3.514283e-05 
1.130022e+02 1.247790e+02 1.319727e+00 4.518274e-05 5.346856e+01 3.327694e+00 4.366742e-05 5.244367e+01 7.905393e-03 2.661709e-05 3.672496e-09 3.461755e-05 
1.140665e+02 1.247790e+02 2.887598e-01 4.518274e-05 5.346856e+01 3.327694e+00 4.336729e-05 5.207217e+01 6.023364e-01 2.665503e-05 2.802281e-07 3.420749e-05 
1.151309e+02 1.247790e+02 -6.330600e-01 4.518274e-05 5.346856e+01 3.327694e+00 4.314598e-05 5.178800e+01 1.242498e+00 2.668267e-05 5.787224e-07 3.390098e-05 
1.161952e+02 1.247790e+02 -1.380163e+00 4.518274e-05 5.346856e+01 3.327694e+00 4.299230e-05 5.158024e+01 1.879119e+00 2.670182e-05 8.760490e-07 3.368357e-05 
1.172596e+02 1.247790e+02 -1.899407e+00 4.518274e-05 5.346856e+01 3.327694e+00 4.289840e-05 5.144146e+01 2.495972e+00 2.671380e-05 1.164468e-06 3.354533e-05 
1.183239e+02 1.247790e+02 -2.153858e+00 4.518274e-05 5.346856e+01 3.327694e+00 4.285998e-05 5.136765e+01 3.095510e+00 2.671933e-05 1.444968e-06 3.348085e-05 
1.193883e+02 1.247790e+02 -2.125418e+00 4.518274e-05 5.346856e+01 3.327694e+00 4.287544e-05 5.135705e+01 3.689556e+00 2.671873e-05 1.722932e-06 3.348797e-05 
1.204526e+02 1.247790e+02 -1.816108e+00 4.518274e-05 5.346856e+01 3.327694e+00 4.294516e-05 5.140941e+01 4.292410e+00 2.671196e-05 2.004924e-06 3.356693e-05 
1.215170e+02 1.247790e+02 -1.247931e+00 4.518274e-05 5.346856e+01 3.327694e+00 4.307151e-05 5.152633e+01 4.914547e+00 2.669864e-05 2.295709e-06 3.372043e-05 
1.225813e+02 1.247790e+02 -4.613009e-01 4.518274e-05 5.346856e+01 3.327694e+00 4.325929e-05 5.171246e+01 5.555537e+00 2.667792e-05 2.594893e-06 3.395470e-05 
1.236457e+02 1.247790e+02 4.878289e-01 4.518274e-05 5.346856e+01 3.327694e+00 4.351631e-05 5.197733e+01 6.194336e+00 2.664839e-05 2.892276e-06 3.428072e-05 
1.247100e+02 1.247790e+02 1.531946e+00 4.518274e-05 5.346856e+01 3.327694e+00 4.385197e-05 5.233544e+01 6.773770e+00 2.660816e-05 3.160477e-06 3.471329e-05 
1.257743e+02 1.247790e+02 2.596783e+00 4.518274e-05 5.346856e+01 3.327694e+00 4.426934e-05 5.279909e+01 7.179229e+00 2.655592e-05 3.345013e-06 3.526143e-05 
1.268387e+02 1.247790e+02 3.606596e+00 4.518274e-05 5.346856e+01 3.327694e+00 4.474368e-05 5.335332e+01 7.233368e+00 2.649401e-05 3.362649e-06 3.589926e-05 
1.279030e+02 1.247790e+02 4.489557e+00 4.518274e-05 5.346856e+01 3.327694e+00 4.519866e-05 5.391943e+01 6.780542e+00 2.643232e-05 3.142759e-06 3.652908e-05 
1.289674e+02 1.247790e+02 5.182861e+00 4.518274e-05 5.346856e+01 3.327694e+00 4.553483e-05 5.437358e+01 5.865058e+00 2.638510e-05 2.710372e-06 3.701218e-05 
1.300317e+02 1.247790e+02 5.637193e+00 4.518274e-05 5.346856e+01 3.327694e+00 4.571265e-05 5.464850e+01 4.729743e+00 2.635886e-05 2.180869e-06 3.728406e-05 
1.310961e+02 1.247790e+02 5.820236e+00 4.518274e-05 5.346856e+01 3.327694e+00 4.576109e-05 5.476498e+01 3.562350e+00 2.635001e-05 1.640419e-06 3.737731e-05 
1.321604e+02 1.247790e+02 5.718969e+00 4.518274e-05 5.346856e+01 3.327694e+00 4.570663e-05 5.475242e+01 2.392965e+00 2.635478e-05 1.101351e-06 3.732705e-05 
1.332248e+02 1.247790e+02 5.340597e+00 4.518274e-05 5.346856e+01 3.327694e+00 4.553354e-05 5.459270e+01 1.224667e+00 2.637542e-05 5.638464e-07 3.711230e-05 
1.342891e+02 1.247790e+02 4.712033e+00 4.518274e-05 5.346856e+01 3.327694e+00 4.521001e-05 5.424544e+01 1.974506e-01 2.641669e-05 9.103661e-08 3.668916e-05 
1.353535e+02 1.247790e+02 3.877987e+00 4.518274e-05 5.346856e+01 3.327694e+00 4.475920e-05 5.373450e+01 -4.279510e-01 2.647557e-05 -1.977538e-07 3.608866e-05 
1.364178e+02 1.247790e+02 2.897785e+00 4.518274e-05 5.346856e+01 3.327694e+00 4.427575e-05 5.317137e+01 -5.253438e-01 2.653881e-05 -2.433407e-07 3.543973e-05 
1.374822e+02 1.247790e+02 1.841149e+00 4.518274e-05 5.346856e+01 3.327694e+00 4.384662e-05 5.266056e+01 -2.083926e-01 2.659437e-05 -9.672779e-08 3.486052e-05 
1.385465e+02 1.247790e+02 7.832381e-01 4.518274e-05 5.346856e+01 3.327694e+00 4.350416e-05 5.224255e+01 3.341293e-01 2.663802e-05 1.553455e-07 3.439482e-05 
1.396109e+02 1.247790e+02 -2.006976e-01 4.518274e-05 5.346856e+01 3.327694e+00 4.324604e-05 5.191706e+01 9.646971e-01 2.667044e-05 4.490964e-07 3.403976e-05 
1.406752e+02 1.247790e+02 -1.040670e+00 4.518274e-05 5.346856e+01 3.327694e+00 4.306077e-05 5.167301e+01 1.609971e+00 2.669354e-05 7.502670e-07 3.378050e-05 
1.417396e+02 1.247790e+02 -1.676933e+00 4.518274e-05 5.346856e+01 3.327694e+00 4.293867e-05 5.150109e+01 2.239611e+00 2.670889e-05 1.044545e-06 3.360466e-05 
1.428039e+02 1.247790e+02 -2.064227e+00 4.518274e-05 5.346856e+01 3.327694e+00 4.287375e-05 5.139575e+01 2.848140e+00 2.671750e-05 1.329207e-06 3.350473e-05 
1.438683e+02 1.247790e+02 -2.175005e+00 4.518274e-05 5.346856e+01 3.327694e+00 4.286319e-05 5.135426e+01 3.443630e+00 2.671987e-05 1.607873e-06 3.347710e-05 
1.449326e+02 1.247790e+02 -2.001387e+00 4.518274e-05 5.346856e+01 3.327694e+00 4.290643e-05 5.137566e+01 4.039915e+00 2.671614e-05 1.886878e-06 3.352088e-05 
1.459970e+02 1.247790e+02 -1.555722e+00 4.518274e-05 5.346856e+01 3.327694e+00 4.300481e-05 5.146054e+01 4.650178e+00 2.670610e-05 2.172263e-06 3.363747e-05 
1.470613e+02 1.247790e+02 -8.697109e-01 4.518274e-05 5.346856e+01 3.327694e+00 4.316184e-05 5.161183e+01 5.280430e+00 2.668915e-05 2.466683e-06 3.383119e-05 
1.481257e+02 1.247790e+02 7.850238e-03 4.518274e-05 5.346856e+01 3.327694e+00 4.338382e-05 5.183649e+01 5.921413e+00 2.666417e-05 2.765545e-06 3.411055e-05 
1.491900e+02 1.247790e+02 1.014540e+00 4.518274e-05 5.346856e+01 3.327694e+00 4.367980e-05 5.214684e+01 6.536228e+00 2.662944e-05 3.051100e-06 3.448896e-05 
