# 1,2,3, 4    , 5    , 6    , 7    , 8    , 9     
# x,y,z, Bx_si, By_si, Bz_si, In_si, Ic_si, Dc_si 
1.002300e+02 1.247790e+02 2.054321e+00 1.691043e-06 -2.661635e-07 1.339666e-06 2.173747e-06 -3.804596e+01 9.894475e+01 
1.012943e+02 1.247790e+02 3.101620e+00 1.807354e-06 -3.238011e-07 7.409307e-07 1.979988e-06 -2.197547e+01 1.001572e+02 
1.023587e+02 1.247790e+02 4.057986e+00 1.715381e-06 -3.873286e-07 9.030366e-08 1.760884e-06 -2.939597e+00 1.027239e+02 
1.034230e+02 1.247790e+02 4.855393e+00 1.382151e-06 -4.435269e-07 -4.830722e-07 1.529842e-06 1.840706e+01 1.077912e+02 
1.044874e+02 1.247790e+02 5.437121e+00 8.879481e-07 -4.805225e-07 -8.633749e-07 1.328446e-06 4.053506e+01 1.184205e+02 
1.055517e+02 1.247790e+02 5.761791e+00 3.481167e-07 -4.975702e-07 -1.041415e-06 1.205531e-06 5.975320e+01 1.450221e+02 
1.066161e+02 1.247790e+02 5.806309e+00 -1.903282e-07 -4.996536e-07 -1.063428e-06 1.190277e-06 6.330742e+01 -1.591471e+02 
1.076804e+02 1.247790e+02 5.567509e+00 -7.316074e-07 -4.877826e-07 -9.388571e-07 1.286326e-06 4.687592e+01 -1.236925e+02 
1.087448e+02 1.247790e+02 5.062376e+00 -1.251512e-06 -4.574501e-07 -6.256850e-07 1.472082e-06 2.515282e+01 -1.100783e+02 
1.098091e+02 1.247790e+02 4.326841e+00 -1.649914e-06 -4.064289e-07 -1.045480e-07 1.702448e-06 3.520771e+00 -1.038384e+02 
1.108735e+02 1.247790e+02 3.413223e+00 -1.821103e-06 -3.435491e-07 5.378977e-07 1.929708e-06 -1.618535e+01 -1.006832e+02 
1.119378e+02 1.247790e+02 2.386508e+00 -1.763798e-06 -2.830561e-07 1.162868e-06 2.131518e-06 -3.306286e+01 -9.911715e+01 
1.130022e+02 1.247790e+02 1.319727e+00 -1.557528e-06 -2.332130e-07 1.688154e-06 2.308711e-06 -4.698800e+01 -9.851580e+01 
1.140665e+02 1.247790e+02 2.887598e-01 -1.280972e-06 -1.952700e-07 2.098206e-06 2.466067e-06 -5.830214e+01 -9.866738e+01 
1.151309e+02 1.247790e+02 -6.330600e-01 -9.824776e-07 -1.676349e-07 2.404722e-06 2.603085e-06 -6.748764e+01 -9.968283e+01 
1.161952e+02 1.247790e+02 -1.380163e+00 -6.851510e-07 -1.484764e-07 2.622126e-06 2.714225e-06 -7.503144e+01 -1.022273e+02 
1.172596e+02 1.247790e+02 -1.899407e+00 -3.967319e-07 -1.364991e-07 2.760367e-06 2.792070e-06 -8.135758e+01 -1.089862e+02 
1.183239e+02 1.247790e+02 -2.153858e+00 -1.162325e-07 -1.309657e-07 2.824851e-06 2.830273e-06 -8.645291e+01 -1.384108e+02 
1.193883e+02 1.247790e+02 -2.125418e+00 1.617323e-07 -1.315676e-07 2.817729e-06 2.825432e-06 -8.576830e+01 1.291280e+02 
1.204526e+02 1.247790e+02 -1.816108e+00 4.437238e-07 -1.383385e-07 2.738774e-06 2.777933e-06 -8.036828e+01 1.073158e+02 
1.215170e+02 1.247790e+02 -1.247931e+00 7.345092e-07 -1.516640e-07 2.585267e-06 2.691860e-06 -7.382219e+01 1.016667e+02 
1.225813e+02 1.247790e+02 -4.613009e-01 1.033693e-06 -1.723830e-07 2.351000e-06 2.573993e-06 -6.597488e+01 9.946776e+01 
1.236457e+02 1.247790e+02 4.878289e-01 1.331076e-06 -2.019147e-07 2.024979e-06 2.431681e-06 -5.638214e+01 9.862560e+01 
1.247100e+02 1.247790e+02 1.531946e+00 1.599277e-06 -2.421410e-07 1.592406e-06 2.269818e-06 -4.455201e+01 9.860957e+01 
1.257743e+02 1.247790e+02 2.596783e+00 1.783813e-06 -2.943771e-07 1.044271e-06 2.087857e-06 -3.001086e+01 9.937088e+01 
1.268387e+02 1.247790e+02 3.606596e+00 1.801449e-06 -3.562892e-07 4.064414e-07 1.880786e-06 -1.248018e+01 1.011875e+02 
1.279030e+02 1.247790e+02 4.489557e+00 1.581559e-06 -4.179815e-07 -2.233845e-07 1.651042e-06 7.775918e+00 1.048039e+02 
1.289674e+02 1.247790e+02 5.182861e+00 1.149172e-06 -4.652041e-07 -7.064805e-07 1.426929e-06 2.967671e+01 1.120389e+02 
1.300317e+02 1.247790e+02 5.637193e+00 6.196689e-07 -4.914416e-07 -9.783573e-07 1.258049e-06 5.104848e+01 1.284169e+02 
1.310961e+02 1.247790e+02 5.820236e+00 7.921898e-08 -5.002937e-07 -1.071613e-06 1.185295e-06 6.470098e+01 1.710022e+02 
1.321604e+02 1.247790e+02 5.718969e+00 -4.598490e-07 -4.955195e-07 -1.021349e-06 1.224808e-06 5.649991e+01 -1.371383e+02 
1.332248e+02 1.247790e+02 5.340597e+00 -9.973536e-07 -4.748763e-07 -8.065960e-07 1.367779e-06 3.613660e+01 -1.154608e+02 
1.342891e+02 1.247790e+02 4.712033e+00 -1.470163e-06 -4.336060e-07 -3.834613e-07 1.580012e-06 1.404567e+01 -1.064328e+02 
1.353535e+02 1.247790e+02 3.877987e+00 -1.758954e-06 -3.747295e-07 2.170433e-07 1.811477e-06 -6.881465e+00 -1.020266e+02 
1.364178e+02 1.247790e+02 2.897785e+00 -1.804541e-06 -3.114860e-07 8.659714e-07 2.025660e-06 -2.530907e+01 -9.979346e+01 
1.374822e+02 1.247790e+02 1.841149e+00 -1.657928e-06 -2.559298e-07 1.445180e-06 2.214220e-06 -4.074407e+01 -9.877533e+01 
1.385465e+02 1.247790e+02 7.832381e-01 -1.405854e-06 -2.122796e-07 1.910877e-06 2.381794e-06 -5.334886e+01 -9.858662e+01 
1.396109e+02 1.247790e+02 -2.006976e-01 -1.112104e-06 -1.798573e-07 2.265939e-06 2.530534e-06 -6.356488e+01 -9.918674e+01 
1.406752e+02 1.247790e+02 -1.040670e+00 -8.109330e-07 -1.567626e-07 2.525198e-06 2.656842e-06 -7.188802e+01 -1.009410e+02 
1.417396e+02 1.247790e+02 -1.676933e+00 -5.166550e-07 -1.414100e-07 2.701039e-06 2.753642e-06 -7.878291e+01 -1.053071e+02 
1.428039e+02 1.247790e+02 -2.064227e+00 -2.319933e-07 -1.327996e-07 2.800973e-06 2.813700e-06 -8.454843e+01 -1.197880e+02 
1.438683e+02 1.247790e+02 -2.175005e+00 4.667262e-08 -1.304264e-07 2.828598e-06 2.831988e-06 -8.719628e+01 1.603104e+02 
1.449326e+02 1.247790e+02 -2.001387e+00 3.256781e-07 -1.341593e-07 2.784819e-06 2.807006e-06 -8.279141e+01 1.123886e+02 
1.459970e+02 1.247790e+02 -1.555722e+00 6.110630e-07 -1.442013e-07 2.668231e-06 2.741104e-06 -7.675891e+01 1.032780e+02 
1.470613e+02 1.247790e+02 -8.697109e-01 9.054831e-07 -1.611519e-07 2.474513e-06 2.639903e-06 -6.961122e+01 1.000915e+02 
1.481257e+02 1.247790e+02 7.850238e-03 1.204345e-06 -1.861346e-07 2.195147e-06 2.510730e-06 -6.096299e+01 9.878570e+01 
1.491900e+02 1.247790e+02 1.014540e+00 1.489900e-06 -2.208560e-07 1.816742e-06 2.359900e-06 -5.033938e+01 9.843187e+01 
