# 1      , 2      , 3      , 4    , 5     , 6      , 7      , 8      ,                    9              , 10  , 11  , 12  , 13    , 14      
# IGRF_In, IGRF_Ic, IGRF_Dc, dmeas, height, In_siB0, Ic_siB0, Dc_siB0,                    height m (-poh), In_m, Ic_m, Dc_m, min hP, max hP  
4.515490e-05 5.338396e+01 3.320776e+00 0.000000e+00 1.616349e+03 4.450433e-05 5.380840e+01 9.363010e-01 1.617900e+03 4.575064e+01 5.878437e+01 -6.645001e+00 1.613021e+03 1.617469e+03 
4.515490e-05 5.338396e+01 3.320776e+00 1.313858e+00 1.616009e+03 4.414428e-05 5.336457e+01 9.662611e-01 1.616700e+03 4.340587e+01 5.727158e+01 1.937867e-01 1.613021e+03 1.617469e+03 
4.515490e-05 5.338396e+01 3.320776e+00 3.704210e+00 1.616263e+03 4.434024e-05 5.298623e+01 5.836233e-01 1.614600e+03 4.207129e+01 5.318418e+01 2.747505e-01 1.613021e+03 1.617469e+03 
4.515490e-05 5.338396e+01 3.320776e+00 3.704210e+00 1.616263e+03 4.434024e-05 5.298623e+01 5.836233e-01 1.614600e+03 4.206765e+01 5.308327e+01 1.125919e+00 1.613021e+03 1.617469e+03 
4.515490e-05 5.338396e+01 3.320776e+00 5.176935e+00 1.615635e+03 4.412694e-05 5.267933e+01 8.205008e-01 1.613800e+03 4.465357e+01 5.305078e+01 2.487716e-01 1.613021e+03 1.617469e+03 
4.515490e-05 5.338396e+01 3.320776e+00 7.529181e+00 1.614653e+03 4.382244e-05 5.223696e+01 1.360733e+00 1.613800e+03 4.392862e+01 5.428043e+01 -1.934920e+00 1.613021e+03 1.617469e+03 
4.515490e-05 5.338396e+01 3.320776e+00 9.022361e+00 1.614130e+03 4.380801e-05 5.181913e+01 1.619800e+00 1.613500e+03 4.351851e+01 5.322759e+01 -2.089908e-01 1.613021e+03 1.617469e+03 
4.515490e-05 5.338396e+01 3.320776e+00 1.058217e+01 1.613753e+03 4.394439e-05 5.160425e+01 1.938933e+00 1.613300e+03 4.420009e+01 5.432515e+01 -1.035171e+00 1.613021e+03 1.617469e+03 
4.515490e-05 5.338396e+01 3.320776e+00 1.241860e+01 1.613340e+03 4.406787e-05 5.149048e+01 2.547985e+00 1.613000e+03 4.293308e+01 5.328460e+01 -3.503504e+00 1.613021e+03 1.617469e+03 
4.515490e-05 5.338396e+01 3.320776e+00 1.455690e+01 1.613204e+03 4.432198e-05 5.157710e+01 3.023734e+00 1.611500e+03 4.312005e+01 5.092131e+01 4.634988e-01 1.613021e+03 1.617469e+03 
4.515490e-05 5.338396e+01 3.320776e+00 1.697472e+01 1.613390e+03 4.457045e-05 5.161362e+01 3.254738e+00 1.610400e+03 4.165310e+01 5.125718e+01 4.529160e-01 1.613021e+03 1.617469e+03 
4.515490e-05 5.338396e+01 3.320776e+00 2.015689e+01 1.613162e+03 4.481054e-05 5.184737e+01 3.265320e+00 1.611500e+03 4.307516e+01 5.201969e+01 1.747714e+00 1.613021e+03 1.617469e+03 
4.515490e-05 5.338396e+01 3.320776e+00 2.247984e+01 1.613043e+03 4.490086e-05 5.200553e+01 3.267608e+00 1.611700e+03 4.321875e+01 5.219473e+01 1.778680e+00 1.613021e+03 1.617469e+03 
4.515490e-05 5.338396e+01 3.320776e+00 2.441537e+01 1.613132e+03 4.506864e-05 5.199759e+01 3.181408e+00 1.612000e+03 4.395217e+01 5.065917e+01 1.888427e+00 1.613021e+03 1.617469e+03 
4.515490e-05 5.338396e+01 3.320776e+00 2.656648e+01 1.613194e+03 4.524480e-05 5.210790e+01 3.079582e+00 1.611600e+03 4.338194e+01 5.048128e+01 5.013835e+00 1.613021e+03 1.617469e+03 
4.515490e-05 5.338396e+01 3.320776e+00 2.729138e+01 1.613132e+03 4.527256e-05 5.214869e+01 3.063804e+00 1.612400e+03 4.588199e+01 5.262014e+01 3.216199e+00 1.613021e+03 1.617469e+03 
4.515490e-05 5.338396e+01 3.320776e+00 2.891230e+01 1.613021e+03 4.536268e-05 5.219279e+01 3.046143e+00 1.612200e+03 4.613804e+01 5.315105e+01 1.252928e+00 1.613021e+03 1.617469e+03 
4.515490e-05 5.338396e+01 3.320776e+00 3.129915e+01 1.613336e+03 4.563060e-05 5.243375e+01 3.065631e+00 1.612300e+03 4.551627e+01 5.255630e+01 -3.037130e+00 1.613021e+03 1.617469e+03 
4.515490e-05 5.338396e+01 3.320776e+00 3.215546e+01 1.613466e+03 4.570095e-05 5.261794e+01 2.988757e+00 1.612200e+03 4.430771e+01 5.179174e+01 -2.336356e+00 1.613021e+03 1.617469e+03 
4.515490e-05 5.338396e+01 3.320776e+00 3.362494e+01 1.613637e+03 4.571790e-05 5.296543e+01 2.692292e+00 1.612500e+03 4.462652e+01 5.240063e+01 -8.099991e-01 1.613021e+03 1.617469e+03 
4.515490e-05 5.338396e+01 3.320776e+00 3.563105e+01 1.613704e+03 4.534252e-05 5.320466e+01 2.276307e+00 1.612400e+03 4.462422e+01 5.252587e+01 -6.609493e-01 1.613021e+03 1.617469e+03 
4.515490e-05 5.338396e+01 3.320776e+00 3.741758e+01 1.613678e+03 4.505089e-05 5.290474e+01 2.176318e+00 1.612600e+03 4.497259e+01 5.303865e+01 -3.000057e+00 1.613021e+03 1.617469e+03 
4.515490e-05 5.338396e+01 3.320776e+00 3.854291e+01 1.613723e+03 4.498300e-05 5.264230e+01 2.167560e+00 1.613200e+03 4.497052e+01 5.421160e+01 -2.206697e+00 1.613021e+03 1.617469e+03 
4.515490e-05 5.338396e+01 3.320776e+00 3.968929e+01 1.613797e+03 4.503871e-05 5.242590e+01 2.066604e+00 1.612900e+03 4.384791e+01 5.393968e+01 -1.430057e+00 1.613021e+03 1.617469e+03 
4.515490e-05 5.338396e+01 3.320776e+00 4.223027e+01 1.613484e+03 4.497967e-05 5.252641e+01 2.109249e+00 1.612800e+03 4.521116e+01 5.227877e+01 -1.427673e-01 1.613021e+03 1.617469e+03 
4.515490e-05 5.338396e+01 3.320776e+00 4.629250e+01 1.614233e+03 4.507180e-05 5.236072e+01 1.349282e+00 1.614200e+03 4.624073e+01 5.334193e+01 -2.897998e+00 1.613021e+03 1.617469e+03 
4.515490e-05 5.338396e+01 3.320776e+00 4.837712e+01 1.614031e+03 4.477361e-05 5.216962e+01 1.720609e+00 1.614100e+03 4.501864e+01 5.470362e+01 -3.609559e+00 1.613021e+03 1.617469e+03 
4.515490e-05 5.338396e+01 3.320776e+00 5.050461e+01 1.613844e+03 4.476207e-05 5.178216e+01 2.637180e+00 1.612500e+03 4.122763e+01 5.143908e+01 nan 1.613021e+03 1.617469e+03 
4.515490e-05 5.338396e+01 3.320776e+00 5.177443e+01 1.613699e+03 4.487222e-05 5.161718e+01 3.024544e+00 1.612800e+03 4.342708e+01 5.269640e+01 nan 1.613021e+03 1.617469e+03 
4.515490e-05 5.338396e+01 3.320776e+00 5.275139e+01 1.613768e+03 4.501889e-05 5.156566e+01 3.321725e+00 1.613500e+03 4.597181e+01 5.167244e+01 nan 1.613021e+03 1.617469e+03 
4.515490e-05 5.338396e+01 3.320776e+00 5.418483e+01 1.613996e+03 4.519990e-05 5.154567e+01 3.704742e+00 1.613700e+03 4.602680e+01 5.456200e+01 nan 1.613021e+03 1.617469e+03 
4.515490e-05 5.338396e+01 3.320776e+00 5.606084e+01 1.614709e+03 4.554181e-05 5.167113e+01 4.071440e+00 1.614000e+03 4.602720e+01 5.369643e+01 nan 1.613021e+03 1.617469e+03 
4.515490e-05 5.338396e+01 3.320776e+00 5.748271e+01 1.615320e+03 4.580764e-05 5.186409e+01 4.086689e+00 1.614100e+03 4.415560e+01 5.353161e+01 nan 1.613021e+03 1.617469e+03 
4.515490e-05 5.338396e+01 3.320776e+00 5.867883e+01 1.615816e+03 4.599096e-05 5.198779e+01 3.898966e+00 1.614200e+03 4.324688e+01 5.202430e+01 nan 1.613021e+03 1.617469e+03 
4.515490e-05 5.338396e+01 3.320776e+00 6.056182e+01 1.616386e+03 4.621079e-05 5.239166e+01 3.765364e+00 1.615600e+03 4.689832e+01 5.193213e+01 nan 1.613021e+03 1.617469e+03 
4.515490e-05 5.338396e+01 3.320776e+00 6.153753e+01 1.616739e+03 4.629925e-05 5.254185e+01 3.497147e+00 1.616700e+03 4.734403e+01 5.357801e+01 nan 1.613021e+03 1.617469e+03 
4.515490e-05 5.338396e+01 3.320776e+00 6.232824e+01 1.616901e+03 4.633725e-05 5.271492e+01 3.485365e+00 1.616900e+03 4.736998e+01 5.385650e+01 nan 1.613021e+03 1.617469e+03 
4.515490e-05 5.338396e+01 3.320776e+00 6.365586e+01 1.617229e+03 4.644681e-05 5.302990e+01 3.320438e+00 1.617000e+03 4.746066e+01 5.470341e+01 nan 1.613021e+03 1.617469e+03 
4.515490e-05 5.338396e+01 3.320776e+00 6.578729e+01 1.617469e+03 4.647051e-05 5.346233e+01 3.119458e+00 1.617100e+03 4.657630e+01 5.581463e+01 4.709900e-01 1.613021e+03 1.617469e+03 
