# 1, 2, 3, 4   , 5   , 6   , 7   , 8   , 9   , 10  
# x, y, z, Bx_si, By_si, Bz_si, In_si, Ic_si, Dc_si, dmeas 
5.017029e+05 4.171113e+06 1.615478e+03 -4.563425e-07 5.185048e-08 1.418578e-06 1.491074e-06 7.206013e+01 1.735177e+02 0.000000e+00 
5.017031e+05 4.171114e+06 1.615478e+03 -4.582158e-07 5.115587e-08 1.416974e-06 1.490098e-06 7.197587e+01 1.736298e+02 1.313858e+00 
5.017019e+05 4.171117e+06 1.615478e+03 -4.609119e-07 5.262119e-08 1.415878e-06 1.489940e-06 7.185886e+01 1.734869e+02 3.704210e+00 
5.017019e+05 4.171117e+06 1.615478e+03 -4.609119e-07 5.262119e-08 1.415878e-06 1.489940e-06 7.185886e+01 1.734869e+02 3.704210e+00 
5.017032e+05 4.171117e+06 1.615478e+03 -4.621104e-07 5.039962e-08 1.414144e-06 1.488586e-06 7.180351e+01 1.737757e+02 5.176935e+00 
5.017055e+05 4.171118e+06 1.615478e+03 -4.634827e-07 4.678223e-08 1.411747e-06 1.486619e-06 7.173853e+01 1.742363e+02 7.529181e+00 
5.017065e+05 4.171119e+06 1.615478e+03 -4.654023e-07 4.509746e-08 1.409917e-06 1.485429e-06 7.165252e+01 1.744653e+02 9.022361e+00 
5.017076e+05 4.171120e+06 1.615478e+03 -4.672770e-07 4.319729e-08 1.408082e-06 1.484220e-06 7.156839e+01 1.747183e+02 1.058217e+01 
5.017092e+05 4.171121e+06 1.615478e+03 -4.690597e-07 4.069696e-08 1.406115e-06 1.482846e-06 7.148745e+01 1.750413e+02 1.241860e+01 
5.017108e+05 4.171122e+06 1.615478e+03 -4.716338e-07 3.813742e-08 1.403794e-06 1.481394e-06 7.137271e+01 1.753770e+02 1.455690e+01 
5.017117e+05 4.171125e+06 1.615478e+03 -4.754489e-07 3.644779e-08 1.401329e-06 1.480238e-06 7.120760e+01 1.756163e+02 1.697472e+01 
5.017148e+05 4.171124e+06 1.615478e+03 -4.746600e-07 3.219534e-08 1.400174e-06 1.478792e-06 7.123329e+01 1.761197e+02 2.015689e+01 
5.017171e+05 4.171124e+06 1.615478e+03 -4.745883e-07 2.898799e-08 1.399182e-06 1.477763e-06 7.123111e+01 1.765047e+02 2.247984e+01 
5.017185e+05 4.171125e+06 1.615478e+03 -4.768901e-07 2.680107e-08 1.397434e-06 1.476808e-06 7.112958e+01 1.767834e+02 2.441537e+01 
5.017205e+05 4.171126e+06 1.615478e+03 -4.784177e-07 2.394910e-08 1.395945e-06 1.475845e-06 7.106040e+01 1.771342e+02 2.656648e+01 
5.017212e+05 4.171125e+06 1.615478e+03 -4.782145e-07 2.300525e-08 1.395794e-06 1.475622e-06 7.106766e+01 1.772458e+02 2.729138e+01 
5.017228e+05 4.171125e+06 1.615478e+03 -4.781214e-07 2.082682e-08 1.395313e-06 1.475104e-06 7.106868e+01 1.775058e+02 2.891230e+01 
5.017246e+05 4.171127e+06 1.615478e+03 -4.810253e-07 1.829915e-08 1.393455e-06 1.474258e-06 7.094238e+01 1.778214e+02 3.129915e+01 
5.017253e+05 4.171127e+06 1.615478e+03 -4.819864e-07 1.734673e-08 1.392849e-06 1.473987e-06 7.090068e+01 1.779388e+02 3.215546e+01 
5.017265e+05 4.171128e+06 1.615478e+03 -4.834053e-07 1.561026e-08 1.391924e-06 1.473559e-06 7.083899e+01 1.781504e+02 3.362494e+01 
5.017280e+05 4.171130e+06 1.615478e+03 -4.860069e-07 1.362681e-08 1.390542e-06 1.473090e-06 7.072801e+01 1.783939e+02 3.563105e+01 
5.017284e+05 4.171131e+06 1.615478e+03 -4.891950e-07 1.299405e-08 1.389253e-06 1.472924e-06 7.059508e+01 1.784785e+02 3.741758e+01 
5.017281e+05 4.171132e+06 1.615478e+03 -4.911895e-07 1.329960e-08 1.388610e-06 1.472984e-06 7.051331e+01 1.784490e+02 3.854291e+01 
5.017282e+05 4.171134e+06 1.615478e+03 -4.933473e-07 1.310951e-08 1.387869e-06 1.473005e-06 7.042479e+01 1.784779e+02 3.968929e+01 
5.017307e+05 4.171134e+06 1.615478e+03 -4.942145e-07 9.868562e-09 1.387119e-06 1.472564e-06 7.038600e+01 1.788561e+02 4.223027e+01 
5.017298e+05 4.171138e+06 1.615478e+03 -5.019703e-07 1.073796e-08 1.385033e-06 1.473230e-06 7.007403e+01 1.787745e+02 4.629250e+01 
5.017313e+05 4.171139e+06 1.615478e+03 -5.050625e-07 8.826417e-09 1.384019e-06 1.473321e-06 6.994892e+01 1.789988e+02 4.837712e+01 
5.017329e+05 4.171141e+06 1.615478e+03 -5.080231e-07 6.777587e-09 1.383125e-06 1.473488e-06 6.983001e+01 1.792357e+02 5.050461e+01 
5.017342e+05 4.171141e+06 1.615478e+03 -5.085113e-07 5.235290e-09 1.382887e-06 1.473427e-06 6.980967e+01 1.794101e+02 5.177443e+01 
5.017350e+05 4.171141e+06 1.615478e+03 -5.094261e-07 4.146327e-09 1.382618e-06 1.473488e-06 6.977305e+01 1.795337e+02 5.275139e+01 
5.017362e+05 4.171142e+06 1.615478e+03 -5.111566e-07 2.681808e-09 1.382190e-06 1.473682e-06 6.970453e+01 1.796994e+02 5.418483e+01 
5.017370e+05 4.171144e+06 1.615478e+03 -5.149099e-07 1.755124e-09 1.381447e-06 1.474290e-06 6.955784e+01 1.798047e+02 5.606084e+01 
5.017375e+05 4.171145e+06 1.615478e+03 -5.178259e-07 1.079282e-09 1.380931e-06 1.474827e-06 6.944476e+01 1.798806e+02 5.748271e+01 
5.017379e+05 4.171146e+06 1.615478e+03 -5.204147e-07 6.541412e-10 1.380516e-06 1.475350e-06 6.934499e+01 1.799280e+02 5.867883e+01 
5.017395e+05 4.171147e+06 1.615478e+03 -5.225016e-07 -1.294469e-09 1.380220e-06 1.475811e-06 6.926508e+01 -1.798581e+02 6.056182e+01 
5.017400e+05 4.171148e+06 1.615478e+03 -5.245117e-07 -1.815818e-09 1.379958e-06 1.476279e-06 6.918846e+01 -1.798016e+02 6.153753e+01 
5.017407e+05 4.171148e+06 1.615478e+03 -5.251515e-07 -2.681336e-09 1.379906e-06 1.476459e-06 6.916440e+01 -1.797075e+02 6.232824e+01 
5.017419e+05 4.171149e+06 1.615478e+03 -5.266747e-07 -4.020742e-09 1.379786e-06 1.476893e-06 6.910722e+01 -1.795626e+02 6.365586e+01 
5.017440e+05 4.171149e+06 1.615478e+03 -5.272175e-07 -6.487454e-09 1.379930e-06 1.477230e-06 6.908865e+01 -1.792950e+02 6.578729e+01 
