# 1    , 2      , 3      , 4      , 5      , 6      , 7       
# dmeas, Bx_siB0, By_siB0, Bz_siB0, In_siB0, Ic_siB0, Dc_siB0 
0.000000e+00 2.627573e-05 4.294241e-07 3.591708e-05 4.450433e-05 5.380840e+01 9.363010e-01 
1.313858e+00 2.633808e-05 4.442190e-07 3.542352e-05 4.414428e-05 5.336457e+01 9.662611e-01 
3.704210e+00 2.669175e-05 2.718955e-07 3.540527e-05 4.434024e-05 5.298623e+01 5.836233e-01 
3.704210e+00 2.669175e-05 2.718955e-07 3.540527e-05 4.434024e-05 5.298623e+01 5.836233e-01 
5.176935e+00 2.675033e-05 3.831027e-07 3.509217e-05 4.412694e-05 5.267933e+01 8.205008e-01 
7.529181e+00 2.682917e-05 6.372932e-07 3.464384e-05 4.382244e-05 5.223696e+01 1.360733e+00 
9.022361e+00 2.706893e-05 7.654652e-07 3.443587e-05 4.380801e-05 5.181913e+01 1.619800e+00 
1.058217e+01 2.727778e-05 9.234535e-07 3.444095e-05 4.394439e-05 5.160425e+01 1.938933e+00 
1.241860e+01 2.741150e-05 1.219813e-06 3.448332e-05 4.406787e-05 5.149048e+01 2.547985e+00 
1.455690e+01 2.750603e-05 1.452955e-06 3.472384e-05 4.432198e-05 5.157710e+01 3.023734e+00 
1.697472e+01 2.763189e-05 1.571345e-06 3.493615e-05 4.457045e-05 5.161362e+01 3.254738e+00 
2.015689e+01 2.763714e-05 1.576764e-06 3.523757e-05 4.481054e-05 5.184737e+01 3.265320e+00 
2.247984e+01 2.759538e-05 1.575488e-06 3.538503e-05 4.490086e-05 5.200553e+01 3.267608e+00 
2.441537e+01 2.770575e-05 1.539974e-06 3.551340e-05 4.506864e-05 5.199759e+01 3.181408e+00 
2.656648e+01 2.774816e-05 1.492870e-06 3.570578e-05 4.524480e-05 5.210790e+01 3.079582e+00 
2.729138e+01 2.774019e-05 1.484780e-06 3.574748e-05 4.527256e-05 5.214869e+01 3.063804e+00 
2.891230e+01 2.776833e-05 1.477702e-06 3.584005e-05 4.536268e-05 5.219279e+01 3.046143e+00 
3.129915e+01 2.778018e-05 1.487808e-06 3.616905e-05 4.563060e-05 5.243375e+01 3.065631e+00 
3.215546e+01 2.770854e-05 1.446691e-06 3.631420e-05 4.570095e-05 5.261794e+01 2.988757e+00 
3.362494e+01 2.750535e-05 1.293411e-06 3.649533e-05 4.571790e-05 5.296543e+01 2.692292e+00 
3.563105e+01 2.713685e-05 1.078689e-06 3.630939e-05 4.534252e-05 5.320466e+01 2.276307e+00 
3.741758e+01 2.715249e-05 1.031854e-06 3.593411e-05 4.505089e-05 5.290474e+01 2.176318e+00 
3.854291e+01 2.727567e-05 1.032360e-06 3.575531e-05 4.498300e-05 5.264230e+01 2.167560e+00 
3.968929e+01 2.744616e-05 9.903863e-07 3.569612e-05 4.503871e-05 5.242590e+01 2.066604e+00 
4.223027e+01 2.734690e-05 1.007186e-06 3.569739e-05 4.497967e-05 5.252641e+01 2.109249e+00 
4.629250e+01 2.751718e-05 6.481335e-07 3.569105e-05 4.507180e-05 5.236072e+01 1.349282e+00 
4.837712e+01 2.744843e-05 8.245325e-07 3.536354e-05 4.477361e-05 5.216962e+01 1.720609e+00 
5.050461e+01 2.766286e-05 1.274152e-06 3.516796e-05 4.476207e-05 5.178216e+01 2.637180e+00 
5.177443e+01 2.782292e-05 1.470089e-06 3.517442e-05 4.487222e-05 5.161718e+01 3.024544e+00 
5.275139e+01 2.793750e-05 1.621495e-06 3.526424e-05 4.501889e-05 5.156566e+01 3.321725e+00 
5.418483e+01 2.805065e-05 1.816286e-06 3.539622e-05 4.519990e-05 5.154567e+01 3.704742e+00 
5.606084e+01 2.817259e-05 2.005321e-06 3.572591e-05 4.554181e-05 5.167113e+01 4.071440e+00 
5.748271e+01 2.821562e-05 2.015932e-06 3.602991e-05 4.580764e-05 5.186409e+01 4.086689e+00 
5.867883e+01 2.825703e-05 1.925859e-06 3.623534e-05 4.599096e-05 5.198779e+01 3.898966e+00 
6.056182e+01 2.813975e-05 1.851955e-06 3.660823e-05 4.621079e-05 5.239166e+01 3.765364e+00 
6.153753e+01 2.810592e-05 1.717627e-06 3.675224e-05 4.629925e-05 5.254185e+01 3.497147e+00 
6.232824e+01 2.801831e-05 1.706490e-06 3.686737e-05 4.633725e-05 5.271492e+01 3.485365e+00 
6.365586e+01 2.788613e-05 1.617885e-06 3.710866e-05 4.644681e-05 5.302990e+01 3.320438e+00 
6.578729e+01 2.762528e-05 1.505541e-06 3.733746e-05 4.647051e-05 5.346233e+01 3.119458e+00 
