# 1, 2, 3, 4   , 5   , 6   , 7   , 8   , 9   , 10  
# x, y, z, Bx_si, By_si, Bz_si, In_si, Ic_si, Dc_si, dmeas 
5.017029e+05 4.171113e+06 1.616349e+03 -1.130676e-06 -6.116656e-07 3.265195e-07 1.326340e-06 -1.425163e+01 -1.184122e+02 0.000000e+00 
5.017031e+05 4.171114e+06 1.616009e+03 -1.115881e-06 -5.493184e-07 8.200811e-07 1.489790e-06 -3.339910e+01 -1.162098e+02 1.313858e+00 
5.017019e+05 4.171117e+06 1.616263e+03 -1.288205e-06 -1.956518e-07 8.383260e-07 1.549368e-06 -3.275693e+01 -9.863605e+01 3.704210e+00 
5.017019e+05 4.171117e+06 1.616263e+03 -1.288205e-06 -1.956518e-07 8.383260e-07 1.549368e-06 -3.275693e+01 -9.863605e+01 3.704210e+00 
5.017032e+05 4.171117e+06 1.615635e+03 -1.176997e-06 -1.370666e-07 1.151433e-06 1.652244e-06 -4.417809e+01 -9.664243e+01 5.176935e+00 
5.017055e+05 4.171118e+06 1.614653e+03 -9.228068e-07 -5.822526e-08 1.599759e-06 1.847753e-06 -5.997260e+01 -9.361034e+01 7.529181e+00 
5.017065e+05 4.171119e+06 1.614130e+03 -7.946348e-07 1.815258e-07 1.807733e-06 1.983001e-06 -6.572944e+01 -7.713219e+01 9.022361e+00 
5.017076e+05 4.171120e+06 1.613753e+03 -6.366465e-07 3.903761e-07 1.802647e-06 1.951217e-06 -6.749673e+01 -5.848439e+01 1.058217e+01 
5.017092e+05 4.171121e+06 1.613340e+03 -3.402867e-07 5.240957e-07 1.760283e-06 1.867904e-06 -7.045581e+01 -3.299500e+01 1.241860e+01 
5.017108e+05 4.171122e+06 1.613204e+03 -1.071445e-07 6.186312e-07 1.519761e-06 1.644341e-06 -6.755358e+01 -9.825932e+00 1.455690e+01 
5.017117e+05 4.171125e+06 1.613390e+03 1.124463e-08 7.444878e-07 1.307450e-06 1.504597e-06 -6.033914e+01 8.653209e-01 1.697472e+01 
5.017148e+05 4.171124e+06 1.613162e+03 1.666446e-08 7.497444e-07 1.006031e-06 1.254788e-06 -5.329790e+01 1.273295e+00 2.015689e+01 
5.017171e+05 4.171124e+06 1.613043e+03 1.538758e-08 7.079817e-07 8.585704e-07 1.112932e-06 -5.048419e+01 1.245095e+00 2.247984e+01 
5.017185e+05 4.171125e+06 1.613132e+03 -2.012600e-08 8.183524e-07 7.301973e-07 1.096947e-06 -4.173321e+01 -1.408810e+00 2.441537e+01 
5.017205e+05 4.171126e+06 1.613194e+03 -6.723046e-08 8.607595e-07 5.378195e-07 1.017191e-06 -3.191971e+01 -4.466076e+00 2.656648e+01 
5.017212e+05 4.171125e+06 1.613132e+03 -7.532043e-08 8.527921e-07 4.961221e-07 9.894770e-07 -3.009256e+01 -5.047389e+00 2.729138e+01 
5.017228e+05 4.171125e+06 1.613021e+03 -8.239790e-08 8.809268e-07 4.035481e-07 9.724570e-07 -2.451792e+01 -5.343640e+00 2.891230e+01 
5.017246e+05 4.171127e+06 1.613336e+03 -7.229168e-08 8.927788e-07 7.455141e-08 8.987981e-07 -4.757903e+00 -4.629356e+00 3.129915e+01 
5.017253e+05 4.171127e+06 1.613466e+03 -1.134086e-07 8.211442e-07 -7.059558e-08 8.319394e-07 4.867781e+00 -7.863404e+00 3.215546e+01 
5.017265e+05 4.171128e+06 1.613637e+03 -2.666887e-07 6.179549e-07 -2.517315e-07 7.185818e-07 2.050671e+01 -2.334342e+01 3.362494e+01 
5.017280e+05 4.171130e+06 1.613704e+03 -4.814111e-07 2.494505e-07 -6.578579e-08 5.461776e-07 6.917936e+00 -6.260839e+01 3.563105e+01 
5.017284e+05 4.171131e+06 1.613678e+03 -5.282460e-07 2.650859e-07 3.094911e-07 6.671574e-07 -2.763874e+01 -6.335146e+01 3.741758e+01 
5.017281e+05 4.171132e+06 1.613723e+03 -5.277398e-07 3.882683e-07 4.882850e-07 8.171193e-07 -3.669598e+01 -5.365737e+01 3.854291e+01 
5.017282e+05 4.171134e+06 1.613797e+03 -5.697137e-07 5.587580e-07 5.474774e-07 9.677375e-07 -3.445295e+01 -4.555624e+01 3.968929e+01 
5.017307e+05 4.171134e+06 1.613484e+03 -5.529140e-07 4.595011e-07 5.462092e-07 9.028841e-07 -3.722600e+01 -5.027161e+01 4.223027e+01 
5.017298e+05 4.171138e+06 1.614233e+03 -9.119665e-07 6.297816e-07 5.525458e-07 1.238392e-06 -2.649886e+01 -5.537200e+01 4.629250e+01 
5.017313e+05 4.171139e+06 1.614031e+03 -7.355675e-07 5.610343e-07 8.800616e-07 1.276843e-06 -4.357063e+01 -5.266640e+01 4.837712e+01 
5.017329e+05 4.171141e+06 1.613844e+03 -2.859484e-07 7.754607e-07 1.075643e-06 1.356507e-06 -5.246205e+01 -2.024127e+01 5.050461e+01 
5.017342e+05 4.171141e+06 1.613699e+03 -9.001065e-08 9.355224e-07 1.069182e-06 1.423536e-06 -4.868358e+01 -5.495758e+00 5.177443e+01 
5.017350e+05 4.171141e+06 1.613768e+03 6.139477e-08 1.050102e-06 9.793580e-07 1.437228e-06 -4.295481e+01 3.346020e+00 5.275139e+01 
5.017362e+05 4.171142e+06 1.613996e+03 2.561859e-07 1.163253e-06 8.473761e-07 1.461792e-06 -3.542826e+01 1.242011e+01 5.418483e+01 
5.017370e+05 4.171144e+06 1.614709e+03 4.452214e-07 1.285185e-06 5.176875e-07 1.455309e-06 -2.083779e+01 1.910741e+01 5.606084e+01 
5.017375e+05 4.171145e+06 1.615320e+03 4.558319e-07 1.328216e-06 2.136892e-07 1.420424e-06 -8.652452e+00 1.894176e+01 5.748271e+01 
5.017379e+05 4.171146e+06 1.615816e+03 3.657590e-07 1.369631e-06 8.260032e-09 1.417652e-06 -3.338391e-01 1.495188e+01 5.867883e+01 
5.017395e+05 4.171147e+06 1.616386e+03 2.918548e-07 1.252346e-06 -3.646263e-07 1.336601e-06 1.583102e+01 1.311844e+01 6.056182e+01 
5.017400e+05 4.171148e+06 1.616739e+03 1.575270e-07 1.218521e-06 -5.086418e-07 1.329783e-06 2.248861e+01 7.366185e+00 6.153753e+01 
5.017407e+05 4.171148e+06 1.616901e+03 1.463899e-07 1.130913e-06 -6.237651e-07 1.299799e-06 2.867846e+01 7.375586e+00 6.232824e+01 
5.017419e+05 4.171149e+06 1.617229e+03 5.778451e-08 9.987294e-07 -8.650552e-07 1.322543e-06 4.085029e+01 3.311329e+00 6.365586e+01 
5.017440e+05 4.171149e+06 1.617469e+03 -5.455884e-08 7.378799e-07 -1.093861e-06 1.320597e-06 5.592535e+01 -4.228755e+00 6.578729e+01 
