# 1 , 2 , 3 , 4      , 5      , 6      , 7      , 8      , 9      ,                           10 (pm), 11 (pm), 12 (pm)  
# xm, ym, zm, IGRF_In, IGRF_Ic, IGRF_Dc, In_siB0, Ic_siB0, Dc_siB0,                           Bx_siB0, By_siB0, Bz_siB0  
1.247790e+02 1.002300e+02 2.007864e+00 4.518274e-05 5.346856e+01 3.327694e+00 4.743135e-05 5.204732e+01 3.899651e+00 2.910323e-05 1.983882e-06 3.740052e-05 
1.247790e+02 1.012943e+02 3.055164e+00 4.518274e-05 5.346856e+01 3.327694e+00 4.782218e-05 5.285086e+01 4.079587e+00 2.880625e-05 2.054542e-06 3.811745e-05 
1.247790e+02 1.023587e+02 4.011530e+00 4.518274e-05 5.346856e+01 3.327694e+00 4.799669e-05 5.382807e+01 4.284272e+00 2.824898e-05 2.116253e-06 3.874531e-05 
1.247790e+02 1.034230e+02 4.808937e+00 4.518274e-05 5.346856e+01 3.327694e+00 4.786180e-05 5.482633e+01 4.477329e+00 2.748697e-05 2.152328e-06 3.912270e-05 
1.247790e+02 1.044874e+02 5.390665e+00 4.518274e-05 5.346856e+01 3.327694e+00 4.745609e-05 5.565297e+01 4.618264e+00 2.668798e-05 2.155827e-06 3.918143e-05 
1.247790e+02 1.055517e+02 5.715335e+00 4.518274e-05 5.346856e+01 3.327694e+00 4.690438e-05 5.623369e+01 4.696063e+00 2.598226e-05 2.134333e-06 3.899215e-05 
1.247790e+02 1.066161e+02 5.759853e+00 4.518274e-05 5.346856e+01 3.327694e+00 4.627927e-05 5.660261e+01 4.720967e+00 2.538766e-05 2.096599e-06 3.863731e-05 
1.247790e+02 1.076804e+02 5.521053e+00 4.518274e-05 5.346856e+01 3.327694e+00 4.557722e-05 5.676947e+01 4.692708e+00 2.489300e-05 2.043388e-06 3.812409e-05 
1.247790e+02 1.087448e+02 5.015920e+00 4.518274e-05 5.346856e+01 3.327694e+00 4.480349e-05 5.664681e+01 4.590953e+00 2.455386e-05 1.971654e-06 3.742423e-05 
1.247790e+02 1.098091e+02 4.280385e+00 4.518274e-05 5.346856e+01 3.327694e+00 4.406776e-05 5.612297e+01 4.404384e+00 2.449137e-05 1.886393e-06 3.658663e-05 
1.247790e+02 1.108735e+02 3.366767e+00 4.518274e-05 5.346856e+01 3.327694e+00 4.354615e-05 5.524602e+01 4.169580e+00 2.475794e-05 1.804895e-06 3.577783e-05 
1.247790e+02 1.119378e+02 2.340052e+00 4.518274e-05 5.346856e+01 3.327694e+00 4.331638e-05 5.423425e+01 3.946869e+00 2.525720e-05 1.742621e-06 3.514748e-05 
1.247790e+02 1.130022e+02 1.273271e+00 4.518274e-05 5.346856e+01 3.327694e+00 4.332386e-05 5.328266e+01 3.769124e+00 2.584591e-05 1.702695e-06 3.472817e-05 
1.247790e+02 1.140665e+02 2.423037e-01 4.518274e-05 5.346856e+01 3.327694e+00 4.347736e-05 5.247536e+01 3.638878e+00 2.642878e-05 1.680763e-06 3.448152e-05 
1.247790e+02 1.151309e+02 -6.795161e-01 4.518274e-05 5.346856e+01 3.327694e+00 4.370858e-05 5.182622e+01 3.547734e+00 2.696226e-05 1.671631e-06 3.436106e-05 
1.247790e+02 1.161952e+02 -1.426619e+00 4.518274e-05 5.346856e+01 3.327694e+00 4.397945e-05 5.132521e+01 3.487256e+00 2.743183e-05 1.671678e-06 3.433500e-05 
1.247790e+02 1.172596e+02 -1.945863e+00 4.518274e-05 5.346856e+01 3.327694e+00 4.427360e-05 5.095901e+01 3.451669e+00 2.783630e-05 1.678973e-06 3.438710e-05 
1.247790e+02 1.183239e+02 -2.200315e+00 4.518274e-05 5.346856e+01 3.327694e+00 4.458812e-05 5.071638e+01 3.437630e+00 2.818060e-05 1.692810e-06 3.451216e-05 
1.247790e+02 1.193883e+02 -2.171874e+00 4.518274e-05 5.346856e+01 3.327694e+00 4.492756e-05 5.058897e+01 3.443529e+00 2.847208e-05 1.713261e-06 3.471154e-05 
1.247790e+02 1.204526e+02 -1.862564e+00 4.518274e-05 5.346856e+01 3.327694e+00 4.529943e-05 5.057152e+01 3.468995e+00 2.871761e-05 1.740847e-06 3.499009e-05 
1.247790e+02 1.215170e+02 -1.294387e+00 4.518274e-05 5.346856e+01 3.327694e+00 4.571056e-05 5.066328e+01 3.514772e+00 2.892036e-05 1.776329e-06 3.535411e-05 
1.247790e+02 1.225813e+02 -5.077570e-01 4.518274e-05 5.346856e+01 3.327694e+00 4.616340e-05 5.087082e+01 3.582924e+00 2.907544e-05 1.820572e-06 3.581011e-05 
1.247790e+02 1.236457e+02 4.413729e-01 4.518274e-05 5.346856e+01 3.327694e+00 4.665104e-05 5.121181e+01 3.677251e+00 2.916406e-05 1.874328e-06 3.636295e-05 
1.247790e+02 1.247100e+02 1.485490e+00 4.518274e-05 5.346856e+01 3.327694e+00 4.714841e-05 5.171700e+01 3.803279e+00 2.914629e-05 1.937570e-06 3.700963e-05 
1.247790e+02 1.257743e+02 2.550327e+00 4.518274e-05 5.346856e+01 3.327694e+00 4.759731e-05 5.242211e+01 3.966078e+00 2.895720e-05 2.007657e-06 3.772206e-05 
1.247790e+02 1.268387e+02 3.560140e+00 4.518274e-05 5.346856e+01 3.327694e+00 4.789265e-05 5.333108e+01 4.162280e+00 2.852558e-05 2.075908e-06 3.841468e-05 
1.247790e+02 1.279030e+02 4.443101e+00 4.518274e-05 5.346856e+01 3.327694e+00 4.791304e-05 5.434965e+01 4.367119e+00 2.784442e-05 2.126438e-06 3.893360e-05 
1.247790e+02 1.289674e+02 5.136405e+00 4.518274e-05 5.346856e+01 3.327694e+00 4.762567e-05 5.528394e+01 4.537351e+00 2.703828e-05 2.145695e-06 3.914756e-05 
1.247790e+02 1.300317e+02 5.590737e+00 4.518274e-05 5.346856e+01 3.327694e+00 4.713075e-05 5.598853e+01 4.645299e+00 2.627640e-05 2.135060e-06 3.906789e-05 
1.247790e+02 1.310961e+02 5.773780e+00 4.518274e-05 5.346856e+01 3.327694e+00 4.653902e-05 5.645874e+01 4.694719e+00 2.562827e-05 2.104649e-06 3.878972e-05 
1.247790e+02 1.321604e+02 5.672513e+00 4.518274e-05 5.346856e+01 3.327694e+00 4.587817e-05 5.673197e+01 4.693715e+00 2.508236e-05 2.059376e-06 3.835936e-05 
1.247790e+02 1.332248e+02 5.294141e+00 4.518274e-05 5.346856e+01 3.327694e+00 4.513518e-05 5.676961e+01 4.630632e+00 2.465365e-05 1.996852e-06 3.775439e-05 
1.247790e+02 1.342891e+02 4.665577e+00 4.518274e-05 5.346856e+01 3.327694e+00 4.436136e-05 5.645167e+01 4.483930e+00 2.444084e-05 1.916639e-06 3.697164e-05 
1.247790e+02 1.353535e+02 3.831531e+00 4.518274e-05 5.346856e+01 3.327694e+00 4.371789e-05 5.572832e+01 4.264841e+00 2.455015e-05 1.830786e-06 3.612745e-05 
1.247790e+02 1.364178e+02 2.851329e+00 4.518274e-05 5.346856e+01 3.327694e+00 4.334810e-05 5.475327e+01 4.029590e+00 2.495428e-05 1.757924e-06 3.540129e-05 
1.247790e+02 1.374822e+02 1.794693e+00 4.518274e-05 5.346856e+01 3.327694e+00 4.325337e-05 5.375620e+01 3.828216e+00 2.551530e-05 1.707346e-06 3.488421e-05 
1.247790e+02 1.385465e+02 7.367820e-01 4.518274e-05 5.346856e+01 3.327694e+00 4.334837e-05 5.287500e+01 3.675727e+00 2.610935e-05 1.677309e-06 3.456255e-05 
1.247790e+02 1.396109e+02 -2.471536e-01 4.518274e-05 5.346856e+01 3.327694e+00 4.355032e-05 5.215075e+01 3.566929e+00 2.667010e-05 1.662486e-06 3.438854e-05 
1.247790e+02 1.406752e+02 -1.087127e+00 4.518274e-05 5.346856e+01 3.327694e+00 4.380691e-05 5.158104e+01 3.492671e+00 2.717136e-05 1.658383e-06 3.432219e-05 
1.247790e+02 1.417396e+02 -1.723389e+00 4.518274e-05 5.346856e+01 3.327694e+00 4.409225e-05 5.115289e+01 3.445810e+00 2.760661e-05 1.662286e-06 3.434004e-05 
1.247790e+02 1.428039e+02 -2.110683e+00 4.518274e-05 5.346856e+01 3.327694e+00 4.439761e-05 5.085377e+01 3.421892e+00 2.797832e-05 1.672947e-06 3.443200e-05 
1.247790e+02 1.438683e+02 -2.221461e+00 4.518274e-05 5.346856e+01 3.327694e+00 4.472446e-05 5.067387e+01 3.418543e+00 2.829296e-05 1.690101e-06 3.459667e-05 
1.247790e+02 1.449326e+02 -2.047843e+00 4.518274e-05 5.346856e+01 3.327694e+00 4.507933e-05 5.060629e+01 3.434826e+00 2.855801e-05 1.714079e-06 3.483745e-05 
1.247790e+02 1.459970e+02 -1.602178e+00 4.518274e-05 5.346856e+01 3.327694e+00 4.546984e-05 5.064775e+01 3.470935e+00 2.877892e-05 1.745541e-06 3.516011e-05 
1.247790e+02 1.470613e+02 -9.161670e-01 4.518274e-05 5.346856e+01 3.327694e+00 4.590117e-05 5.080075e+01 3.528243e+00 2.895543e-05 1.785317e-06 3.557124e-05 
1.247790e+02 1.481257e+02 -3.860583e-02 4.518274e-05 5.346856e+01 3.327694e+00 4.637189e-05 5.107700e+01 3.609648e+00 2.907652e-05 1.834255e-06 3.607691e-05 
1.247790e+02 1.491900e+02 9.680840e-01 4.518274e-05 5.346856e+01 3.327694e+00 4.686743e-05 5.150096e+01 3.719906e+00 2.911358e-05 1.892848e-06 3.667932e-05 
