# 1    , 2      , 3      , 4      , 5      , 6      , 7       
# dmeas, Bx_siB0, By_siB0, Bz_siB0, In_siB0, Ic_siB0, Dc_siB0 
0.000000e+00 2.941000e-05 1.983455e-06 3.633667e-05 4.678927e-05 5.095056e+01 3.858273e+00 
0.000000e+00 2.911344e-05 2.054119e-06 3.705682e-05 4.717012e-05 5.177616e+01 4.035856e+00 
0.000000e+00 2.855664e-05 2.115833e-06 3.768779e-05 4.733210e-05 5.277269e+01 4.237446e+00 
0.000000e+00 2.779515e-05 2.151912e-06 3.806818e-05 4.718461e-05 5.378371e+01 4.427033e+00 
0.000000e+00 2.699672e-05 2.155414e-06 3.812980e-05 4.676911e-05 5.461479e+01 4.564804e+00 
0.000000e+00 2.629160e-05 2.133924e-06 3.794329e-05 4.621142e-05 5.519310e+01 4.640168e+00 
0.000000e+00 2.569764e-05 2.096193e-06 3.759111e-05 4.558349e-05 5.555455e+01 4.663373e+00 
0.000000e+00 2.520367e-05 2.042985e-06 3.708046e-05 4.488162e-05 5.570869e+01 4.634207e+00 
0.000000e+00 2.486528e-05 1.971255e-06 3.638306e-05 4.411230e-05 5.556647e+01 4.532782e+00 
0.000000e+00 2.480358e-05 1.885998e-06 3.554783e-05 4.338690e-05 5.501696e+01 4.348250e+00 
0.000000e+00 2.507100e-05 1.804502e-06 3.474129e-05 4.288086e-05 5.411369e+01 4.116804e+00 
0.000000e+00 2.557114e-05 1.742232e-06 3.411311e-05 4.266876e-05 5.308112e+01 3.897695e+00 
0.000000e+00 2.616081e-05 1.702309e-06 3.369587e-05 4.269306e-05 5.211630e+01 3.723044e+00 
0.000000e+00 2.674467e-05 1.680381e-06 3.345120e-05 4.286122e-05 5.130214e+01 3.595196e+00 
0.000000e+00 2.727921e-05 1.671252e-06 3.333263e-05 4.310467e-05 5.065071e+01 3.505826e+00 
0.000000e+00 2.774989e-05 1.671304e-06 3.330837e-05 4.338545e-05 5.015060e+01 3.446612e+00 
0.000000e+00 2.815553e-05 1.678602e-06 3.336219e-05 4.368738e-05 4.978770e+01 3.411874e+00 
0.000000e+00 2.850106e-05 1.692443e-06 3.348887e-05 4.400772e-05 4.955043e+01 3.398333e+00 
0.000000e+00 2.879382e-05 1.712897e-06 3.368980e-05 4.435111e-05 4.943033e+01 3.404420e+00 
0.000000e+00 2.904070e-05 1.740486e-06 3.396981e-05 4.472516e-05 4.942221e+01 3.429785e+00 
0.000000e+00 2.924486e-05 1.775973e-06 3.433520e-05 4.513671e-05 4.952538e+01 3.475172e+00 
0.000000e+00 2.940142e-05 1.820219e-06 3.479250e-05 4.558810e-05 4.974647e+01 3.542616e+00 
0.000000e+00 2.949158e-05 1.873978e-06 3.534656e-05 4.607216e-05 5.010310e+01 3.635848e+00 
0.000000e+00 2.947541e-05 1.937224e-06 3.599438e-05 4.656338e-05 5.062577e+01 3.760265e+00 
0.000000e+00 2.928800e-05 2.007315e-06 3.670787e-05 4.700302e-05 5.134932e+01 3.920756e+00 
0.000000e+00 2.885813e-05 2.075570e-06 3.740147e-05 4.728604e-05 5.227552e+01 4.113814e+00 
0.000000e+00 2.817879e-05 2.126104e-06 3.792130e-05 4.729259e-05 5.330659e+01 4.314821e+00 
0.000000e+00 2.737453e-05 2.145365e-06 3.813609e-05 4.699286e-05 5.424563e+01 4.481158e+00 
0.000000e+00 2.661461e-05 2.134733e-06 3.805718e-05 4.648918e-05 5.494733e+01 4.585822e+00 
0.000000e+00 2.596852e-05 2.104327e-06 3.777969e-05 4.589224e-05 5.540907e+01 4.632769e+00 
0.000000e+00 2.542473e-05 2.059057e-06 3.734994e-05 4.522913e-05 5.566906e+01 4.630073e+00 
0.000000e+00 2.499821e-05 1.996537e-06 3.674551e-05 4.448740e-05 5.568752e+01 4.566361e+00 
0.000000e+00 2.478767e-05 1.916327e-06 3.596323e-05 4.372019e-05 5.534362e+01 4.420726e+00 
0.000000e+00 2.489934e-05 1.830478e-06 3.511943e-05 4.308946e-05 5.459084e+01 4.204544e+00 
0.000000e+00 2.530591e-05 1.757621e-06 3.439359e-05 4.273637e-05 5.358949e+01 3.973095e+00 
0.000000e+00 2.586946e-05 1.707046e-06 3.387677e-05 4.265886e-05 5.257335e+01 3.775299e+00 
0.000000e+00 2.646612e-05 1.677013e-06 3.355529e-05 4.276945e-05 5.168020e+01 3.625672e+00 
0.000000e+00 2.702958e-05 1.662195e-06 3.338139e-05 4.298463e-05 5.094932e+01 3.518994e+00 
0.000000e+00 2.753365e-05 1.658095e-06 3.331508e-05 4.325211e-05 5.037663e+01 3.446230e+00 
0.000000e+00 2.797179e-05 1.662003e-06 3.333290e-05 4.354613e-05 4.994809e+01 3.400351e+00 
0.000000e+00 2.834650e-05 1.672667e-06 3.342477e-05 4.385815e-05 4.965065e+01 3.376988e+00 
0.000000e+00 2.866424e-05 1.689826e-06 3.358927e-05 4.418974e-05 4.947431e+01 3.373820e+00 
0.000000e+00 2.893248e-05 1.713808e-06 3.382982e-05 4.454753e-05 4.941218e+01 3.389939e+00 
0.000000e+00 2.915669e-05 1.745274e-06 3.415218e-05 4.493918e-05 4.946107e+01 3.425548e+00 
0.000000e+00 2.933661e-05 1.785054e-06 3.456294e-05 4.536981e-05 4.962356e+01 3.482001e+00 
0.000000e+00 2.946122e-05 1.833996e-06 3.506817e-05 4.583780e-05 4.991137e+01 3.562134e+00 
0.000000e+00 2.950192e-05 1.892594e-06 3.567008e-05 4.632817e-05 5.034882e+01 3.670583e+00 
