# 1,2,3, 4    , 5    , 6    , 7    , 8    , 9     
# x,y,z, Bx_si, By_si, Bz_si, In_si, Ic_si, Dc_si 
1.247790e+02 1.002300e+02 2.007864e+00 4.222552e-07 2.559696e-06 -3.096753e-08 2.594475e-06 6.838958e-01 9.367322e+00 
1.247790e+02 1.012943e+02 3.055164e+00 4.929192e-07 2.263142e-06 -7.511239e-07 2.434947e-06 1.796744e+01 1.228730e+01 
1.247790e+02 1.023587e+02 4.011530e+00 5.546333e-07 1.706338e-06 -1.382093e-06 2.264815e-06 3.760725e+01 1.800639e+01 
1.247790e+02 1.034230e+02 4.808937e+00 5.907121e-07 9.448464e-07 -1.762481e-06 2.085190e-06 5.769743e+01 3.201337e+01 
1.247790e+02 1.044874e+02 5.390665e+00 5.942140e-07 1.464165e-07 -1.824098e-06 1.924023e-06 7.145334e+01 7.615786e+01 
1.247790e+02 1.055517e+02 5.715335e+00 5.727239e-07 -5.587045e-07 -1.637592e-06 1.822600e-06 6.396057e+01 1.342901e+02 
1.247790e+02 1.066161e+02 5.759853e+00 5.349933e-07 -1.152656e-06 -1.285414e-06 1.807518e-06 4.532844e+01 1.551021e+02 
1.247790e+02 1.076804e+02 5.521053e+00 4.817849e-07 -1.646626e-06 -7.747618e-07 1.882485e-06 2.430307e+01 1.636911e+02 
1.247790e+02 1.087448e+02 5.015920e+00 4.100552e-07 -1.985022e-06 -7.736395e-08 2.028409e-06 2.185803e+00 1.683283e+02 
1.247790e+02 1.098091e+02 4.280385e+00 3.247976e-07 -2.046719e-06 7.578720e-07 2.206564e-06 -2.008797e+01 1.709828e+02 
1.247790e+02 1.108735e+02 3.366767e+00 2.433024e-07 -1.779304e-06 1.564409e-06 2.381700e-06 -4.105974e+01 1.722137e+02 
1.247790e+02 1.119378e+02 2.340052e+00 1.810324e-07 -1.279156e-06 2.192590e-06 2.544890e-06 -5.949285e+01 1.719447e+02 
1.247790e+02 1.130022e+02 1.273271e+00 1.411093e-07 -6.894934e-07 2.609827e-06 2.703056e-06 -7.490820e+01 1.684338e+02 
1.247790e+02 1.140665e+02 2.423037e-01 1.191810e-07 -1.056259e-07 2.854496e-06 2.858935e-06 -8.680680e+01 1.315494e+02 
1.247790e+02 1.151309e+02 -6.795161e-01 1.100523e-07 4.289109e-07 2.973071e-06 3.005865e-06 -8.152872e+01 1.439081e+01 
1.247790e+02 1.161952e+02 -1.426619e+00 1.101036e-07 8.995925e-07 2.997331e-06 3.131354e-06 -7.317621e+01 6.977883e+00 
1.247790e+02 1.172596e+02 -1.945863e+00 1.174021e-07 1.305226e-06 2.943510e-06 3.222057e-06 -6.600065e+01 5.139794e+00 
1.247790e+02 1.183239e+02 -2.200315e+00 1.312428e-07 1.650756e-06 2.816830e-06 3.267530e-06 -5.954947e+01 4.545719e+00 
1.247790e+02 1.193883e+02 -2.171874e+00 1.516973e-07 1.943523e-06 2.615900e-06 3.262396e-06 -5.330560e+01 4.463045e+00 
1.247790e+02 1.204526e+02 -1.862564e+00 1.792864e-07 2.190404e-06 2.335891e-06 3.207242e-06 -4.674555e+01 4.679275e+00 
1.247790e+02 1.215170e+02 -1.294387e+00 2.147726e-07 2.394561e-06 1.970495e-06 3.108521e-06 -3.933854e+01 5.125250e+00 
1.247790e+02 1.225813e+02 -5.077570e-01 2.590188e-07 2.551117e-06 1.513199e-06 2.977425e-06 -3.054561e+01 5.797460e+00 
1.247790e+02 1.236457e+02 4.413729e-01 3.127783e-07 2.641277e-06 9.591419e-07 2.827389e-06 -1.983011e+01 6.753476e+00 
1.247790e+02 1.247100e+02 1.485490e+00 3.760241e-07 2.625115e-06 3.113233e-07 2.670121e-06 -6.695644e+00 8.151654e+00 
1.247790e+02 1.257743e+02 2.550327e+00 4.461152e-07 2.437699e-06 -4.021661e-07 2.510604e-06 9.217750e+00 1.037075e+01 
1.247790e+02 1.268387e+02 3.560140e+00 5.143702e-07 2.007831e-06 -1.095768e-06 2.344498e-06 2.786427e+01 1.436912e+01 
1.247790e+02 1.279030e+02 4.443101e+00 5.649038e-07 1.328486e-06 -1.615599e-06 2.166599e-06 4.821792e+01 2.303635e+01 
1.247790e+02 1.289674e+02 5.136405e+00 5.841647e-07 5.242329e-07 -1.830388e-06 1.991580e-06 6.678956e+01 4.809500e+01 
1.247790e+02 1.300317e+02 5.590737e+00 5.735328e-07 -2.356851e-07 -1.751475e-06 1.857997e-06 7.050464e+01 1.123395e+02 
1.247790e+02 1.310961e+02 5.773780e+00 5.431265e-07 -8.817810e-07 -1.473993e-06 1.801438e-06 5.490812e+01 1.483693e+02 
1.247790e+02 1.321604e+02 5.672513e+00 4.978568e-07 -1.425572e-06 -1.044237e-06 1.835905e-06 3.466562e+01 1.607491e+02 
1.247790e+02 1.332248e+02 5.294141e+00 4.353373e-07 -1.852088e-06 -4.398087e-07 1.952737e-06 1.301622e+01 1.667726e+02 
1.247790e+02 1.342891e+02 4.665577e+00 3.551272e-07 -2.062630e-06 3.424726e-07 2.120813e-06 -9.292914e+00 1.702310e+02 
1.247790e+02 1.353535e+02 3.831531e+00 2.692783e-07 -1.950962e-06 1.186273e-06 2.299132e-06 -3.106203e+01 1.721415e+02 
1.247790e+02 1.364178e+02 2.851329e+00 1.964207e-07 -1.544388e-06 1.912111e-06 2.465742e-06 -5.084774e+01 1.727518e+02 
1.247790e+02 1.374822e+02 1.794693e+00 1.458461e-07 -9.808384e-07 2.428934e-06 2.623554e-06 -6.779206e+01 1.715424e+02 
1.247790e+02 1.385465e+02 7.367820e-01 1.158134e-07 -3.841752e-07 2.750413e-06 2.779528e-06 -8.169979e+01 1.632241e+02 
1.247790e+02 1.396109e+02 -2.471536e-01 1.009945e-07 1.792843e-07 2.924309e-06 2.931540e-06 -8.597493e+01 2.939345e+01 
1.247790e+02 1.406752e+02 -1.087127e+00 9.689527e-08 6.833462e-07 2.990623e-06 3.069231e-06 -7.700469e+01 8.070470e+00 
1.247790e+02 1.417396e+02 -1.723389e+00 1.008027e-07 1.121494e-06 2.972800e-06 3.178907e-06 -6.925468e+01 5.136086e+00 
1.247790e+02 1.428039e+02 -2.110683e+00 1.114674e-07 1.496195e-06 2.880928e-06 3.248195e-06 -6.249022e+01 4.260697e+00 
1.247790e+02 1.438683e+02 -2.221461e+00 1.286258e-07 1.813936e-06 2.716429e-06 3.268928e-06 -5.620000e+01 4.056044e+00 
1.247790e+02 1.449326e+02 -2.047843e+00 1.526077e-07 2.082177e-06 2.475877e-06 3.238629e-06 -4.986104e+01 4.191848e+00 
1.247790e+02 1.459970e+02 -1.602178e+00 1.840738e-07 2.306388e-06 2.153516e-06 3.160845e-06 -4.294612e+01 4.563128e+00 
1.247790e+02 1.470613e+02 -9.161670e-01 2.238540e-07 2.486314e-06 1.742762e-06 3.044517e-06 -3.491960e+01 5.144724e+00 
1.247790e+02 1.481257e+02 -3.860583e-02 2.727965e-07 2.610924e-06 1.237526e-06 2.902208e-06 -2.523984e+01 5.964777e+00 
1.247790e+02 1.491900e+02 9.680840e-01 3.313935e-07 2.651617e-06 6.356241e-07 2.746800e-06 -1.337982e+01 7.123770e+00 
