# 1, 2, 3, 4     , 5     , 6     , 7   , 8   , 9   , 10  
# x, y, z, Bbx_si, Bby_si, Bbz_si, In_si, Ic_si, Dc_si, dmeas 
1.002300e+02 1.247790e+02 1.800000e+00 -4.114044e-08 -2.467499e-07 1.021699e-06 1.051878e-06 -7.624217e+01 -1.705342e+02 
1.012943e+02 1.247790e+02 1.800000e+00 -3.910809e-08 -2.470619e-07 1.019840e-06 1.050068e-06 -7.621901e+01 -1.710051e+02 
1.023587e+02 1.247790e+02 1.800000e+00 -3.711255e-08 -2.473600e-07 1.018073e-06 1.048350e-06 -7.619651e+01 -1.714673e+02 
1.034230e+02 1.247790e+02 1.800000e+00 -3.515173e-08 -2.476443e-07 1.016396e-06 1.046721e-06 -7.617471e+01 -1.719212e+02 
1.044874e+02 1.247790e+02 1.800000e+00 -3.322356e-08 -2.479147e-07 1.014808e-06 1.045180e-06 -7.615367e+01 -1.723672e+02 
1.055517e+02 1.247790e+02 1.800000e+00 -3.132609e-08 -2.481714e-07 1.013307e-06 1.043725e-06 -7.613344e+01 -1.728057e+02 
1.066161e+02 1.247790e+02 1.800000e+00 -2.945738e-08 -2.484143e-07 1.011893e-06 1.042355e-06 -7.611405e+01 -1.732374e+02 
1.076804e+02 1.247790e+02 1.800000e+00 -2.761558e-08 -2.486435e-07 1.010564e-06 1.041069e-06 -7.609556e+01 -1.736624e+02 
1.087448e+02 1.247790e+02 1.800000e+00 -2.579887e-08 -2.488589e-07 1.009319e-06 1.039866e-06 -7.607800e+01 -1.740814e+02 
1.098091e+02 1.247790e+02 1.800000e+00 -2.400550e-08 -2.490605e-07 1.008157e-06 1.038744e-06 -7.606140e+01 -1.744946e+02 
1.108735e+02 1.247790e+02 1.800000e+00 -2.223374e-08 -2.492485e-07 1.007078e-06 1.037702e-06 -7.604579e+01 -1.749025e+02 
1.119378e+02 1.247790e+02 1.800000e+00 -2.048191e-08 -2.494227e-07 1.006081e-06 1.036740e-06 -7.603121e+01 -1.753056e+02 
1.130022e+02 1.247790e+02 1.800000e+00 -1.874837e-08 -2.495832e-07 1.005165e-06 1.035857e-06 -7.601767e+01 -1.757041e+02 
1.140665e+02 1.247790e+02 1.800000e+00 -1.703151e-08 -2.497301e-07 1.004328e-06 1.035051e-06 -7.600521e+01 -1.760985e+02 
1.151309e+02 1.247790e+02 1.800000e+00 -1.532976e-08 -2.498633e-07 1.003572e-06 1.034322e-06 -7.599384e+01 -1.764892e+02 
1.161952e+02 1.247790e+02 1.800000e+00 -1.364156e-08 -2.499828e-07 1.002894e-06 1.033670e-06 -7.598358e+01 -1.768765e+02 
1.172596e+02 1.247790e+02 1.800000e+00 -1.196540e-08 -2.500887e-07 1.002295e-06 1.033093e-06 -7.597445e+01 -1.772608e+02 
1.183239e+02 1.247790e+02 1.800000e+00 -1.029976e-08 -2.501810e-07 1.001773e-06 1.032592e-06 -7.596647e+01 -1.776425e+02 
1.193883e+02 1.247790e+02 1.800000e+00 -8.643158e-09 -2.502596e-07 1.001330e-06 1.032166e-06 -7.595964e+01 -1.780220e+02 
1.204526e+02 1.247790e+02 1.800000e+00 -6.994135e-09 -2.503246e-07 1.000964e-06 1.031814e-06 -7.595399e+01 -1.783996e+02 
1.215170e+02 1.247790e+02 1.800000e+00 -5.351233e-09 -2.503759e-07 1.000674e-06 1.031536e-06 -7.594950e+01 -1.787756e+02 
1.225813e+02 1.247790e+02 1.800000e+00 -3.713008e-09 -2.504137e-07 1.000462e-06 1.031332e-06 -7.594620e+01 -1.791505e+02 
1.236457e+02 1.247790e+02 1.800000e+00 -2.078026e-09 -2.504378e-07 1.000326e-06 1.031201e-06 -7.594409e+01 -1.795246e+02 
1.247100e+02 1.247790e+02 1.800000e+00 -4.448578e-10 -2.504483e-07 1.000267e-06 1.031144e-06 -7.594317e+01 -1.798982e+02 
1.257743e+02 1.247790e+02 1.800000e+00 1.187922e-09 -2.504452e-07 1.000285e-06 1.031161e-06 -7.594344e+01 1.797282e+02 
1.268387e+02 1.247790e+02 1.800000e+00 2.821739e-09 -2.504285e-07 1.000379e-06 1.031251e-06 -7.594490e+01 1.793544e+02 
1.279030e+02 1.247790e+02 1.800000e+00 4.458019e-09 -2.503982e-07 1.000549e-06 1.031415e-06 -7.594756e+01 1.789800e+02 
1.289674e+02 1.247790e+02 1.800000e+00 6.098194e-09 -2.503542e-07 1.000796e-06 1.031653e-06 -7.595140e+01 1.786047e+02 
1.300317e+02 1.247790e+02 1.800000e+00 7.743702e-09 -2.502967e-07 1.001121e-06 1.031965e-06 -7.595642e+01 1.782279e+02 
1.310961e+02 1.247790e+02 1.800000e+00 9.395991e-09 -2.502255e-07 1.001522e-06 1.032350e-06 -7.596261e+01 1.778495e+02 
1.321604e+02 1.247790e+02 1.800000e+00 1.105652e-08 -2.501407e-07 1.002001e-06 1.032811e-06 -7.596996e+01 1.774691e+02 
1.332248e+02 1.247790e+02 1.800000e+00 1.272677e-08 -2.500422e-07 1.002558e-06 1.033346e-06 -7.597847e+01 1.770862e+02 
1.342891e+02 1.247790e+02 1.800000e+00 1.440822e-08 -2.499301e-07 1.003192e-06 1.033957e-06 -7.598811e+01 1.767006e+02 
1.353535e+02 1.247790e+02 1.800000e+00 1.610239e-08 -2.498044e-07 1.003906e-06 1.034644e-06 -7.599888e+01 1.763118e+02 
1.364178e+02 1.247790e+02 1.800000e+00 1.781083e-08 -2.496650e-07 1.004699e-06 1.035408e-06 -7.601075e+01 1.759195e+02 
1.374822e+02 1.247790e+02 1.800000e+00 1.953508e-08 -2.495119e-07 1.005572e-06 1.036249e-06 -7.602370e+01 1.755233e+02 
1.385465e+02 1.247790e+02 1.800000e+00 2.127674e-08 -2.493451e-07 1.006525e-06 1.037168e-06 -7.603771e+01 1.751227e+02 
1.396109e+02 1.247790e+02 1.800000e+00 2.303743e-08 -2.491646e-07 1.007559e-06 1.038166e-06 -7.605277e+01 1.747175e+02 
1.406752e+02 1.247790e+02 1.800000e+00 2.481882e-08 -2.489704e-07 1.008676e-06 1.039244e-06 -7.606883e+01 1.743072e+02 
1.417396e+02 1.247790e+02 1.800000e+00 2.662259e-08 -2.487625e-07 1.009875e-06 1.040403e-06 -7.608587e+01 1.738914e+02 
1.428039e+02 1.247790e+02 1.800000e+00 2.845050e-08 -2.485409e-07 1.011158e-06 1.041644e-06 -7.610386e+01 1.734698e+02 
1.438683e+02 1.247790e+02 1.800000e+00 3.030432e-08 -2.483055e-07 1.012526e-06 1.042968e-06 -7.612277e+01 1.730418e+02 
1.449326e+02 1.247790e+02 1.800000e+00 3.218588e-08 -2.480563e-07 1.013979e-06 1.044376e-06 -7.614254e+01 1.726070e+02 
1.459970e+02 1.247790e+02 1.800000e+00 3.409708e-08 -2.477934e-07 1.015520e-06 1.045870e-06 -7.616315e+01 1.721651e+02 
1.470613e+02 1.247790e+02 1.800000e+00 3.603986e-08 -2.475166e-07 1.017148e-06 1.047451e-06 -7.618454e+01 1.717156e+02 
1.481257e+02 1.247790e+02 1.800000e+00 3.801622e-08 -2.472260e-07 1.018866e-06 1.049121e-06 -7.620667e+01 1.712580e+02 
1.491900e+02 1.247790e+02 1.800000e+00 4.002825e-08 -2.469216e-07 1.020675e-06 1.050880e-06 -7.622948e+01 1.707919e+02 
