# 1 , 2 , 3 , 4      , 5      , 6      , 7      , 8      , 9      ,                           10 (pm), 11 (pm), 12 (pm)  
# xm, ym, zm, IGRF_In, IGRF_Ic, IGRF_Dc, In_siB0, Ic_siB0, Dc_siB0,                           Bx_siB0, By_siB0, Bz_siB0  
1.002300e+02 1.247790e+02 2.054321e+00 2.215188e-05 -3.250676e+01 -1.512331e+01 2.271128e-05 -3.168301e+01 -2.066893e+01 1.808261e-05 -6.821643e-06 -1.192840e-05 
1.012943e+02 1.247790e+02 3.101620e+00 2.215188e-05 -3.250676e+01 -1.512331e+01 2.315357e-05 -3.293400e+01 -2.094856e+01 1.814826e-05 -6.947777e-06 -1.258796e-05 
1.023587e+02 1.247790e+02 4.057986e+00 2.215188e-05 -3.250676e+01 -1.512331e+01 2.357634e-05 -3.435883e+01 -2.058202e+01 1.822042e-05 -6.842080e-06 -1.330587e-05 
1.034230e+02 1.247790e+02 4.855393e+00 2.215188e-05 -3.250676e+01 -1.512331e+01 2.388371e-05 -3.570456e+01 -1.948070e+01 1.828420e-05 -6.467844e-06 -1.393867e-05 
1.044874e+02 1.247790e+02 5.437121e+00 2.215188e-05 -3.250676e+01 -1.512331e+01 2.402030e-05 -3.670752e+01 -1.788655e+01 1.832625e-05 -5.914467e-06 -1.435767e-05 
1.055517e+02 1.247790e+02 5.761791e+00 2.215188e-05 -3.250676e+01 -1.512331e+01 2.401138e-05 -3.730657e+01 -1.614379e+01 1.834563e-05 -5.310386e-06 -1.455281e-05 
1.066161e+02 1.247790e+02 5.806309e+00 2.215188e-05 -3.250676e+01 -1.512331e+01 2.390100e-05 -3.757766e+01 -1.439128e+01 1.834781e-05 -4.707942e-06 -1.457570e-05 
1.076804e+02 1.247790e+02 5.567509e+00 2.215188e-05 -3.250676e+01 -1.512331e+01 2.369357e-05 -3.754001e+01 -1.261283e+01 1.833392e-05 -4.102426e-06 -1.443685e-05 
1.087448e+02 1.247790e+02 5.062376e+00 2.215188e-05 -3.250676e+01 -1.512331e+01 2.336150e-05 -3.709252e+01 -1.089080e+01 1.829897e-05 -3.520780e-06 -1.408941e-05 
1.098091e+02 1.247790e+02 4.326841e+00 2.215188e-05 -3.250676e+01 -1.512331e+01 2.290712e-05 -3.614599e+01 -9.567365e+00 1.824059e-05 -3.074480e-06 -1.351164e-05 
1.108735e+02 1.247790e+02 3.413223e+00 2.215188e-05 -3.250676e+01 -1.512331e+01 2.241070e-05 -3.483019e+01 -9.010981e+00 1.816875e-05 -2.881217e-06 -1.279978e-05 
1.119378e+02 1.247790e+02 2.386508e+00 2.215188e-05 -3.250676e+01 -1.512331e+01 2.197391e-05 -3.343698e+01 -9.233714e+00 1.809945e-05 -2.942401e-06 -1.210805e-05 
1.130022e+02 1.247790e+02 1.319727e+00 2.215188e-05 -3.250676e+01 -1.512331e+01 2.164363e-05 -3.218199e+01 -9.963555e+00 1.804204e-05 -3.169466e-06 -1.152762e-05 
1.140665e+02 1.247790e+02 2.887598e-01 2.215188e-05 -3.250676e+01 -1.512331e+01 2.141655e-05 -3.114081e+01 -1.092736e+01 1.799804e-05 -3.474790e-06 -1.107542e-05 
1.151309e+02 1.247790e+02 -6.330600e-01 2.215188e-05 -3.250676e+01 -1.512331e+01 2.127322e-05 -3.031599e+01 -1.195662e+01 1.796579e-05 -3.804533e-06 -1.073805e-05 
1.161952e+02 1.247790e+02 -1.380163e+00 2.215188e-05 -3.250676e+01 -1.512331e+01 2.119609e-05 -2.969166e+01 -1.297097e+01 1.794329e-05 -4.132961e-06 -1.049911e-05 
1.172596e+02 1.247790e+02 -1.899407e+00 2.215188e-05 -3.250676e+01 -1.512331e+01 2.117393e-05 -2.925372e+01 -1.394347e+01 1.792916e-05 -4.451457e-06 -1.034723e-05 
1.183239e+02 1.247790e+02 -2.153858e+00 2.215188e-05 -3.250676e+01 -1.512331e+01 2.120112e-05 -2.899290e+01 -1.487699e+01 1.792258e-05 -4.761123e-06 -1.027621e-05 
1.193883e+02 1.247790e+02 -2.125418e+00 2.215188e-05 -3.250676e+01 -1.512331e+01 2.127622e-05 -2.890347e+01 -1.578876e+01 1.792322e-05 -5.067961e-06 -1.028355e-05 
1.204526e+02 1.247790e+02 -1.816108e+00 2.215188e-05 -3.250676e+01 -1.512331e+01 2.140067e-05 -2.898246e+01 -1.669909e+01 1.793112e-05 -5.379282e-06 -1.036952e-05 
1.215170e+02 1.247790e+02 -1.247931e+00 2.215188e-05 -3.250676e+01 -1.512331e+01 2.157804e-05 -2.923102e+01 -1.762140e+01 1.794669e-05 -5.700403e-06 -1.053725e-05 
1.225813e+02 1.247790e+02 -4.613009e-01 2.215188e-05 -3.250676e+01 -1.512331e+01 2.181356e-05 -2.965819e+01 -1.855137e+01 1.797086e-05 -6.030887e-06 -1.079389e-05 
1.236457e+02 1.247790e+02 4.878289e-01 2.215188e-05 -3.250676e+01 -1.512331e+01 2.211319e-05 -3.028570e+01 -1.945312e+01 1.800515e-05 -6.359384e-06 -1.115195e-05 
1.247100e+02 1.247790e+02 1.531946e+00 2.215188e-05 -3.250676e+01 -1.512331e+01 2.248047e-05 -3.114871e+01 -2.023832e+01 1.805160e-05 -6.655407e-06 -1.162827e-05 
1.257743e+02 1.247790e+02 2.596783e+00 2.215188e-05 -3.250676e+01 -1.512331e+01 2.290672e-05 -3.227931e+01 -2.074013e+01 1.811157e-05 -6.858291e-06 -1.223327e-05 
1.268387e+02 1.247790e+02 3.606596e+00 2.215188e-05 -3.250676e+01 -1.512331e+01 2.335106e-05 -3.364784e+01 -2.071330e+01 1.818232e-05 -6.875350e-06 -1.293852e-05 
1.279030e+02 1.247790e+02 4.489557e+00 2.215188e-05 -3.250676e+01 -1.512331e+01 2.372802e-05 -3.507594e+01 -1.995704e+01 1.825268e-05 -6.627937e-06 -1.363558e-05 
1.289674e+02 1.247790e+02 5.182861e+00 2.215188e-05 -3.250676e+01 -1.512331e+01 2.395157e-05 -3.627226e+01 -1.855234e+01 1.830663e-05 -6.143914e-06 -1.417030e-05 
1.300317e+02 1.247790e+02 5.637193e+00 2.215188e-05 -3.250676e+01 -1.512331e+01 2.400985e-05 -3.706459e+01 -1.684449e+01 1.833680e-05 -5.551747e-06 -1.447110e-05 
1.310961e+02 1.247790e+02 5.820236e+00 2.215188e-05 -3.250676e+01 -1.512331e+01 2.394800e-05 -3.748736e+01 -1.509111e+01 1.834710e-05 -4.947376e-06 -1.457442e-05 
1.321604e+02 1.247790e+02 5.718969e+00 2.215188e-05 -3.250676e+01 -1.512331e+01 2.379298e-05 -3.760686e+01 -1.332581e+01 1.834168e-05 -4.344517e-06 -1.451943e-05 
1.332248e+02 1.247790e+02 5.340597e+00 2.215188e-05 -3.250676e+01 -1.512331e+01 2.352787e-05 -3.737692e+01 -1.154957e+01 1.831807e-05 -3.743361e-06 -1.428273e-05 
1.342891e+02 1.247790e+02 4.712033e+00 2.215188e-05 -3.250676e+01 -1.512331e+01 2.313061e-05 -3.667496e+01 -9.977257e+00 1.827104e-05 -3.214199e-06 -1.381533e-05 
1.353535e+02 1.247790e+02 3.877987e+00 2.215188e-05 -3.250676e+01 -1.512331e+01 2.264294e-05 -3.550846e+01 -9.020420e+00 1.820407e-05 -2.889892e-06 -1.315154e-05 
1.364178e+02 1.247790e+02 2.897785e+00 2.215188e-05 -3.250676e+01 -1.512331e+01 2.216838e-05 -3.411937e+01 -8.890551e+00 1.813206e-05 -2.836341e-06 -1.243466e-05 
1.374822e+02 1.247790e+02 1.841149e+00 2.215188e-05 -3.250676e+01 -1.512331e+01 2.178525e-05 -3.278328e+01 -9.417038e+00 1.806857e-05 -2.996754e-06 -1.179591e-05 
1.385465e+02 1.247790e+02 7.832381e-01 2.215188e-05 -3.250676e+01 -1.512331e+01 2.151065e-05 -3.163871e+01 -1.030014e+01 1.801845e-05 -3.274552e-06 -1.128366e-05 
1.396109e+02 1.247790e+02 -2.006976e-01 2.215188e-05 -3.250676e+01 -1.512331e+01 2.132969e-05 -3.071439e+01 -1.131763e+01 1.798106e-05 -3.598722e-06 -1.089432e-05 
1.406752e+02 1.247790e+02 -1.040670e+00 2.215188e-05 -3.250676e+01 -1.512331e+01 2.122278e-05 -2.999890e+01 -1.235009e+01 1.795435e-05 -3.931128e-06 -1.061104e-05 
1.417396e+02 1.247790e+02 -1.676933e+00 2.215188e-05 -3.250676e+01 -1.512331e+01 2.117555e-05 -2.947621e+01 -1.334782e+01 1.793661e-05 -4.255843e-06 -1.041969e-05 
1.428039e+02 1.247790e+02 -2.064227e+00 2.215188e-05 -3.250676e+01 -1.512331e+01 2.117976e-05 -2.913470e+01 -1.430113e+01 1.792675e-05 -4.569846e-06 -1.031167e-05 
1.438683e+02 1.247790e+02 -2.175005e+00 2.215188e-05 -3.250676e+01 -1.512331e+01 2.123208e-05 -2.896708e+01 -1.522166e+01 1.792421e-05 -4.877177e-06 -1.028285e-05 
1.449326e+02 1.247790e+02 -2.001387e+00 2.215188e-05 -3.250676e+01 -1.512331e+01 2.133263e-05 -2.896896e+01 -1.612949e+01 1.792887e-05 -5.184900e-06 -1.033215e-05 
1.459970e+02 1.247790e+02 -1.555722e+00 2.215188e-05 -3.250676e+01 -1.512331e+01 2.148398e-05 -2.913909e+01 -1.704278e+01 1.794093e-05 -5.499743e-06 -1.046122e-05 
1.470613e+02 1.247790e+02 -8.697109e-01 2.215188e-05 -3.250676e+01 -1.512331e+01 2.169060e-05 -2.948201e+01 -1.796758e+01 1.796105e-05 -5.824665e-06 -1.067504e-05 
1.481257e+02 1.247790e+02 7.850238e-03 2.215188e-05 -3.250676e+01 -1.512331e+01 2.195833e-05 -3.001258e+01 -1.888586e+01 1.799044e-05 -6.154546e-06 -1.098334e-05 
1.491900e+02 1.247790e+02 1.014540e+00 2.215188e-05 -3.250676e+01 -1.512331e+01 2.229266e-05 -3.075983e+01 -1.973828e+01 1.803096e-05 -6.469613e-06 -1.140137e-05 
