# 1 , 2 , 3 , 4      , 5      , 6      , 7      , 8      , 9      ,                       10 (pm), 11 (pm), 12 (pm)  
# xm, ym, zm, IGRF_In, IGRF_Ic, IGRF_Dc, In_siB0, Ic_siB0, Dc_siB0,                       Bx_siB0, By_siB0, Bz_siB0  
1.002300e+02 1.247790e+02 2.054321e+00 2.215188e-05 -3.250676e+01 -1.512331e+01 2.238072e-05 -2.916497e+01 -2.030073e+01 1.832936e-05 -6.780503e-06 -1.090670e-05 
1.012943e+02 1.247790e+02 3.101620e+00 2.215188e-05 -3.250676e+01 -1.512331e+01 2.280217e-05 -3.048584e+01 -2.058450e+01 1.839532e-05 -6.908669e-06 -1.156812e-05 
1.023587e+02 1.247790e+02 4.057986e+00 2.215188e-05 -3.250676e+01 -1.512331e+01 2.320251e-05 -3.197771e+01 -2.022773e+01 1.846778e-05 -6.804968e-06 -1.228780e-05 
1.034230e+02 1.247790e+02 4.855393e+00 2.215188e-05 -3.250676e+01 -1.512331e+01 2.349030e-05 -3.337465e+01 -1.914269e+01 1.853184e-05 -6.432692e-06 -1.292228e-05 
1.044874e+02 1.247790e+02 5.437121e+00 2.215188e-05 -3.250676e+01 -1.512331e+01 2.361399e-05 -3.440509e+01 -1.756965e+01 1.857417e-05 -5.881244e-06 -1.334286e-05 
1.055517e+02 1.247790e+02 5.761791e+00 2.215188e-05 -3.250676e+01 -1.512331e+01 2.359907e-05 -3.501077e+01 -1.585004e+01 1.859380e-05 -5.279060e-06 -1.353950e-05 
1.066161e+02 1.247790e+02 5.806309e+00 2.215188e-05 -3.250676e+01 -1.512331e+01 2.348797e-05 -3.527341e+01 -1.412155e+01 1.859623e-05 -4.678485e-06 -1.356380e-05 
1.076804e+02 1.247790e+02 5.567509e+00 2.215188e-05 -3.250676e+01 -1.512331e+01 2.328478e-05 -3.521262e+01 -1.236814e+01 1.858256e-05 -4.074811e-06 -1.342629e-05 
1.087448e+02 1.247790e+02 5.062376e+00 2.215188e-05 -3.250676e+01 -1.512331e+01 2.296357e-05 -3.472246e+01 -1.067116e+01 1.854783e-05 -3.494981e-06 -1.308009e-05 
1.098091e+02 1.247790e+02 4.326841e+00 2.215188e-05 -3.250676e+01 -1.512331e+01 2.252798e-05 -3.371211e+01 -9.368424e+00 1.848965e-05 -3.050474e-06 -1.250349e-05 
1.108735e+02 1.247790e+02 3.413223e+00 2.215188e-05 -3.250676e+01 -1.512331e+01 2.205593e-05 -3.232171e+01 -8.823472e+00 1.841800e-05 -2.858983e-06 -1.179270e-05 
1.119378e+02 1.247790e+02 2.386508e+00 2.215188e-05 -3.250676e+01 -1.512331e+01 2.164422e-05 -3.085919e+01 -9.047952e+00 1.834887e-05 -2.921919e-06 -1.110197e-05 
1.130022e+02 1.247790e+02 1.319727e+00 2.215188e-05 -3.250676e+01 -1.512331e+01 2.133618e-05 -2.954943e+01 -9.773251e+00 1.829162e-05 -3.150718e-06 -1.052246e-05 
1.140665e+02 1.247790e+02 2.887598e-01 2.215188e-05 -3.250676e+01 -1.512331e+01 2.112734e-05 -2.846915e+01 -1.072973e+01 1.824777e-05 -3.457759e-06 -1.007109e-05 
1.151309e+02 1.247790e+02 -6.330600e-01 2.215188e-05 -3.250676e+01 -1.512331e+01 2.099829e-05 -2.761865e+01 -1.175103e+01 1.821565e-05 -3.789203e-06 -9.734480e-06 
1.161952e+02 1.247790e+02 -1.380163e+00 2.215188e-05 -3.250676e+01 -1.512331e+01 2.093184e-05 -2.697959e+01 -1.275779e+01 1.819327e-05 -4.119319e-06 -9.496214e-06 
1.172596e+02 1.247790e+02 -1.899407e+00 2.215188e-05 -3.250676e+01 -1.512331e+01 2.091702e-05 -2.653614e+01 -1.372341e+01 1.817925e-05 -4.439491e-06 -9.344936e-06 
1.183239e+02 1.247790e+02 -2.153858e+00 2.215188e-05 -3.250676e+01 -1.512331e+01 2.094838e-05 -2.627807e+01 -1.465069e+01 1.817276e-05 -4.750823e-06 -9.274436e-06 
1.193883e+02 1.247790e+02 -2.125418e+00 2.215188e-05 -3.250676e+01 -1.512331e+01 2.102455e-05 -2.619927e+01 -1.555668e+01 1.817348e-05 -5.059318e-06 -9.282219e-06 
1.204526e+02 1.247790e+02 -1.816108e+00 2.215188e-05 -3.250676e+01 -1.512331e+01 2.114701e-05 -2.629674e+01 -1.646146e+01 1.818144e-05 -5.372288e-06 -9.368553e-06 
1.215170e+02 1.247790e+02 -1.247931e+00 2.215188e-05 -3.250676e+01 -1.512331e+01 2.131931e-05 -2.657194e+01 -1.737831e+01 1.819707e-05 -5.695051e-06 -9.536579e-06 
1.225813e+02 1.247790e+02 -4.613009e-01 2.215188e-05 -3.250676e+01 -1.512331e+01 2.154652e-05 -2.703435e+01 -1.830302e+01 1.822127e-05 -6.027174e-06 -9.793424e-06 
1.236457e+02 1.247790e+02 4.878289e-01 2.215188e-05 -3.250676e+01 -1.512331e+01 2.183432e-05 -2.770627e+01 -1.920010e+01 1.825559e-05 -6.357306e-06 -1.015162e-05 
1.247100e+02 1.247790e+02 1.531946e+00 2.215188e-05 -3.250676e+01 -1.512331e+01 2.218577e-05 -2.862313e+01 -1.998220e+01 1.830205e-05 -6.654962e-06 -1.062801e-05 
1.257743e+02 1.247790e+02 2.596783e+00 2.215188e-05 -3.250676e+01 -1.512331e+01 2.259194e-05 -2.981572e+01 -2.048413e+01 1.836201e-05 -6.859478e-06 -1.123298e-05 
1.268387e+02 1.247790e+02 3.606596e+00 2.215188e-05 -3.250676e+01 -1.512331e+01 2.301292e-05 -3.124898e+01 -2.046304e+01 1.843274e-05 -6.878171e-06 -1.193814e-05 
1.279030e+02 1.247790e+02 4.489557e+00 2.215188e-05 -3.250676e+01 -1.512331e+01 2.336657e-05 -3.273343e+01 -1.972013e+01 1.850307e-05 -6.632395e-06 -1.263503e-05 
1.289674e+02 1.247790e+02 5.182861e+00 2.215188e-05 -3.250676e+01 -1.512331e+01 2.357160e-05 -3.396609e+01 -1.833583e+01 1.855699e-05 -6.150012e-06 -1.316950e-05 
1.300317e+02 1.247790e+02 5.637193e+00 2.215188e-05 -3.250676e+01 -1.512331e+01 2.361839e-05 -3.477235e+01 -1.665218e+01 1.858710e-05 -5.559491e-06 -1.346998e-05 
1.310961e+02 1.247790e+02 5.820236e+00 2.215188e-05 -3.250676e+01 -1.512331e+01 2.355109e-05 -3.519194e+01 -1.492418e+01 1.859733e-05 -4.956772e-06 -1.357290e-05 
1.321604e+02 1.247790e+02 5.718969e+00 2.215188e-05 -3.250676e+01 -1.512331e+01 2.339547e-05 -3.529454e+01 -1.318510e+01 1.859182e-05 -4.355573e-06 -1.351743e-05 
1.332248e+02 1.247790e+02 5.340597e+00 2.215188e-05 -3.250676e+01 -1.512331e+01 2.313538e-05 -3.503104e+01 -1.143588e+01 1.856811e-05 -3.756088e-06 -1.328018e-05 
1.342891e+02 1.247790e+02 4.712033e+00 2.215188e-05 -3.250676e+01 -1.512331e+01 2.275085e-05 -3.427392e+01 -9.888536e+00 1.852097e-05 -3.228607e-06 -1.281214e-05 
1.353535e+02 1.247790e+02 3.877987e+00 2.215188e-05 -3.250676e+01 -1.512331e+01 2.228352e-05 -3.303422e+01 -8.949073e+00 1.845387e-05 -2.905995e-06 -1.214764e-05 
1.364178e+02 1.247790e+02 2.897785e+00 2.215188e-05 -3.250676e+01 -1.512331e+01 2.183296e-05 -3.156859e+01 -8.825905e+00 1.838172e-05 -2.854152e-06 -1.142997e-05 
1.374822e+02 1.247790e+02 1.841149e+00 2.215188e-05 -3.250676e+01 -1.512331e+01 2.147281e-05 -3.016630e+01 -9.350520e+00 1.831809e-05 -3.016289e-06 -1.079033e-05 
1.385465e+02 1.247790e+02 7.832381e-01 2.215188e-05 -3.250676e+01 -1.512331e+01 2.121778e-05 -2.897081e+01 -1.022714e+01 1.826780e-05 -3.295829e-06 -1.027713e-05 
1.396109e+02 1.247790e+02 -2.006976e-01 2.215188e-05 -3.250676e+01 -1.512331e+01 2.105246e-05 -2.800996e+01 -1.123653e+01 1.823022e-05 -3.621760e-06 -9.886765e-06 
1.406752e+02 1.247790e+02 -1.040670e+00 2.215188e-05 -3.250676e+01 -1.512331e+01 2.095747e-05 -2.726993e+01 -1.226088e+01 1.820332e-05 -3.955947e-06 -9.602361e-06 
1.417396e+02 1.247790e+02 -1.676933e+00 2.215188e-05 -3.250676e+01 -1.512331e+01 2.091869e-05 -2.673264e+01 -1.325113e+01 1.818537e-05 -4.282465e-06 -9.409811e-06 
1.428039e+02 1.247790e+02 -2.064227e+00 2.215188e-05 -3.250676e+01 -1.512331e+01 2.092809e-05 -2.638518e+01 -1.419775e+01 1.817529e-05 -4.598296e-06 -9.300517e-06 
1.438683e+02 1.247790e+02 -2.175005e+00 2.215188e-05 -3.250676e+01 -1.512331e+01 2.098244e-05 -2.621964e+01 -1.511222e+01 1.817252e-05 -4.907482e-06 -9.270321e-06 
1.449326e+02 1.247790e+02 -2.001387e+00 2.215188e-05 -3.250676e+01 -1.512331e+01 2.108191e-05 -2.623147e+01 -1.601438e+01 1.817692e-05 -5.217086e-06 -9.318174e-06 
1.459970e+02 1.247790e+02 -1.555722e+00 2.215188e-05 -3.250676e+01 -1.512331e+01 2.122909e-05 -2.641960e+01 -1.692216e+01 1.818872e-05 -5.533840e-06 -9.445704e-06 
1.470613e+02 1.247790e+02 -8.697109e-01 2.215188e-05 -3.250676e+01 -1.512331e+01 2.142836e-05 -2.678899e+01 -1.784157e+01 1.820856e-05 -5.860704e-06 -9.657889e-06 
1.481257e+02 1.247790e+02 7.850238e-03 2.215188e-05 -3.250676e+01 -1.512331e+01 2.168527e-05 -2.735512e+01 -1.875481e+01 1.823767e-05 -6.192562e-06 -9.964473e-06 
1.491900e+02 1.247790e+02 1.014540e+00 2.215188e-05 -3.250676e+01 -1.512331e+01 2.200489e-05 -2.814762e+01 -1.960329e+01 1.827788e-05 -6.509641e-06 -1.038069e-05 
