# 1,2,3, 4    , 5    , 6    , 7    , 8    , 9     
# x,y,z, Bx_si, By_si, Bz_si, In_si, Ic_si, Dc_si 
1.002300e+02 1.247790e+02 2.054321e+00 -1.906603e-06 2.950587e-07 -9.976957e-07 2.172002e-06 2.734478e+01 -8.120291e+01 
1.012943e+02 1.247790e+02 3.101620e+00 -2.034769e-06 3.610240e-07 -3.362804e-07 2.093731e-06 9.242479e+00 -7.993886e+01 
1.023587e+02 1.247790e+02 4.057986e+00 -1.931068e-06 4.334759e-07 3.833998e-07 2.015916e-06 -1.096366e+01 -7.734827e+01 
1.034230e+02 1.247790e+02 4.855393e+00 -1.558792e-06 4.975442e-07 1.017877e-06 1.927033e-06 -3.188456e+01 -7.229766e+01 
1.044874e+02 1.247790e+02 5.437121e+00 -1.007344e-06 5.398660e-07 1.438457e-06 1.837214e-06 -5.153200e+01 -6.181179e+01 
1.055517e+02 1.247790e+02 5.761791e+00 -4.051596e-07 5.594991e-07 1.635102e-06 1.775036e-06 -6.709709e+01 -3.591007e+01 
1.066161e+02 1.247790e+02 5.806309e+00 1.954150e-07 5.619261e-07 1.659404e-06 1.762830e-06 -7.027605e+01 1.917559e+01 
1.076804e+02 1.247790e+02 5.567509e+00 7.990892e-07 5.482605e-07 1.521889e-06 1.804240e-06 -5.751236e+01 5.554572e+01 
1.087448e+02 1.247790e+02 5.062376e+00 1.378919e-06 5.135307e-07 1.175694e-06 1.883451e-06 -3.862520e+01 6.957390e+01 
1.098091e+02 1.247790e+02 4.326841e+00 1.823426e-06 4.553542e-07 5.990857e-07 1.972595e-06 -1.768023e+01 7.597861e+01 
1.108735e+02 1.247790e+02 3.413223e+00 2.014917e-06 3.836965e-07 -1.116953e-07 2.054164e-06 3.116997e+00 7.921837e+01 
1.119378e+02 1.247790e+02 2.386508e+00 1.951981e-06 3.145699e-07 -8.024312e-07 2.133794e-06 2.208974e+01 8.084525e+01 
1.130022e+02 1.247790e+02 1.319727e+00 1.723182e-06 2.573226e-07 -1.381945e-06 2.223813e-06 3.842067e+01 8.150679e+01 
1.140665e+02 1.247790e+02 2.887598e-01 1.416141e-06 2.134741e-07 -1.833306e-06 2.326379e-06 5.200379e+01 8.142758e+01 
1.151309e+02 1.247790e+02 -6.330600e-01 1.084697e-06 1.813494e-07 -2.169920e-06 2.432696e-06 6.312333e+01 8.050856e+01 
1.161952e+02 1.247790e+02 -1.380163e+00 7.545809e-07 1.589749e-07 -2.408186e-06 2.528641e-06 7.224398e+01 7.810292e+01 
1.172596e+02 1.247790e+02 -1.899407e+00 4.344088e-07 1.449461e-07 -2.559464e-06 2.600111e-06 7.985569e+01 7.154807e+01 
1.183239e+02 1.247790e+02 -2.153858e+00 1.230769e-07 1.384596e-07 -2.629964e-06 2.636480e-06 8.597076e+01 4.163394e+01 
1.193883e+02 1.247790e+02 -2.125418e+00 -1.854175e-07 1.391787e-07 -2.622181e-06 2.632410e-06 8.494731e+01 -5.310726e+01 
1.204526e+02 1.247790e+02 -1.816108e+00 -4.983882e-07 1.471404e-07 -2.535847e-06 2.588544e-06 7.841908e+01 -7.355168e+01 
1.215170e+02 1.247790e+02 -1.247931e+00 -8.211513e-07 1.627667e-07 -2.367821e-06 2.511446e-06 7.052929e+01 -7.878829e+01 
1.225813e+02 1.247790e+02 -4.613009e-01 -1.153274e-06 1.869711e-07 -2.110976e-06 2.412720e-06 6.103742e+01 -8.079121e+01 
1.236457e+02 1.247790e+02 4.878289e-01 -1.483406e-06 2.212917e-07 -1.752776e-06 2.306878e-06 4.944695e+01 -8.151529e+01 
1.247100e+02 1.247790e+02 1.531946e+00 -1.781062e-06 2.677525e-07 -1.276393e-06 2.207499e-06 3.532457e+01 -8.145057e+01 
1.257743e+02 1.247790e+02 2.596783e+00 -1.985578e-06 3.277136e-07 -6.714154e-07 2.121489e-06 1.845037e+01 -8.062800e+01 
1.268387e+02 1.247790e+02 3.606596e+00 -2.004271e-06 3.984437e-07 3.373652e-08 2.043771e-06 -9.458242e-01 -7.875634e+01 
1.279030e+02 1.247790e+02 4.489557e+00 -1.758495e-06 4.687736e-07 7.306307e-07 1.961090e-06 -2.187380e+01 -7.507340e+01 
1.289674e+02 1.247790e+02 5.182861e+00 -1.276112e-06 5.226866e-07 1.265101e-06 1.871402e-06 -4.253324e+01 -6.772634e+01 
1.300317e+02 1.247790e+02 5.637193e+00 -6.855911e-07 5.527987e-07 1.565575e-06 1.796287e-06 -6.064064e+01 -5.112043e+01 
1.310961e+02 1.247790e+02 5.820236e+00 -8.287205e-08 5.630283e-07 1.668503e-06 1.762887e-06 -7.116647e+01 -8.373234e+00 
1.321604e+02 1.247790e+02 5.718969e+00 5.183268e-07 5.575243e-07 1.613030e-06 1.783637e-06 -6.473571e+01 4.291341e+01 
1.332248e+02 1.247790e+02 5.340597e+00 1.117812e-06 5.338106e-07 1.375776e-06 1.851274e-06 -4.800050e+01 6.447321e+01 
1.342891e+02 1.247790e+02 4.712033e+00 1.645293e-06 4.866659e-07 9.077375e-07 1.941087e-06 -2.788146e+01 7.352216e+01 
1.353535e+02 1.247790e+02 3.877987e+00 1.967905e-06 4.195738e-07 2.432356e-07 2.026785e-06 -6.892712e+00 7.796427e+01 
1.364178e+02 1.247790e+02 2.897785e+00 2.019748e-06 3.474223e-07 -4.744350e-07 2.103610e-06 1.303427e+01 8.023991e+01 
1.374822e+02 1.247790e+02 1.841149e+00 1.857611e-06 2.837854e-07 -1.114065e-06 2.184581e-06 3.066166e+01 8.131414e+01 
1.385465e+02 1.247790e+02 7.832381e-01 1.578071e-06 2.334995e-07 -1.627270e-06 2.278780e-06 4.556924e+01 8.158329e+01 
1.396109e+02 1.247790e+02 -2.006976e-01 1.252140e-06 1.959218e-07 -2.017635e-06 2.382664e-06 5.786505e+01 8.110706e+01 
1.406752e+02 1.247790e+02 -1.040670e+00 9.179534e-07 1.690167e-07 -2.302039e-06 2.484067e-06 6.792944e+01 7.956735e+01 
1.417396e+02 1.247790e+02 -1.676933e+00 5.914345e-07 1.510676e-07 -2.494589e-06 2.568188e-06 7.624998e+01 7.567154e+01 
1.428039e+02 1.247790e+02 -2.064227e+00 2.756038e-07 1.409863e-07 -2.603883e-06 2.622221e-06 8.322002e+01 6.290779e+01 
1.438683e+02 1.247790e+02 -2.175005e+00 -3.358172e-08 1.382204e-07 -2.634079e-06 2.637917e-06 8.690901e+01 -1.365586e+01 
1.449326e+02 1.247790e+02 -2.001387e+00 -3.431857e-07 1.426249e-07 -2.586226e-06 2.612792e-06 8.182253e+01 -6.743266e+01 
1.459970e+02 1.247790e+02 -1.555722e+00 -6.599402e-07 1.544212e-07 -2.458696e-06 2.550402e-06 7.458855e+01 -7.683015e+01 
1.470613e+02 1.247790e+02 -8.697109e-01 -9.868044e-07 1.742620e-07 -2.246511e-06 2.459870e-06 6.596038e+01 -7.998526e+01 
1.481257e+02 1.247790e+02 7.850238e-03 -1.318662e-06 2.033668e-07 -1.939927e-06 2.354473e-06 5.548041e+01 -8.123280e+01 
1.491900e+02 1.247790e+02 1.014540e+00 -1.635741e-06 2.435790e-07 -1.523708e-06 2.248703e-06 4.265593e+01 -8.153029e+01 
