# 1    , 2      , 3      , 4      , 5      , 6      , 7       
# dmeas, Bx_siB0, By_siB0, Bz_siB0, In_siB0, Ic_siB0, Dc_siB0 
0.000000e+00 2.661119e-05 3.369143e-06 3.467415e-05 4.383837e-05 5.227478e+01 7.215614e+00 
0.000000e+00 2.655214e-05 3.597251e-06 3.528186e-05 4.430312e-05 5.278526e+01 7.715387e+00 
0.000000e+00 2.647854e-05 3.650469e-06 3.602403e-05 4.485722e-05 5.342544e+01 7.849610e+00 
0.000000e+00 2.639967e-05 3.412150e-06 3.680951e-05 4.542604e-05 5.412694e+01 7.364635e+00 
0.000000e+00 2.633447e-05 2.853198e-06 3.745550e-05 4.587548e-05 5.473200e+01 6.183570e+00 
0.000000e+00 2.629824e-05 2.092545e-06 3.781447e-05 4.610760e-05 5.509836e+01 4.549427e+00 
0.000000e+00 2.629342e-05 1.270418e-06 3.786221e-05 4.611404e-05 5.519064e+01 2.766207e+00 
0.000000e+00 2.631970e-05 4.779488e-07 3.760160e-05 4.590027e-05 5.500499e+01 1.040340e+00 
0.000000e+00 2.637684e-05 -1.617564e-07 3.703572e-05 4.546877e-05 5.454103e+01 -3.513628e-01 
0.000000e+00 2.645370e-05 -5.061999e-07 3.627215e-05 4.489680e-05 5.389130e+01 -1.096239e+00 
0.000000e+00 2.653047e-05 -5.338444e-07 3.550168e-05 4.432291e-05 5.322361e+01 -1.152746e+00 
0.000000e+00 2.659442e-05 -3.497734e-07 3.484850e-05 4.383838e-05 5.264877e+01 -7.535183e-01 
0.000000e+00 2.664327e-05 -6.312799e-08 3.433747e-05 4.346182e-05 5.219118e+01 -1.357551e-01 
0.000000e+00 2.667936e-05 2.558275e-07 3.394954e-05 4.317899e-05 5.183657e+01 5.493904e-01 
0.000000e+00 2.670550e-05 5.749837e-07 3.366123e-05 4.297200e-05 5.156643e+01 1.233418e+00 
0.000000e+00 2.672366e-05 8.795451e-07 3.345653e-05 4.282835e-05 5.136850e+01 1.885073e+00 
0.000000e+00 2.673506e-05 1.168956e-06 3.332600e-05 4.274052e-05 5.123572e+01 2.503590e+00 
0.000000e+00 2.674035e-05 1.447021e-06 3.326489e-05 4.270472e-05 5.116465e+01 3.097470e+00 
0.000000e+00 2.673977e-05 1.721670e-06 3.327167e-05 4.271982e-05 5.115397e+01 3.683968e+00 
0.000000e+00 2.673331e-05 2.001595e-06 3.334642e-05 4.278621e-05 5.120320e+01 4.281900e+00 
0.000000e+00 2.672064e-05 2.293836e-06 3.349139e-05 4.290603e-05 5.131328e+01 4.906534e+00 
0.000000e+00 2.670100e-05 2.602678e-06 3.371202e-05 4.308385e-05 5.148772e+01 5.567314e+00 
0.000000e+00 2.667311e-05 2.923120e-06 3.401832e-05 4.332719e-05 5.173450e+01 6.254117e+00 
0.000000e+00 2.663468e-05 3.240168e-06 3.442914e-05 4.364940e-05 5.207028e+01 6.936077e+00 
0.000000e+00 2.658293e-05 3.513153e-06 3.496779e-05 4.406519e-05 5.251821e+01 7.528481e+00 
0.000000e+00 2.651599e-05 3.666263e-06 3.564879e-05 4.457999e-05 5.309755e+01 7.872153e+00 
0.000000e+00 2.643780e-05 3.581113e-06 3.643139e-05 4.515559e-05 5.378414e+01 7.714008e+00 
0.000000e+00 2.636329e-05 3.171445e-06 3.717075e-05 4.568092e-05 5.445944e+01 6.859592e+00 
0.000000e+00 2.631191e-05 2.488559e-06 3.767970e-05 4.602466e-05 5.495338e+01 5.402916e+00 
0.000000e+00 2.629193e-05 1.682767e-06 3.787798e-05 4.613934e-05 5.517977e+01 3.662116e+00 
0.000000e+00 2.630289e-05 8.646571e-07 3.776935e-05 4.603383e-05 5.513181e+01 1.882811e+00 
0.000000e+00 2.634545e-05 1.311268e-07 3.734794e-05 4.570523e-05 5.480031e+01 2.851708e-01 
0.000000e+00 2.641497e-05 -3.697708e-07 3.665899e-05 4.518594e-05 5.422235e+01 -8.020042e-01 
0.000000e+00 2.649419e-05 -5.435998e-07 3.586891e-05 4.459614e-05 5.354320e+01 -1.175412e+00 
0.000000e+00 2.656517e-05 -4.463266e-07 3.515087e-05 4.406235e-05 5.291604e+01 -9.625468e-01 
0.000000e+00 2.662130e-05 -1.969879e-07 3.457099e-05 4.363354e-05 5.240126e+01 -4.239601e-01 
0.000000e+00 2.666323e-05 1.132881e-07 3.412625e-05 4.330752e-05 5.199883e+01 2.434398e-01 
0.000000e+00 2.669396e-05 4.358975e-07 3.379145e-05 4.306530e-05 5.168889e+01 9.355249e-01 
0.000000e+00 2.671576e-05 7.493596e-07 3.354801e-05 4.289245e-05 5.145716e+01 1.606688e+00 
0.000000e+00 2.673036e-05 1.046861e-06 3.338178e-05 4.277793e-05 5.129268e+01 2.242771e+00 
0.000000e+00 2.673856e-05 1.329991e-06 3.328717e-05 4.271716e-05 5.119159e+01 2.847578e+00 
0.000000e+00 2.674083e-05 1.605430e-06 3.326092e-05 4.270759e-05 5.115137e+01 3.435723e+00 
0.000000e+00 2.673726e-05 1.881568e-06 3.330237e-05 4.274891e-05 5.117119e+01 4.025412e+00 
0.000000e+00 2.672767e-05 2.166749e-06 3.341275e-05 4.284245e-05 5.125127e+01 4.634698e+00 
0.000000e+00 2.671161e-05 2.466713e-06 3.359510e-05 4.299100e-05 5.139308e+01 5.276076e+00 
0.000000e+00 2.668796e-05 2.781350e-06 3.385821e-05 4.320140e-05 5.160331e+01 5.949739e+00 
0.000000e+00 2.665507e-05 3.102453e-06 3.421496e-05 4.348312e-05 5.189268e+01 6.638932e+00 
