# 1,2,3, 4    , 5    , 6    , 7    , 8    , 9     
# x,y,z, Bx_si, By_si, Bz_si, In_si, Ic_si, Dc_si 
1.002300e+02 1.247790e+02 1.254321e+00 1.807943e-06 -2.391130e-07 1.631555e-06 2.446999e-06 -4.181729e+01 9.753404e+01 
1.012943e+02 1.247790e+02 2.301620e+00 2.036051e-06 -2.981633e-07 1.023836e-06 2.298401e-06 -2.645251e+01 9.833129e+01 
1.023587e+02 1.247790e+02 3.257986e+00 2.089269e-06 -3.717553e-07 2.816657e-07 2.140697e-06 -7.560710e+00 1.000894e+02 
1.034230e+02 1.247790e+02 4.055393e+00 1.850950e-06 -4.506268e-07 -5.038056e-07 1.970508e-06 1.481347e+01 1.036829e+02 
1.044874e+02 1.247790e+02 4.637121e+00 1.291998e-06 -5.158340e-07 -1.149802e-06 1.804824e-06 3.957380e+01 1.117645e+02 
1.055517e+02 1.247790e+02 4.961791e+00 5.313445e-07 -5.520639e-07 -1.508774e-06 1.692188e-06 6.307643e+01 1.360956e+02 
1.066161e+02 1.247790e+02 5.006309e+00 -2.907816e-07 -5.568800e-07 -1.556513e-06 1.678512e-06 6.802041e+01 -1.524281e+02 
1.076804e+02 1.247790e+02 4.767509e+00 -1.083251e-06 -5.305983e-07 -1.295897e-06 1.770400e-06 4.705261e+01 -1.160965e+02 
1.087448e+02 1.247790e+02 4.262376e+00 -1.722956e-06 -4.734617e-07 -7.300237e-07 1.930202e-06 2.222292e+01 -1.053654e+02 
1.098091e+02 1.247790e+02 3.526841e+00 -2.067400e-06 -3.966022e-07 3.355283e-08 2.105365e-06 -9.131514e-01 -1.008595e+02 
1.108735e+02 1.247790e+02 2.613223e+00 -2.095044e-06 -3.198264e-07 8.040167e-07 2.266703e-06 -2.077552e+01 -9.867968e+01 
1.119378e+02 1.247790e+02 1.586508e+00 -1.910973e-06 -2.558790e-07 1.457197e-06 2.416757e-06 -3.708186e+01 -9.762653e+01 
1.130022e+02 1.247790e+02 5.197270e-01 -1.624328e-06 -2.070336e-07 1.968225e-06 2.560316e-06 -5.024117e+01 -9.726364e+01 
1.140665e+02 1.247790e+02 -5.112402e-01 -1.305373e-06 -1.709396e-07 2.356157e-06 2.699017e-06 -6.080546e+01 -9.746048e+01 
1.151309e+02 1.247790e+02 -1.433060e+00 -9.862163e-07 -1.447991e-07 2.644474e-06 2.826099e-06 -6.934692e+01 -9.835265e+01 
1.161952e+02 1.247790e+02 -2.180163e+00 -6.816549e-07 -1.266424e-07 2.849165e-06 2.932309e-06 -7.632339e+01 -1.005248e+02 
1.172596e+02 1.247790e+02 -2.699407e+00 -3.922437e-07 -1.152443e-07 2.979703e-06 3.007618e-06 -8.218764e+01 -1.063732e+02 
1.183239e+02 1.247790e+02 -2.953858e+00 -1.141787e-07 -1.099517e-07 3.040809e-06 3.044938e-06 -8.701597e+01 -1.339196e+02 
1.193883e+02 1.247790e+02 -2.925418e+00 1.604704e-07 -1.105258e-07 3.034034e-06 3.040284e-06 -8.632542e+01 1.245576e+02 
1.204526e+02 1.247790e+02 -2.616108e+00 4.403955e-07 -1.169858e-07 2.959285e-06 2.994161e-06 -8.124639e+01 1.048764e+02 
1.215170e+02 1.247790e+02 -2.047931e+00 7.326364e-07 -1.296616e-07 2.814312e-06 2.911000e-06 -7.519147e+01 1.000363e+02 
1.225813e+02 1.247790e+02 -1.261301e+00 1.041478e-06 -1.492986e-07 2.593676e-06 2.798950e-06 -6.792006e+01 9.815792e+01 
1.236457e+02 1.247790e+02 -3.121711e-01 1.361920e-06 -1.771899e-07 2.287384e-06 2.668023e-06 -5.901841e+01 9.741271e+01 
1.247100e+02 1.247790e+02 7.319463e-01 1.678968e-06 -2.156180e-07 1.876565e-06 2.527236e-06 -4.794794e+01 9.731804e+01 
1.257743e+02 1.247790e+02 1.796783e+00 1.951953e-06 -2.673676e-07 1.337911e-06 2.381515e-06 -3.417967e+01 9.779952e+01 
1.268387e+02 1.247790e+02 2.806596e+00 2.105063e-06 -3.343111e-07 6.569111e-07 2.230378e-06 -1.712930e+01 9.902394e+01 
1.279030e+02 1.247790e+02 3.689557e+00 2.019913e-06 -4.124997e-07 -1.256853e-07 2.065430e-06 3.488713e+00 1.015420e+02 
1.289674e+02 1.247790e+02 4.382861e+00 1.610245e-06 -4.870072e-07 -8.650544e-07 1.891662e-06 2.721293e+01 1.068276e+02 
1.300317e+02 1.247790e+02 4.837193e+00 9.273588e-07 -5.383920e-07 -1.374000e-06 1.742910e-06 5.203033e+01 1.201379e+02 
1.310961e+02 1.247790e+02 5.020236e+00 1.215666e-07 -5.583749e-07 -1.572284e-06 1.672913e-06 7.002605e+01 1.677175e+02 
1.321604e+02 1.247790e+02 4.918969e+00 -6.965429e-07 -5.474112e-07 -1.463646e-06 1.710874e-06 5.881456e+01 -1.281637e+02 
1.332248e+02 1.247790e+02 4.540597e+00 -1.430073e-06 -5.048529e-07 -1.042239e-06 1.840176e-06 3.449817e+01 -1.094444e+02 
1.342891e+02 1.247790e+02 3.912033e+00 -1.930971e-06 -4.353259e-07 -3.532891e-07 2.010714e-06 1.011959e+01 -1.027046e+02 
1.353535e+02 1.247790e+02 3.077987e+00 -2.104800e-06 -3.561094e-07 4.367929e-07 2.178941e-06 -1.156392e+01 -9.960289e+01 
1.364178e+02 1.247790e+02 2.097785e+00 -2.007527e-06 -2.851258e-07 1.154834e-06 2.333474e-06 -2.966310e+01 -9.808356e+01 
1.374822e+02 1.247790e+02 1.041149e+00 -1.758188e-06 -2.289994e-07 1.734714e-06 2.480504e-06 -4.437403e+01 -9.742085e+01 
1.385465e+02 1.247790e+02 -1.676191e-02 -1.447912e-06 -1.870667e-07 2.179452e-06 2.623252e-06 -5.618311e+01 -9.736170e+01 
1.396109e+02 1.247790e+02 -1.000698e+00 -1.125302e-06 -1.563368e-07 2.514250e-06 2.759022e-06 -6.568329e+01 -9.790940e+01 
1.406752e+02 1.247790e+02 -1.840670e+00 -8.118404e-07 -1.345435e-07 2.757695e-06 2.877858e-06 -7.338456e+01 -9.940991e+01 
1.417396e+02 1.247790e+02 -2.476933e+00 -5.143389e-07 -1.199386e-07 2.923916e-06 2.971231e-06 -7.976124e+01 -1.031262e+02 
1.428039e+02 1.247790e+02 -2.864227e+00 -2.312086e-07 -1.117350e-07 3.018530e-06 3.029433e-06 -8.513745e+01 -1.157929e+02 
1.438683e+02 1.247790e+02 -2.975005e+00 4.422967e-08 -1.094722e-07 3.044780e-06 3.047068e-06 -8.777931e+01 1.580000e+02 
1.449326e+02 1.247790e+02 -2.801387e+00 3.203678e-07 -1.130448e-07 3.003326e-06 3.022480e-06 -8.354631e+01 1.094359e+02 
1.459970e+02 1.247790e+02 -2.355722e+00 6.055490e-07 -1.226316e-07 2.892946e-06 2.958186e-06 -7.794455e+01 1.014483e+02 
1.470613e+02 1.247790e+02 -1.669711e+00 9.055126e-07 -1.386860e-07 2.710595e-06 2.861208e-06 -7.132683e+01 9.870761e+01 
1.481257e+02 1.247790e+02 -7.921498e-01 1.220150e-06 -1.623411e-07 2.447493e-06 2.739588e-06 -6.330109e+01 9.757870e+01 
1.491900e+02 1.247790e+02 2.145401e-01 1.541253e-06 -1.952277e-07 2.090740e-06 2.604759e-06 -5.338503e+01 9.721911e+01 
