# 1 , 2 , 3 , 4      , 5      , 6      , 7      , 8      , 9        
# xm, ym, zm, IGRF_In, IGRF_Ic, IGRF_Dc, In_siB0, Ic_siB0, Dc_siB0  
1.002300e+02 1.247790e+02 1.254321e+00 4.518274e-05 5.346856e+01 3.327694e+00 4.383837e-05 5.227478e+01 7.215614e+00 
1.012943e+02 1.247790e+02 2.301620e+00 4.518274e-05 5.346856e+01 3.327694e+00 4.430312e-05 5.278526e+01 7.715387e+00 
1.023587e+02 1.247790e+02 3.257986e+00 4.518274e-05 5.346856e+01 3.327694e+00 4.485722e-05 5.342544e+01 7.849610e+00 
1.034230e+02 1.247790e+02 4.055393e+00 4.518274e-05 5.346856e+01 3.327694e+00 4.542604e-05 5.412694e+01 7.364635e+00 
1.044874e+02 1.247790e+02 4.637121e+00 4.518274e-05 5.346856e+01 3.327694e+00 4.587548e-05 5.473200e+01 6.183570e+00 
1.055517e+02 1.247790e+02 4.961791e+00 4.518274e-05 5.346856e+01 3.327694e+00 4.610760e-05 5.509836e+01 4.549427e+00 
1.066161e+02 1.247790e+02 5.006309e+00 4.518274e-05 5.346856e+01 3.327694e+00 4.611404e-05 5.519064e+01 2.766207e+00 
1.076804e+02 1.247790e+02 4.767509e+00 4.518274e-05 5.346856e+01 3.327694e+00 4.590027e-05 5.500499e+01 1.040340e+00 
1.087448e+02 1.247790e+02 4.262376e+00 4.518274e-05 5.346856e+01 3.327694e+00 4.546877e-05 5.454103e+01 -3.513628e-01 
1.098091e+02 1.247790e+02 3.526841e+00 4.518274e-05 5.346856e+01 3.327694e+00 4.489680e-05 5.389130e+01 -1.096239e+00 
1.108735e+02 1.247790e+02 2.613223e+00 4.518274e-05 5.346856e+01 3.327694e+00 4.432291e-05 5.322361e+01 -1.152746e+00 
1.119378e+02 1.247790e+02 1.586508e+00 4.518274e-05 5.346856e+01 3.327694e+00 4.383838e-05 5.264877e+01 -7.535183e-01 
1.130022e+02 1.247790e+02 5.197270e-01 4.518274e-05 5.346856e+01 3.327694e+00 4.346182e-05 5.219118e+01 -1.357551e-01 
1.140665e+02 1.247790e+02 -5.112402e-01 4.518274e-05 5.346856e+01 3.327694e+00 4.317899e-05 5.183657e+01 5.493904e-01 
1.151309e+02 1.247790e+02 -1.433060e+00 4.518274e-05 5.346856e+01 3.327694e+00 4.297200e-05 5.156643e+01 1.233418e+00 
1.161952e+02 1.247790e+02 -2.180163e+00 4.518274e-05 5.346856e+01 3.327694e+00 4.282835e-05 5.136850e+01 1.885073e+00 
1.172596e+02 1.247790e+02 -2.699407e+00 4.518274e-05 5.346856e+01 3.327694e+00 4.274052e-05 5.123572e+01 2.503590e+00 
1.183239e+02 1.247790e+02 -2.953858e+00 4.518274e-05 5.346856e+01 3.327694e+00 4.270472e-05 5.116465e+01 3.097470e+00 
1.193883e+02 1.247790e+02 -2.925418e+00 4.518274e-05 5.346856e+01 3.327694e+00 4.271982e-05 5.115397e+01 3.683968e+00 
1.204526e+02 1.247790e+02 -2.616108e+00 4.518274e-05 5.346856e+01 3.327694e+00 4.278621e-05 5.120320e+01 4.281900e+00 
1.215170e+02 1.247790e+02 -2.047931e+00 4.518274e-05 5.346856e+01 3.327694e+00 4.290603e-05 5.131328e+01 4.906534e+00 
1.225813e+02 1.247790e+02 -1.261301e+00 4.518274e-05 5.346856e+01 3.327694e+00 4.308385e-05 5.148772e+01 5.567314e+00 
1.236457e+02 1.247790e+02 -3.121711e-01 4.518274e-05 5.346856e+01 3.327694e+00 4.332719e-05 5.173450e+01 6.254117e+00 
1.247100e+02 1.247790e+02 7.319463e-01 4.518274e-05 5.346856e+01 3.327694e+00 4.364940e-05 5.207028e+01 6.936077e+00 
1.257743e+02 1.247790e+02 1.796783e+00 4.518274e-05 5.346856e+01 3.327694e+00 4.406519e-05 5.251821e+01 7.528481e+00 
1.268387e+02 1.247790e+02 2.806596e+00 4.518274e-05 5.346856e+01 3.327694e+00 4.457999e-05 5.309755e+01 7.872153e+00 
1.279030e+02 1.247790e+02 3.689557e+00 4.518274e-05 5.346856e+01 3.327694e+00 4.515559e-05 5.378414e+01 7.714008e+00 
1.289674e+02 1.247790e+02 4.382861e+00 4.518274e-05 5.346856e+01 3.327694e+00 4.568092e-05 5.445944e+01 6.859592e+00 
1.300317e+02 1.247790e+02 4.837193e+00 4.518274e-05 5.346856e+01 3.327694e+00 4.602466e-05 5.495338e+01 5.402916e+00 
1.310961e+02 1.247790e+02 5.020236e+00 4.518274e-05 5.346856e+01 3.327694e+00 4.613934e-05 5.517977e+01 3.662116e+00 
1.321604e+02 1.247790e+02 4.918969e+00 4.518274e-05 5.346856e+01 3.327694e+00 4.603383e-05 5.513181e+01 1.882811e+00 
1.332248e+02 1.247790e+02 4.540597e+00 4.518274e-05 5.346856e+01 3.327694e+00 4.570523e-05 5.480031e+01 2.851708e-01 
1.342891e+02 1.247790e+02 3.912033e+00 4.518274e-05 5.346856e+01 3.327694e+00 4.518594e-05 5.422235e+01 -8.020042e-01 
1.353535e+02 1.247790e+02 3.077987e+00 4.518274e-05 5.346856e+01 3.327694e+00 4.459614e-05 5.354320e+01 -1.175412e+00 
1.364178e+02 1.247790e+02 2.097785e+00 4.518274e-05 5.346856e+01 3.327694e+00 4.406235e-05 5.291604e+01 -9.625468e-01 
1.374822e+02 1.247790e+02 1.041149e+00 4.518274e-05 5.346856e+01 3.327694e+00 4.363354e-05 5.240126e+01 -4.239601e-01 
1.385465e+02 1.247790e+02 -1.676191e-02 4.518274e-05 5.346856e+01 3.327694e+00 4.330752e-05 5.199883e+01 2.434398e-01 
1.396109e+02 1.247790e+02 -1.000698e+00 4.518274e-05 5.346856e+01 3.327694e+00 4.306530e-05 5.168889e+01 9.355249e-01 
1.406752e+02 1.247790e+02 -1.840670e+00 4.518274e-05 5.346856e+01 3.327694e+00 4.289245e-05 5.145716e+01 1.606688e+00 
1.417396e+02 1.247790e+02 -2.476933e+00 4.518274e-05 5.346856e+01 3.327694e+00 4.277793e-05 5.129268e+01 2.242771e+00 
1.428039e+02 1.247790e+02 -2.864227e+00 4.518274e-05 5.346856e+01 3.327694e+00 4.271716e-05 5.119159e+01 2.847578e+00 
1.438683e+02 1.247790e+02 -2.975005e+00 4.518274e-05 5.346856e+01 3.327694e+00 4.270759e-05 5.115137e+01 3.435723e+00 
1.449326e+02 1.247790e+02 -2.801387e+00 4.518274e-05 5.346856e+01 3.327694e+00 4.274891e-05 5.117119e+01 4.025412e+00 
1.459970e+02 1.247790e+02 -2.355722e+00 4.518274e-05 5.346856e+01 3.327694e+00 4.284245e-05 5.125127e+01 4.634698e+00 
1.470613e+02 1.247790e+02 -1.669711e+00 4.518274e-05 5.346856e+01 3.327694e+00 4.299100e-05 5.139308e+01 5.276076e+00 
1.481257e+02 1.247790e+02 -7.921498e-01 4.518274e-05 5.346856e+01 3.327694e+00 4.320140e-05 5.160331e+01 5.949739e+00 
1.491900e+02 1.247790e+02 2.145401e-01 4.518274e-05 5.346856e+01 3.327694e+00 4.348312e-05 5.189268e+01 6.638932e+00 
