# 1 , 2 , 3 , 4      , 5      , 6      , 7      , 8      , 9        
# xm, ym, zm, IGRF_In, IGRF_Ic, IGRF_Dc, In_siB0, Ic_siB0, Dc_siB0  
1.247790e+02 1.002300e+02 1.254321e+00 4.518274e-05 5.346856e+01 3.327694e+00 4.679367e-05 5.050405e+01 2.232567e+00 
1.247790e+02 1.012943e+02 2.301620e+00 4.518274e-05 5.346856e+01 3.327694e+00 4.730382e-05 5.129897e+01 2.092214e+00 
1.247790e+02 1.023587e+02 3.257986e+00 4.518274e-05 5.346856e+01 3.327694e+00 4.766781e-05 5.236133e+01 1.963472e+00 
1.247790e+02 1.034230e+02 4.055393e+00 4.518274e-05 5.346856e+01 3.327694e+00 4.771844e-05 5.362598e+01 1.884499e+00 
1.247790e+02 1.044874e+02 4.637121e+00 4.518274e-05 5.346856e+01 3.327694e+00 4.734673e-05 5.487043e+01 1.897386e+00 
1.247790e+02 1.055517e+02 4.961791e+00 4.518274e-05 5.346856e+01 3.327694e+00 4.661913e-05 5.584065e+01 2.012838e+00 
1.247790e+02 1.066161e+02 5.006309e+00 4.518274e-05 5.346856e+01 3.327694e+00 4.567616e-05 5.642132e+01 2.211934e+00 
1.247790e+02 1.076804e+02 4.767509e+00 4.518274e-05 5.346856e+01 3.327694e+00 4.461619e-05 5.654080e+01 2.474228e+00 
1.247790e+02 1.087448e+02 4.262376e+00 4.518274e-05 5.346856e+01 3.327694e+00 4.358322e-05 5.608984e+01 2.759992e+00 
1.247790e+02 1.098091e+02 3.526841e+00 4.518274e-05 5.346856e+01 3.327694e+00 4.280743e-05 5.510934e+01 2.994738e+00 
1.247790e+02 1.108735e+02 2.613223e+00 4.518274e-05 5.346856e+01 3.327694e+00 4.241942e-05 5.388713e+01 3.128524e+00 
1.247790e+02 1.119378e+02 1.586508e+00 4.518274e-05 5.346856e+01 3.327694e+00 4.235524e-05 5.271436e+01 3.173329e+00 
1.247790e+02 1.130022e+02 5.197270e-01 4.518274e-05 5.346856e+01 3.327694e+00 4.248987e-05 5.171762e+01 3.163105e+00 
1.247790e+02 1.140665e+02 -5.112402e-01 4.518274e-05 5.346856e+01 3.327694e+00 4.272368e-05 5.091351e+01 3.125311e+00 
1.247790e+02 1.151309e+02 -1.433060e+00 4.518274e-05 5.346856e+01 3.327694e+00 4.300284e-05 5.028131e+01 3.074691e+00 
1.247790e+02 1.161952e+02 -2.180163e+00 4.518274e-05 5.346856e+01 3.327694e+00 4.329930e-05 4.980019e+01 3.018643e+00 
1.247790e+02 1.172596e+02 -2.699407e+00 4.518274e-05 5.346856e+01 3.327694e+00 4.360623e-05 4.945216e+01 2.959095e+00 
1.247790e+02 1.183239e+02 -2.953858e+00 4.518274e-05 5.346856e+01 3.327694e+00 4.392482e-05 4.922505e+01 2.895866e+00 
1.247790e+02 1.193883e+02 -2.925418e+00 4.518274e-05 5.346856e+01 3.327694e+00 4.426320e-05 4.911022e+01 2.827109e+00 
1.247790e+02 1.204526e+02 -2.616108e+00 4.518274e-05 5.346856e+01 3.327694e+00 4.463155e-05 4.910150e+01 2.750463e+00 
1.247790e+02 1.215170e+02 -2.047931e+00 4.518274e-05 5.346856e+01 3.327694e+00 4.503928e-05 4.919677e+01 2.663555e+00 
1.247790e+02 1.225813e+02 -1.261301e+00 4.518274e-05 5.346856e+01 3.327694e+00 4.549400e-05 4.939971e+01 2.564057e+00 
1.247790e+02 1.236457e+02 -3.121711e-01 4.518274e-05 5.346856e+01 3.327694e+00 4.599416e-05 4.972440e+01 2.450885e+00 
1.247790e+02 1.247100e+02 7.319463e-01 4.518274e-05 5.346856e+01 3.327694e+00 4.653019e-05 5.020178e+01 2.323374e+00 
1.247790e+02 1.257743e+02 1.796783e+00 4.518274e-05 5.346856e+01 3.327694e+00 4.706486e-05 5.087988e+01 2.185016e+00 
1.247790e+02 1.268387e+02 2.806596e+00 4.518274e-05 5.346856e+01 3.327694e+00 4.751838e-05 5.181099e+01 2.047072e+00 
1.247790e+02 1.279030e+02 3.689557e+00 4.518274e-05 5.346856e+01 3.327694e+00 4.774158e-05 5.299543e+01 1.938580e+00 
1.247790e+02 1.289674e+02 4.382861e+00 4.518274e-05 5.346856e+01 3.327694e+00 4.757897e-05 5.428613e+01 1.903253e+00 
1.247790e+02 1.300317e+02 4.837193e+00 4.518274e-05 5.346856e+01 3.327694e+00 4.700700e-05 5.541443e+01 1.970924e+00 
1.247790e+02 1.310961e+02 5.020236e+00 4.518274e-05 5.346856e+01 3.327694e+00 4.615413e-05 5.619281e+01 2.132893e+00 
1.247790e+02 1.321604e+02 4.918969e+00 4.518274e-05 5.346856e+01 3.327694e+00 4.513981e-05 5.655016e+01 2.367966e+00 
1.247790e+02 1.332248e+02 4.540597e+00 4.518274e-05 5.346856e+01 3.327694e+00 4.406836e-05 5.638821e+01 2.650545e+00 
1.247790e+02 1.342891e+02 3.912033e+00 4.518274e-05 5.346856e+01 3.327694e+00 4.313992e-05 5.564254e+01 2.919867e+00 
1.247790e+02 1.353535e+02 3.077987e+00 4.518274e-05 5.346856e+01 3.327694e+00 4.256048e-05 5.449370e+01 3.104587e+00 
1.247790e+02 1.364178e+02 2.097785e+00 4.518274e-05 5.346856e+01 3.327694e+00 4.235477e-05 5.327092e+01 3.187997e+00 
1.247790e+02 1.374822e+02 1.041149e+00 4.518274e-05 5.346856e+01 3.327694e+00 4.240873e-05 5.218006e+01 3.199652e+00 
1.247790e+02 1.385465e+02 -1.676191e-02 4.518274e-05 5.346856e+01 3.327694e+00 4.260475e-05 5.128314e+01 3.171982e+00 
1.247790e+02 1.396109e+02 -1.000698e+00 4.518274e-05 5.346856e+01 3.327694e+00 4.286740e-05 5.056898e+01 3.125781e+00 
1.247790e+02 1.406752e+02 -1.840670e+00 4.518274e-05 5.346856e+01 3.327694e+00 4.315866e-05 5.001709e+01 3.071220e+00 
1.247790e+02 1.417396e+02 -2.476933e+00 4.518274e-05 5.346856e+01 3.327694e+00 4.346170e-05 4.960507e+01 3.012849e+00 
1.247790e+02 1.428039e+02 -2.864227e+00 4.518274e-05 5.346856e+01 3.327694e+00 4.377426e-05 4.932021e+01 2.951274e+00 
1.247790e+02 1.438683e+02 -2.975005e+00 4.518274e-05 5.346856e+01 3.327694e+00 4.410198e-05 4.915153e+01 2.885263e+00 
1.247790e+02 1.449326e+02 -2.801387e+00 4.518274e-05 5.346856e+01 3.327694e+00 4.445415e-05 4.909173e+01 2.812670e+00 
1.247790e+02 1.459970e+02 -2.355722e+00 4.518274e-05 5.346856e+01 3.327694e+00 4.484120e-05 4.913657e+01 2.731001e+00 
1.247790e+02 1.470613e+02 -1.669711e+00 4.518274e-05 5.346856e+01 3.327694e+00 4.527144e-05 4.928558e+01 2.638019e+00 
1.247790e+02 1.481257e+02 -7.921498e-01 4.518274e-05 5.346856e+01 3.327694e+00 4.574856e-05 4.954928e+01 2.531823e+00 
1.247790e+02 1.491900e+02 2.145401e-01 4.518274e-05 5.346856e+01 3.327694e+00 4.626856e-05 4.994702e+01 2.411424e+00 
