# 1, 2, 3, 4   , 5   , 6   , 7   , 8   , 9   , 10  
# x, y, z, Bx_si, By_si, Bz_si, In_si, Ic_si, Dc_si, dmeas 
1.247790e+02 1.002300e+02 1.000000e+00 0.000000e+00 0.000000e+00 0.000000e+00 6.120116e-07 7.279104e+01 1.799512e+02 
1.247790e+02 1.012943e+02 1.000000e+00 0.000000e+00 0.000000e+00 0.000000e+00 6.103603e-07 7.277705e+01 1.799517e+02 
1.247790e+02 1.023587e+02 1.000000e+00 0.000000e+00 0.000000e+00 0.000000e+00 6.087854e-07 7.276165e+01 1.799523e+02 
1.247790e+02 1.034230e+02 1.000000e+00 0.000000e+00 0.000000e+00 0.000000e+00 6.072855e-07 7.274477e+01 1.799528e+02 
1.247790e+02 1.044874e+02 1.000000e+00 0.000000e+00 0.000000e+00 0.000000e+00 6.058591e-07 7.272637e+01 1.799534e+02 
1.247790e+02 1.055517e+02 1.000000e+00 0.000000e+00 0.000000e+00 0.000000e+00 6.045049e-07 7.270640e+01 1.799540e+02 
1.247790e+02 1.066161e+02 1.000000e+00 0.000000e+00 0.000000e+00 0.000000e+00 6.032215e-07 7.268480e+01 1.799546e+02 
1.247790e+02 1.076804e+02 1.000000e+00 0.000000e+00 0.000000e+00 0.000000e+00 6.020077e-07 7.266153e+01 1.799552e+02 
1.247790e+02 1.087448e+02 1.000000e+00 0.000000e+00 0.000000e+00 0.000000e+00 6.008625e-07 7.263654e+01 1.799558e+02 
1.247790e+02 1.098091e+02 1.000000e+00 0.000000e+00 0.000000e+00 0.000000e+00 5.997848e-07 7.260979e+01 1.799564e+02 
1.247790e+02 1.108735e+02 1.000000e+00 0.000000e+00 0.000000e+00 0.000000e+00 5.987737e-07 7.258123e+01 1.799571e+02 
1.247790e+02 1.119378e+02 1.000000e+00 0.000000e+00 0.000000e+00 0.000000e+00 5.978281e-07 7.255082e+01 1.799577e+02 
1.247790e+02 1.130022e+02 1.000000e+00 0.000000e+00 0.000000e+00 0.000000e+00 5.969473e-07 7.251851e+01 1.799583e+02 
1.247790e+02 1.140665e+02 1.000000e+00 0.000000e+00 0.000000e+00 0.000000e+00 5.961306e-07 7.248425e+01 1.799590e+02 
1.247790e+02 1.151309e+02 1.000000e+00 0.000000e+00 0.000000e+00 0.000000e+00 5.953771e-07 7.244802e+01 1.799597e+02 
1.247790e+02 1.161952e+02 1.000000e+00 0.000000e+00 0.000000e+00 0.000000e+00 5.946862e-07 7.240976e+01 1.799604e+02 
1.247790e+02 1.172596e+02 1.000000e+00 0.000000e+00 0.000000e+00 0.000000e+00 5.940574e-07 7.236944e+01 1.799611e+02 
1.247790e+02 1.183239e+02 1.000000e+00 0.000000e+00 0.000000e+00 0.000000e+00 5.934902e-07 7.232701e+01 1.799618e+02 
1.247790e+02 1.193883e+02 1.000000e+00 0.000000e+00 0.000000e+00 0.000000e+00 5.929840e-07 7.228243e+01 1.799625e+02 
1.247790e+02 1.204526e+02 1.000000e+00 0.000000e+00 0.000000e+00 0.000000e+00 5.925385e-07 7.223567e+01 1.799632e+02 
1.247790e+02 1.215170e+02 1.000000e+00 0.000000e+00 0.000000e+00 0.000000e+00 5.921533e-07 7.218668e+01 1.799639e+02 
1.247790e+02 1.225813e+02 1.000000e+00 0.000000e+00 0.000000e+00 0.000000e+00 5.918281e-07 7.213542e+01 1.799646e+02 
1.247790e+02 1.236457e+02 1.000000e+00 0.000000e+00 0.000000e+00 0.000000e+00 5.915627e-07 7.208186e+01 1.799653e+02 
1.247790e+02 1.247100e+02 1.000000e+00 0.000000e+00 0.000000e+00 0.000000e+00 5.913569e-07 7.202595e+01 1.799661e+02 
1.247790e+02 1.257743e+02 1.000000e+00 0.000000e+00 0.000000e+00 0.000000e+00 5.912106e-07 7.196766e+01 1.799668e+02 
1.247790e+02 1.268387e+02 1.000000e+00 0.000000e+00 0.000000e+00 0.000000e+00 5.911238e-07 7.190694e+01 1.799676e+02 
1.247790e+02 1.279030e+02 1.000000e+00 0.000000e+00 0.000000e+00 0.000000e+00 5.910963e-07 7.184375e+01 1.799683e+02 
1.247790e+02 1.289674e+02 1.000000e+00 0.000000e+00 0.000000e+00 0.000000e+00 5.911283e-07 7.177807e+01 1.799691e+02 
1.247790e+02 1.300317e+02 1.000000e+00 0.000000e+00 0.000000e+00 0.000000e+00 5.912199e-07 7.170983e+01 1.799699e+02 
1.247790e+02 1.310961e+02 1.000000e+00 0.000000e+00 0.000000e+00 0.000000e+00 5.913712e-07 7.163902e+01 1.799706e+02 
1.247790e+02 1.321604e+02 1.000000e+00 0.000000e+00 0.000000e+00 0.000000e+00 5.915824e-07 7.156557e+01 1.799714e+02 
1.247790e+02 1.332248e+02 1.000000e+00 0.000000e+00 0.000000e+00 0.000000e+00 5.918539e-07 7.148947e+01 1.799722e+02 
1.247790e+02 1.342891e+02 1.000000e+00 0.000000e+00 0.000000e+00 0.000000e+00 5.921859e-07 7.141065e+01 1.799729e+02 
1.247790e+02 1.353535e+02 1.000000e+00 0.000000e+00 0.000000e+00 0.000000e+00 5.925789e-07 7.132909e+01 1.799737e+02 
1.247790e+02 1.364178e+02 1.000000e+00 0.000000e+00 0.000000e+00 0.000000e+00 5.930332e-07 7.124474e+01 1.799745e+02 
1.247790e+02 1.374822e+02 1.000000e+00 0.000000e+00 0.000000e+00 0.000000e+00 5.935495e-07 7.115755e+01 1.799752e+02 
1.247790e+02 1.385465e+02 1.000000e+00 0.000000e+00 0.000000e+00 0.000000e+00 5.941282e-07 7.106749e+01 1.799760e+02 
1.247790e+02 1.396109e+02 1.000000e+00 0.000000e+00 0.000000e+00 0.000000e+00 5.947701e-07 7.097450e+01 1.799768e+02 
1.247790e+02 1.406752e+02 1.000000e+00 0.000000e+00 0.000000e+00 0.000000e+00 5.954757e-07 7.087856e+01 1.799776e+02 
1.247790e+02 1.417396e+02 1.000000e+00 0.000000e+00 0.000000e+00 0.000000e+00 5.962460e-07 7.077960e+01 1.799783e+02 
1.247790e+02 1.428039e+02 1.000000e+00 0.000000e+00 0.000000e+00 0.000000e+00 5.970817e-07 7.067759e+01 1.799791e+02 
1.247790e+02 1.438683e+02 1.000000e+00 0.000000e+00 0.000000e+00 0.000000e+00 5.979837e-07 7.057248e+01 1.799799e+02 
1.247790e+02 1.449326e+02 1.000000e+00 0.000000e+00 0.000000e+00 0.000000e+00 5.989530e-07 7.046421e+01 1.799807e+02 
1.247790e+02 1.459970e+02 1.000000e+00 0.000000e+00 0.000000e+00 0.000000e+00 5.999907e-07 7.035275e+01 1.799814e+02 
1.247790e+02 1.470613e+02 1.000000e+00 0.000000e+00 0.000000e+00 0.000000e+00 6.010978e-07 7.023804e+01 1.799822e+02 
1.247790e+02 1.481257e+02 1.000000e+00 0.000000e+00 0.000000e+00 0.000000e+00 6.022757e-07 7.012003e+01 1.799829e+02 
1.247790e+02 1.491900e+02 1.000000e+00 0.000000e+00 0.000000e+00 0.000000e+00 6.035255e-07 6.999867e+01 1.799837e+02 
