# 1    , 2      , 3      , 4      , 5      , 6      , 7       
# dmeas, Bx_siB0, By_siB0, Bz_siB0, In_siB0, Ic_siB0, Dc_siB0 
0.000000e+00 2.973929e-05 1.159397e-06 3.610925e-05 4.679367e-05 5.050405e+01 2.232567e+00 
0.000000e+00 2.955731e-05 1.079796e-06 3.691681e-05 4.730382e-05 5.129897e+01 2.092214e+00 
0.000000e+00 2.909268e-05 9.973689e-07 3.774707e-05 4.766781e-05 5.236133e+01 1.963472e+00 
0.000000e+00 2.828430e-05 9.306265e-07 3.842112e-05 4.771844e-05 5.362598e+01 1.884499e+00 
0.000000e+00 2.722967e-05 9.020575e-07 3.872266e-05 4.734673e-05 5.487043e+01 1.897386e+00 
0.000000e+00 2.616033e-05 9.194078e-07 3.857636e-05 4.661913e-05 5.584065e+01 2.012838e+00 
0.000000e+00 2.524382e-05 9.750355e-07 3.805405e-05 4.567616e-05 5.642132e+01 2.211934e+00 
0.000000e+00 2.457590e-05 1.061932e-06 3.722233e-05 4.461619e-05 5.654080e+01 2.474228e+00 
0.000000e+00 2.428653e-05 1.170811e-06 3.617030e-05 4.358322e-05 5.608984e+01 2.759992e+00 
0.000000e+00 2.445293e-05 1.279272e-06 3.511258e-05 4.280743e-05 5.510934e+01 2.994738e+00 
0.000000e+00 2.496381e-05 1.364456e-06 3.426884e-05 4.241942e-05 5.388713e+01 3.128524e+00 
0.000000e+00 2.561899e-05 1.420362e-06 3.369890e-05 4.235524e-05 5.271436e+01 3.173329e+00 
0.000000e+00 2.628397e-05 1.452524e-06 3.335314e-05 4.248987e-05 5.171762e+01 3.163105e+00 
0.000000e+00 2.689691e-05 1.468602e-06 3.316191e-05 4.272368e-05 5.091351e+01 3.125311e+00 
0.000000e+00 2.744007e-05 1.473945e-06 3.307740e-05 4.300284e-05 5.028131e+01 3.074691e+00 
0.000000e+00 2.790898e-05 1.471754e-06 3.307193e-05 4.329930e-05 4.980019e+01 3.018643e+00 
0.000000e+00 2.830986e-05 1.463391e-06 3.313478e-05 4.360623e-05 4.945216e+01 2.959095e+00 
0.000000e+00 2.865021e-05 1.449284e-06 3.326342e-05 4.392482e-05 4.922505e+01 2.895866e+00 
0.000000e+00 2.893969e-05 1.429113e-06 3.346167e-05 4.426320e-05 4.911022e+01 2.827109e+00 
0.000000e+00 2.918755e-05 1.402215e-06 3.373568e-05 4.463155e-05 4.910150e+01 2.750463e+00 
0.000000e+00 2.939972e-05 1.367714e-06 3.409285e-05 4.503928e-05 4.919677e+01 2.663555e+00 
0.000000e+00 2.957685e-05 1.324485e-06 3.454214e-05 4.549400e-05 4.939971e+01 2.564057e+00 
0.000000e+00 2.970641e-05 1.271498e-06 3.509095e-05 4.599416e-05 4.972440e+01 2.450885e+00 
0.000000e+00 2.975884e-05 1.207398e-06 3.574930e-05 4.653019e-05 5.020178e+01 2.323374e+00 
0.000000e+00 2.967390e-05 1.132185e-06 3.651409e-05 4.706486e-05 5.087988e+01 2.185016e+00 
0.000000e+00 2.935985e-05 1.049419e-06 3.734828e-05 4.751838e-05 5.181099e+01 2.047072e+00 
0.000000e+00 2.871820e-05 9.720396e-07 3.812583e-05 4.774158e-05 5.299543e+01 1.938580e+00 
0.000000e+00 2.775832e-05 9.224159e-07 3.863137e-05 4.757897e-05 5.428613e+01 1.903253e+00 
0.000000e+00 2.666710e-05 9.176865e-07 3.869989e-05 4.700700e-05 5.541443e+01 1.970924e+00 
0.000000e+00 2.566236e-05 9.557487e-07 3.835014e-05 4.615413e-05 5.619281e+01 2.132893e+00 
0.000000e+00 2.486012e-05 1.028024e-06 3.766325e-05 4.513981e-05 5.655016e+01 2.367966e+00 
0.000000e+00 2.436851e-05 1.128110e-06 3.670045e-05 4.406836e-05 5.638821e+01 2.650545e+00 
0.000000e+00 2.431459e-05 1.240177e-06 3.561342e-05 4.313992e-05 5.564254e+01 2.919867e+00 
0.000000e+00 2.468253e-05 1.338740e-06 3.464643e-05 4.256048e-05 5.449370e+01 3.104587e+00 
0.000000e+00 2.529031e-05 1.408633e-06 3.394617e-05 4.235477e-05 5.327092e+01 3.187997e+00 
0.000000e+00 2.596373e-05 1.451440e-06 3.350043e-05 4.240873e-05 5.218006e+01 3.199652e+00 
0.000000e+00 2.660726e-05 1.474525e-06 3.324220e-05 4.260475e-05 5.128314e+01 3.171982e+00 
0.000000e+00 2.718667e-05 1.484646e-06 3.311035e-05 4.286740e-05 5.056898e+01 3.125781e+00 
0.000000e+00 2.769216e-05 1.485804e-06 3.306973e-05 4.315866e-05 5.001709e+01 3.071220e+00 
0.000000e+00 2.812653e-05 1.480374e-06 3.310024e-05 4.346170e-05 4.960507e+01 3.012849e+00 
0.000000e+00 2.849557e-05 1.469091e-06 3.319683e-05 4.377426e-05 4.932021e+01 2.951274e+00 
0.000000e+00 2.880880e-05 1.451962e-06 3.336059e-05 4.410198e-05 4.915153e+01 2.885263e+00 
0.000000e+00 2.907573e-05 1.428485e-06 3.359663e-05 4.445415e-05 4.909173e+01 2.812670e+00 
0.000000e+00 2.930441e-05 1.397852e-06 3.391211e-05 4.484120e-05 4.913657e+01 2.731001e+00 
0.000000e+00 2.949878e-05 1.359147e-06 3.431441e-05 4.527144e-05 4.928558e+01 2.638019e+00 
0.000000e+00 2.965241e-05 1.311154e-06 3.481302e-05 4.574856e-05 4.954928e+01 2.531823e+00 
0.000000e+00 2.974726e-05 1.252721e-06 3.541626e-05 4.626856e-05 4.994702e+01 2.411424e+00 
