# 1,2,3, 4    , 5    , 6    , 7    , 8    , 9     
# x,y,z, Bx_si, By_si, Bz_si, In_si, Ic_si, Dc_si 
1.247790e+02 1.002300e+02 1.254321e+00 -4.018026e-07 2.888988e-06 1.964496e-07 2.923404e-06 -3.853119e+00 -7.917947e+00 
1.247790e+02 1.012943e+02 2.301620e+00 -4.814044e-07 2.707014e-06 -6.111093e-07 2.816581e-06 1.253104e+01 -1.008383e+01 
1.247790e+02 1.023587e+02 3.257986e+00 -5.638311e-07 2.242378e-06 -1.441373e-06 2.724651e-06 3.193872e+01 -1.411405e+01 
1.247790e+02 1.034230e+02 4.055393e+00 -6.305735e-07 1.434002e-06 -2.115415e-06 2.632293e-06 5.347909e+01 -2.373652e+01 
1.247790e+02 1.044874e+02 4.637121e+00 -6.591425e-07 3.793665e-07 -2.416957e-06 2.533786e-06 7.253333e+01 -6.007761e+01 
1.247790e+02 1.055517e+02 4.961791e+00 -6.417922e-07 -6.899710e-07 -2.270660e-06 2.458425e-06 6.746175e+01 -1.370719e+02 
1.247790e+02 1.066161e+02 5.006309e+00 -5.861645e-07 -1.606484e-06 -1.748347e-06 2.445629e-06 4.563391e+01 -1.599543e+02 
1.247790e+02 1.076804e+02 4.767509e+00 -4.992683e-07 -2.274405e-06 -9.166328e-07 2.502479e-06 2.148699e+01 -1.676190e+02 
1.247790e+02 1.087448e+02 4.262376e+00 -3.903888e-07 -2.563766e-06 1.354037e-07 2.596850e-06 -2.988844e+00 -1.713420e+02 
1.247790e+02 1.098091e+02 3.526841e+00 -2.819282e-07 -2.397372e-06 1.193116e-06 2.692657e-06 -2.630184e+01 -1.732929e+02 
1.247790e+02 1.108735e+02 2.613223e+00 -1.967437e-07 -1.886494e-06 2.036856e-06 2.783226e-06 -4.704025e+01 -1.740461e+02 
1.247790e+02 1.119378e+02 1.586508e+00 -1.408382e-07 -1.231306e-06 2.606800e-06 2.886409e-06 -6.457248e+01 -1.734748e+02 
1.247790e+02 1.130022e+02 5.197270e-01 -1.086756e-07 -5.663284e-07 2.952556e-06 3.008343e-06 -7.894873e+01 -1.691373e+02 
1.247790e+02 1.140665e+02 -5.112402e-01 -9.259828e-08 4.661233e-08 3.143786e-06 3.145494e-06 -8.811132e+01 -6.328013e+01 
1.247790e+02 1.151309e+02 -1.433060e+00 -8.725536e-08 5.897664e-07 3.228299e-06 3.282887e-06 -7.953679e+01 -8.415804e+00 
1.247790e+02 1.161952e+02 -2.180163e+00 -8.944642e-08 1.058678e-06 3.233771e-06 3.403833e-06 -7.181216e+01 -4.829383e+00 
1.247790e+02 1.172596e+02 -2.699407e+00 -9.780933e-08 1.459557e-06 3.170922e-06 3.492079e-06 -6.523487e+01 -3.833833e+00 
1.247790e+02 1.183239e+02 -2.953858e+00 -1.119155e-07 1.799909e-06 3.042279e-06 3.536617e-06 -5.934162e+01 -3.557981e+00 
1.247790e+02 1.193883e+02 -2.925418e+00 -1.320873e-07 2.089388e-06 2.844034e-06 3.531504e-06 -5.364236e+01 -3.617320e+00 
1.247790e+02 1.204526e+02 -2.616108e+00 -1.589848e-07 2.337253e-06 2.570021e-06 3.477504e-06 -4.764985e+01 -3.891383e+00 
1.247790e+02 1.215170e+02 -2.047931e+00 -1.934860e-07 2.549420e-06 2.212848e-06 3.381372e-06 -4.087593e+01 -4.340092e+00 
1.247790e+02 1.225813e+02 -1.261301e+00 -2.367150e-07 2.726553e-06 1.763561e-06 3.255806e-06 -3.279716e+01 -4.961888e+00 
1.247790e+02 1.236457e+02 -3.121711e-01 -2.897025e-07 2.856108e-06 1.214748e-06 3.117193e-06 -2.293539e+01 -5.791851e+00 
1.247790e+02 1.247100e+02 7.319463e-01 -3.538018e-07 2.908536e-06 5.563955e-07 2.982337e-06 -1.075231e+01 -6.935530e+00 
1.247790e+02 1.257743e+02 1.796783e+00 -4.290152e-07 2.823600e-06 -2.083938e-07 2.863599e-06 4.173296e+00 -8.639390e+00 
1.247790e+02 1.268387e+02 2.806596e+00 -5.117806e-07 2.509548e-06 -1.042581e-06 2.765272e-06 2.214963e+01 -1.152646e+01 
1.247790e+02 1.279030e+02 3.689557e+00 -5.891604e-07 1.867900e-06 -1.820131e-06 2.673768e-06 4.290121e+01 -1.750597e+01 
1.247790e+02 1.289674e+02 4.382861e+00 -6.387841e-07 9.080211e-07 -2.325672e-06 2.577072e-06 6.448168e+01 -3.512602e+01 
1.247790e+02 1.300317e+02 4.837193e+00 -6.435135e-07 -1.831970e-07 -2.394193e-06 2.485926e-06 7.438643e+01 -1.058907e+02 
1.247790e+02 1.310961e+02 5.020236e+00 -6.054513e-07 -1.187941e-06 -2.044441e-06 2.440802e-06 5.688863e+01 -1.529937e+02 
1.247790e+02 1.321604e+02 4.918969e+00 -5.331756e-07 -1.990180e-06 -1.357548e-06 2.467393e-06 3.338040e+01 -1.650025e+02 
1.247790e+02 1.332248e+02 4.540597e+00 -4.330901e-07 -2.481791e-06 -3.947546e-07 2.550036e-06 8.905402e+00 -1.701012e+02 
1.247790e+02 1.342891e+02 3.912033e+00 -3.210231e-07 -2.535708e-06 6.922810e-07 2.648041e-06 -1.515501e+01 -1.727847e+02 
1.247790e+02 1.353535e+02 3.077987e+00 -2.224602e-07 -2.167772e-06 1.659266e-06 2.738958e-06 -3.728658e+01 -1.741407e+02 
1.247790e+02 1.364178e+02 2.097785e+00 -1.525667e-07 -1.559986e-06 2.359526e-06 2.832701e-06 -5.640398e+01 -1.744142e+02 
1.247790e+02 1.374822e+02 1.041149e+00 -1.097601e-07 -8.865682e-07 2.805275e-06 2.944082e-06 -7.233598e+01 -1.729425e+02 
1.247790e+02 1.385465e+02 -1.676191e-02 -8.667460e-08 -2.430385e-07 3.063499e-06 3.074346e-06 -8.518547e+01 -1.603723e+02 
1.247790e+02 1.396109e+02 -1.000698e+00 -7.655369e-08 3.363673e-07 3.195353e-06 3.213921e-06 -8.383824e+01 -1.282153e+01 
1.247790e+02 1.406752e+02 -1.840670e+00 -7.539644e-08 8.418596e-07 3.235973e-06 3.344538e-06 -7.536152e+01 -5.117722e+00 
1.247790e+02 1.417396e+02 -2.476933e+00 -8.082584e-08 1.276234e-06 3.205458e-06 3.451126e-06 -6.825089e+01 -3.623790e+00 
1.247790e+02 1.428039e+02 -2.864227e+00 -9.210911e-08 1.645272e-06 3.108867e-06 3.518587e-06 -6.207427e+01 -3.204309e+00 
1.247790e+02 1.438683e+02 -2.975005e+00 -1.092379e-07 1.958505e-06 2.945111e-06 3.538552e-06 -5.633497e+01 -3.192432e+00 
1.247790e+02 1.449326e+02 -2.801387e+00 -1.327147e-07 2.225429e-06 2.709075e-06 3.508452e-06 -5.054797e+01 -3.412825e+00 
1.247790e+02 1.459970e+02 -2.355722e+00 -1.633481e-07 2.454107e-06 2.393590e-06 3.431996e-06 -4.422148e+01 -3.808053e+00 
1.247790e+02 1.470613e+02 -1.669711e+00 -2.020533e-07 2.648476e-06 1.991294e-06 3.319714e-06 -3.685836e+01 -4.362667e+00 
1.247790e+02 1.481257e+02 -7.921498e-01 -2.500465e-07 2.802110e-06 1.492684e-06 3.184721e-06 -2.795004e+01 -5.099286e+00 
1.247790e+02 1.491900e+02 2.145401e-01 -3.084788e-07 2.896956e-06 8.894440e-07 3.046083e-06 -1.697749e+01 -6.078167e+00 
