# 1, 2, 3, 4   , 5   , 6   , 7   , 8   , 9   , 10  
# x, y, z, Bx_si, By_si, Bz_si, In_si, Ic_si, Dc_si, dmeas 
5.071227e+05 4.188573e+06 8.761103e+02 -1.489418e-07 -8.584602e-07 -6.959993e-07 1.115147e-06 3.861854e+01 -1.701572e+02 0.000000e+00 
5.071212e+05 4.188575e+06 8.758943e+02 9.899647e-08 -1.209013e-06 -4.035358e-07 1.278419e-06 1.840019e+01 1.753189e+02 2.202761e+00 
5.071205e+05 4.188575e+06 8.756761e+02 1.641425e-07 -1.293070e-06 -2.084469e-07 1.320008e-06 9.085796e+00 1.727656e+02 3.219038e+00 
5.071194e+05 4.188577e+06 8.752945e+02 2.054819e-07 -1.309276e-06 7.040458e-08 1.327171e-06 -3.040890e+00 1.710806e+02 4.755073e+00 
5.071188e+05 4.188577e+06 8.752015e+02 2.160347e-07 -1.288914e-06 1.442555e-07 1.314831e-06 -6.298835e+00 1.704851e+02 5.322263e+00 
5.071178e+05 4.188577e+06 8.749821e+02 2.311952e-07 -1.235041e-06 2.817721e-07 1.287701e-06 -1.263962e+01 1.693972e+02 6.447037e+00 
5.071168e+05 4.188577e+06 8.747676e+02 2.379795e-07 -1.171755e-06 3.934290e-07 1.258741e-06 -1.821342e+01 1.685196e+02 7.477979e+00 
5.071157e+05 4.188579e+06 8.741743e+02 1.724895e-07 -1.080065e-06 5.303503e-07 1.215551e-06 -2.586833e+01 1.709263e+02 9.547524e+00 
5.071149e+05 4.188581e+06 8.737386e+02 1.013629e-07 -1.051108e-06 6.083609e-07 1.218690e-06 -2.994658e+01 1.744918e+02 1.116348e+01 
5.071142e+05 4.188582e+06 8.734072e+02 4.848750e-08 -1.039985e-06 6.803960e-07 1.243728e-06 -3.316567e+01 1.773306e+02 1.238427e+01 
5.071134e+05 4.188582e+06 8.731307e+02 7.114212e-09 -1.009147e-06 7.502461e-07 1.257497e-06 -3.662811e+01 1.795961e+02 1.348854e+01 
5.071126e+05 4.188583e+06 8.729508e+02 -2.081274e-08 -9.669124e-07 8.021078e-07 1.256475e-06 -3.967108e+01 -1.787669e+02 1.440636e+01 
5.071110e+05 4.188583e+06 8.727368e+02 -3.398317e-08 -8.582709e-07 8.751791e-07 1.226264e-06 -4.553641e+01 -1.777326e+02 1.596165e+01 
5.071094e+05 4.188584e+06 8.722661e+02 -1.504179e-07 -7.281715e-07 9.933633e-07 1.240818e-06 -5.318468e+01 -1.683286e+02 1.798636e+01 
5.071072e+05 4.188585e+06 8.720111e+02 -2.948887e-07 -5.309858e-07 1.053478e-06 1.216027e-06 -6.003470e+01 -1.509539e+02 2.023476e+01 
5.071064e+05 4.188585e+06 8.719039e+02 -3.909315e-07 -4.830033e-07 1.016893e-06 1.191717e-06 -5.857245e+01 -1.410141e+02 2.125522e+01 
5.071048e+05 4.188586e+06 8.719719e+02 -5.011041e-07 -4.950587e-07 8.990223e-07 1.142116e-06 -5.192041e+01 -1.346523e+02 2.320147e+01 
5.071037e+05 4.188587e+06 8.720850e+02 -5.223074e-07 -5.778112e-07 8.525734e-07 1.154795e-06 -4.758592e+01 -1.378883e+02 2.459445e+01 
5.071023e+05 4.188588e+06 8.721399e+02 -5.185883e-07 -6.956082e-07 8.767986e-07 1.233524e-06 -4.530071e+01 -1.432948e+02 2.649395e+01 
5.071006e+05 4.188588e+06 8.725175e+02 -5.839637e-07 -7.574689e-07 8.690054e-07 1.292263e-06 -4.225784e+01 -1.423699e+02 2.820970e+01 
5.070991e+05 4.188589e+06 8.727482e+02 -5.918563e-07 -8.257168e-07 8.969349e-07 1.355210e-06 -4.144050e+01 -1.443678e+02 2.985594e+01 
5.070977e+05 4.188590e+06 8.730087e+02 -5.994787e-07 -8.838313e-07 9.315683e-07 1.417163e-06 -4.109786e+01 -1.458520e+02 3.134873e+01 
5.070967e+05 4.188591e+06 8.730933e+02 -5.762508e-07 -9.405760e-07 1.005789e-06 1.492769e-06 -4.235900e+01 -1.485060e+02 3.275119e+01 
5.070961e+05 4.188592e+06 8.730342e+02 -5.432267e-07 -9.770558e-07 1.097311e-06 1.566469e-06 -4.446712e+01 -1.509267e+02 3.383233e+01 
5.070949e+05 4.188592e+06 8.732428e+02 -5.855041e-07 -1.000996e-06 1.192612e-06 1.663470e-06 -4.580262e+01 -1.496757e+02 3.502997e+01 
5.070935e+05 4.188592e+06 8.734577e+02 -6.712120e-07 -9.969529e-07 1.317716e-06 1.783484e-06 -4.763301e+01 -1.460491e+02 3.649378e+01 
5.070919e+05 4.188593e+06 8.737035e+02 -8.300007e-07 -9.453498e-07 1.421063e-06 1.897896e-06 -4.848285e+01 -1.387174e+02 3.835063e+01 
5.070910e+05 4.188594e+06 8.739459e+02 -9.241579e-07 -9.099973e-07 1.414012e-06 1.918747e-06 -4.747183e+01 -1.345577e+02 3.934563e+01 
5.070899e+05 4.188594e+06 8.743962e+02 -1.030788e-06 -8.829852e-07 1.340441e-06 1.907608e-06 -4.464254e+01 -1.305837e+02 4.050314e+01 
5.070882e+05 4.188595e+06 8.749064e+02 -1.157913e-06 -8.086514e-07 1.222922e-06 1.868213e-06 -4.088893e+01 -1.249293e+02 4.232590e+01 
5.070870e+05 4.188595e+06 8.753640e+02 -1.228027e-06 -7.787996e-07 1.091296e-06 1.818106e-06 -3.688696e+01 -1.223824e+02 4.366088e+01 
5.070860e+05 4.188596e+06 8.757154e+02 -1.264767e-06 -7.691350e-07 9.728379e-07 1.771332e-06 -3.331301e+01 -1.213048e+02 4.480477e+01 
5.070851e+05 4.188596e+06 8.761766e+02 -1.282332e-06 -7.978611e-07 8.558807e-07 1.735941e-06 -2.954030e+01 -1.218897e+02 4.573285e+01 
5.070837e+05 4.188596e+06 8.769069e+02 -1.288332e-06 -8.644456e-07 6.757339e-07 1.692242e-06 -2.353523e+01 -1.238608e+02 4.713194e+01 
5.070824e+05 4.188596e+06 8.775350e+02 -1.245155e-06 -9.360843e-07 5.038521e-07 1.637233e-06 -1.792345e+01 -1.269352e+02 4.846502e+01 
5.070815e+05 4.188597e+06 8.778241e+02 -1.164438e-06 -9.782695e-07 3.991228e-07 1.572332e-06 -1.470494e+01 -1.300343e+02 4.955445e+01 
5.070804e+05 4.188597e+06 8.781649e+02 -1.032084e-06 -1.013871e-06 3.150542e-07 1.480673e-06 -1.228519e+01 -1.344900e+02 5.071180e+01 
5.070792e+05 4.188597e+06 8.784273e+02 -8.786470e-07 -1.040621e-06 2.640868e-07 1.387319e-06 -1.097366e+01 -1.398240e+02 5.196347e+01 
5.070778e+05 4.188598e+06 8.782327e+02 -7.144773e-07 -9.517555e-07 3.097006e-07 1.229728e-06 -1.458671e+01 -1.431047e+02 5.376554e+01 
