# 1, 2, 3, 4   , 5   , 6   , 7   , 8   , 9   , 10  
# x, y, z, Bx_si, By_si, Bz_si, In_si, Ic_si, Dc_si, dmeas 
5.071227e+05 4.188573e+06 8.764319e+02 -4.071441e-07 2.438986e-08 1.787477e-06 1.833422e-06 7.714609e+01 1.765718e+02 0.000000e+00 
5.071212e+05 4.188575e+06 8.764319e+02 -4.100854e-07 2.985091e-08 1.777861e-06 1.824788e-06 7.697800e+01 1.758367e+02 2.202761e+00 
5.071205e+05 4.188575e+06 8.764319e+02 -4.115351e-07 3.210560e-08 1.773170e-06 1.820583e-06 7.689522e+01 1.755391e+02 3.219038e+00 
5.071194e+05 4.188577e+06 8.764319e+02 -4.134144e-07 3.604633e-08 1.767188e-06 1.815259e-06 7.678486e+01 1.750169e+02 4.755073e+00 
5.071188e+05 4.188577e+06 8.764319e+02 -4.136403e-07 3.800966e-08 1.766527e-06 1.814707e-06 7.676779e+01 1.747498e+02 5.322263e+00 
5.071178e+05 4.188577e+06 8.764319e+02 -4.142292e-07 4.180378e-08 1.764773e-06 1.813218e-06 7.672588e+01 1.742373e+02 6.447037e+00 
5.071168e+05 4.188577e+06 8.764319e+02 -4.148396e-07 4.521700e-08 1.762959e-06 1.811673e-06 7.668305e+01 1.737794e+02 7.477979e+00 
5.071157e+05 4.188579e+06 8.764319e+02 -4.178980e-07 4.902890e-08 1.753475e-06 1.803252e-06 7.650642e+01 1.733085e+02 9.547524e+00 
5.071149e+05 4.188581e+06 8.764319e+02 -4.203474e-07 5.168099e-08 1.746053e-06 1.796681e-06 7.636597e+01 1.729908e+02 1.116348e+01 
5.071142e+05 4.188582e+06 8.764319e+02 -4.220611e-07 5.400416e-08 1.740998e-06 1.792241e-06 7.626607e+01 1.727084e+02 1.238427e+01 
5.071134e+05 4.188582e+06 8.764319e+02 -4.232068e-07 5.692137e-08 1.737763e-06 1.789459e-06 7.619434e+01 1.723397e+02 1.348854e+01 
5.071126e+05 4.188583e+06 8.764319e+02 -4.238213e-07 5.980123e-08 1.736141e-06 1.788124e-06 7.615076e+01 1.719686e+02 1.440636e+01 
5.071110e+05 4.188583e+06 8.764319e+02 -4.237345e-07 6.548391e-08 1.736805e-06 1.788947e-06 7.613268e+01 1.712150e+02 1.596165e+01 
5.071094e+05 4.188584e+06 8.764319e+02 -4.253813e-07 7.142860e-08 1.732510e-06 1.785397e-06 7.601951e+01 1.704680e+02 1.798636e+01 
5.071072e+05 4.188585e+06 8.764319e+02 -4.256175e-07 7.958205e-08 1.732581e-06 1.785867e-06 7.596847e+01 1.694091e+02 2.023476e+01 
5.071064e+05 4.188585e+06 8.764319e+02 -4.265381e-07 8.240559e-08 1.730268e-06 1.783971e-06 7.590585e+01 1.690654e+02 2.125522e+01 
5.071048e+05 4.188586e+06 8.764319e+02 -4.280685e-07 8.811906e-08 1.726658e-06 1.781111e-06 7.579587e+01 1.683680e+02 2.320147e+01 
5.071037e+05 4.188587e+06 8.764319e+02 -4.292314e-07 9.208370e-08 1.723990e-06 1.779006e-06 7.571379e+01 1.678918e+02 2.459445e+01 
5.071023e+05 4.188588e+06 8.764319e+02 -4.310162e-07 9.711840e-08 1.719952e-06 1.775793e-06 7.559332e+01 1.673019e+02 2.649395e+01 
5.071006e+05 4.188588e+06 8.764319e+02 -4.303378e-07 1.038865e-07 1.722668e-06 1.778642e-06 7.558771e+01 1.664281e+02 2.820970e+01 
5.070991e+05 4.188589e+06 8.764319e+02 -4.311478e-07 1.093898e-07 1.721424e-06 1.777963e-06 7.551192e+01 1.657635e+02 2.985594e+01 
5.070977e+05 4.188590e+06 8.764319e+02 -4.314943e-07 1.148442e-07 1.721435e-06 1.778402e-06 7.545874e+01 1.650960e+02 3.134873e+01 
5.070967e+05 4.188591e+06 8.764319e+02 -4.327254e-07 1.186930e-07 1.719063e-06 1.776659e-06 7.537110e+01 1.646615e+02 3.275119e+01 
5.070961e+05 4.188592e+06 8.764319e+02 -4.340395e-07 1.208387e-07 1.716300e-06 1.774451e-06 7.529113e+01 1.644425e+02 3.383233e+01 
5.070949e+05 4.188592e+06 8.764319e+02 -4.339544e-07 1.255906e-07 1.717414e-06 1.775838e-06 7.526232e+01 1.638590e+02 3.502997e+01 
5.070935e+05 4.188592e+06 8.764319e+02 -4.342511e-07 1.310914e-07 1.717830e-06 1.776710e-06 7.520822e+01 1.632020e+02 3.649378e+01 
5.070919e+05 4.188593e+06 8.764319e+02 -4.350670e-07 1.375822e-07 1.717362e-06 1.776948e-06 7.512032e+01 1.624514e+02 3.835063e+01 
5.070910e+05 4.188594e+06 8.764319e+02 -4.353307e-07 1.413130e-07 1.717618e-06 1.777552e-06 7.507914e+01 1.620160e+02 3.934563e+01 
5.070899e+05 4.188594e+06 8.764319e+02 -4.350326e-07 1.462604e-07 1.719431e-06 1.779631e-06 7.505470e+01 1.614171e+02 4.050314e+01 
5.070882e+05 4.188595e+06 8.764319e+02 -4.355971e-07 1.531075e-07 1.719881e-06 1.780780e-06 7.497262e+01 1.606340e+02 4.232590e+01 
5.070870e+05 4.188595e+06 8.764319e+02 -4.358908e-07 1.583337e-07 1.720604e-06 1.782007e-06 7.491546e+01 1.600369e+02 4.366088e+01 
5.070860e+05 4.188596e+06 8.764319e+02 -4.364137e-07 1.624550e-07 1.720625e-06 1.782526e-06 7.485626e+01 1.595822e+02 4.480477e+01 
5.070851e+05 4.188596e+06 8.764319e+02 -4.360042e-07 1.667390e-07 1.722643e-06 1.784769e-06 7.483818e+01 1.590719e+02 4.573285e+01 
5.070837e+05 4.188596e+06 8.764319e+02 -4.350770e-07 1.734396e-07 1.726417e-06 1.788824e-06 7.482115e+01 1.582657e+02 4.713194e+01 
5.070824e+05 4.188596e+06 8.764319e+02 -4.345534e-07 1.797602e-07 1.729298e-06 1.792100e-06 7.478684e+01 1.575268e+02 4.846502e+01 
5.070815e+05 4.188597e+06 8.764319e+02 -4.348788e-07 1.841242e-07 1.729938e-06 1.793239e-06 7.473101e+01 1.570526e+02 4.955445e+01 
5.070804e+05 4.188597e+06 8.764319e+02 -4.349247e-07 1.892403e-07 1.731408e-06 1.795201e-06 7.467993e+01 1.564856e+02 5.071180e+01 
5.070792e+05 4.188597e+06 8.764319e+02 -4.344568e-07 1.954103e-07 1.734244e-06 1.798483e-06 7.464025e+01 1.557827e+02 5.196347e+01 
5.070778e+05 4.188598e+06 8.764319e+02 -4.356601e-07 2.015962e-07 1.733991e-06 1.799213e-06 7.452565e+01 1.551683e+02 5.376554e+01 
