# 1    , 2      , 3      , 4      , 5      , 6      , 7       
# dmeas, Bx_siB0, By_siB0, Bz_siB0, In_siB0, Ic_siB0, Dc_siB0 
0.000000e+00 2.594564e-05 1.416358e-06 3.710340e-05 4.529729e-05 5.499566e+01 3.124644e+00 
2.202761e+00 2.559509e-05 1.664296e-06 3.681094e-05 4.486561e-05 5.513197e+01 3.720367e+00 
3.219038e+00 2.551103e-05 1.729443e-06 3.661585e-05 4.466009e-05 5.507263e+01 3.878259e+00 
4.755073e+00 2.549482e-05 1.770782e-06 3.633700e-05 4.442408e-05 5.488082e+01 3.973185e+00 
5.322263e+00 2.551519e-05 1.781335e-06 3.626314e-05 4.437582e-05 5.480374e+01 3.993607e+00 
6.447037e+00 2.556906e-05 1.796495e-06 3.612563e-05 4.429520e-05 5.464329e+01 4.019026e+00 
7.477979e+00 2.563235e-05 1.803280e-06 3.601397e-05 4.424110e-05 5.449243e+01 4.024226e+00 
9.547524e+00 2.572403e-05 1.737789e-06 3.587705e-05 4.418041e-05 5.429748e+01 3.864749e+00 
1.116348e+01 2.575299e-05 1.666663e-06 3.579904e-05 4.413123e-05 5.421286e+01 3.702862e+00 
1.238427e+01 2.576411e-05 1.613787e-06 3.572700e-05 4.407735e-05 5.414994e+01 3.584155e+00 
1.348854e+01 2.579495e-05 1.572414e-06 3.565715e-05 4.403731e-05 5.406695e+01 3.488332e+00 
1.440636e+01 2.583719e-05 1.544487e-06 3.560529e-05 4.401912e-05 5.398468e+01 3.420938e+00 
1.596165e+01 2.594583e-05 1.531317e-06 3.553222e-05 4.402351e-05 5.381541e+01 3.377665e+00 
1.798636e+01 2.607593e-05 1.414882e-06 3.541404e-05 4.400125e-05 5.359496e+01 3.105828e+00 
2.023476e+01 2.627311e-05 1.270411e-06 3.535392e-05 4.406575e-05 5.335024e+01 2.768326e+00 
2.125522e+01 2.632110e-05 1.174369e-06 3.539051e-05 4.412105e-05 5.333331e+01 2.554672e+00 
2.320147e+01 2.630904e-05 1.064196e-06 3.550838e-05 4.420569e-05 5.344193e+01 2.316341e+00 
2.459445e+01 2.622629e-05 1.042993e-06 3.555483e-05 4.419335e-05 5.356479e+01 2.277394e+00 
2.649395e+01 2.610849e-05 1.046712e-06 3.553060e-05 4.410411e-05 5.366896e+01 2.295807e+00 
2.820970e+01 2.604663e-05 9.813363e-07 3.553839e-05 4.407230e-05 5.374237e+01 2.157663e+00 
2.985594e+01 2.597838e-05 9.734437e-07 3.551047e-05 4.400928e-05 5.379277e+01 2.145943e+00 
3.134873e+01 2.592027e-05 9.658213e-07 3.547583e-05 4.394687e-05 5.382749e+01 2.133924e+00 
3.275119e+01 2.586352e-05 9.890492e-07 3.540161e-05 4.385401e-05 5.382914e+01 2.189986e+00 
3.383233e+01 2.582704e-05 1.022073e-06 3.531009e-05 4.375938e-05 5.379558e+01 2.266227e+00 
3.502997e+01 2.580310e-05 9.797959e-07 3.521479e-05 4.366740e-05 5.374878e+01 2.174592e+00 
3.649378e+01 2.580715e-05 8.940880e-07 3.508968e-05 4.356712e-05 5.365051e+01 1.984217e+00 
3.835063e+01 2.585875e-05 7.352993e-07 3.498634e-05 4.351160e-05 5.352046e+01 1.628779e+00 
3.934563e+01 2.589410e-05 6.411421e-07 3.499339e-05 4.353680e-05 5.349123e+01 1.418363e+00 
4.050314e+01 2.592111e-05 5.345120e-07 3.506696e-05 4.361057e-05 5.352277e+01 1.181313e+00 
4.232590e+01 2.599545e-05 4.073866e-07 3.518448e-05 4.374788e-05 5.353843e+01 8.978350e-01 
4.366088e+01 2.602530e-05 3.372726e-07 3.531610e-05 4.387092e-05 5.361029e+01 7.424781e-01 
4.480477e+01 2.603496e-05 3.005330e-07 3.543456e-05 4.397179e-05 5.369220e+01 6.613610e-01 
4.573285e+01 2.600624e-05 2.829677e-07 3.555152e-05 4.404901e-05 5.381260e+01 6.233971e-01 
4.713194e+01 2.593965e-05 2.769682e-07 3.573167e-05 4.415534e-05 5.402041e+01 6.117470e-01 
4.846502e+01 2.586802e-05 3.201452e-07 3.590355e-05 4.425293e-05 5.422568e+01 7.090623e-01 
4.955445e+01 2.582583e-05 4.008616e-07 3.600828e-05 4.431400e-05 5.434791e+01 8.892583e-01 
5.071180e+01 2.579023e-05 5.332158e-07 3.609235e-05 4.436302e-05 5.444604e+01 1.184428e+00 
5.196347e+01 2.576348e-05 6.866530e-07 3.614331e-05 4.439107e-05 5.450856e+01 1.526696e+00 
5.376554e+01 2.585234e-05 8.508227e-07 3.609770e-05 4.440846e-05 5.437595e+01 1.884973e+00 
