# 1      , 2      , 3      , 4    , 5     , 6      , 7      , 8      ,                    9              , 10  , 11  , 12  , 13    , 14      
# IGRF_In, IGRF_Ic, IGRF_Dc, dmeas, height, In_siB0, Ic_siB0, Dc_siB0,                    height m (-poh), In_m, Ic_m, Dc_m, min hP, max hP  
4.523725e-05 5.359193e+01 3.342151e+00 0.000000e+00 8.761103e+02 4.529729e-05 5.499566e+01 3.124644e+00 8.711000e+02 4.458776e+01 5.585344e+01 7.510796e-01 8.719039e+02 8.784273e+02 
4.523725e-05 5.359193e+01 3.342151e+00 2.202761e+00 8.758943e+02 4.486561e-05 5.513197e+01 3.720367e+00 8.700000e+02 4.358909e+01 5.525188e+01 2.559701e+00 8.719039e+02 8.784273e+02 
4.523725e-05 5.359193e+01 3.342151e+00 3.219038e+00 8.756761e+02 4.466009e-05 5.507263e+01 3.878259e+00 8.697000e+02 4.371539e+01 5.291848e+01 8.477510e-01 8.719039e+02 8.784273e+02 
4.523725e-05 5.359193e+01 3.342151e+00 4.755073e+00 8.752945e+02 4.442408e-05 5.488082e+01 3.973185e+00 8.690000e+02 4.401025e+01 5.358020e+01 1.520645e-01 8.719039e+02 8.784273e+02 
4.523725e-05 5.359193e+01 3.342151e+00 5.322263e+00 8.752015e+02 4.437582e-05 5.480374e+01 3.993607e+00 8.692000e+02 4.400770e+01 5.368822e+01 1.485590e-01 8.719039e+02 8.784273e+02 
4.523725e-05 5.359193e+01 3.342151e+00 6.447037e+00 8.749821e+02 4.429520e-05 5.464329e+01 4.019026e+00 8.690000e+02 4.386506e+01 5.283397e+01 1.956690e-01 8.719039e+02 8.784273e+02 
4.523725e-05 5.359193e+01 3.342151e+00 7.477979e+00 8.747676e+02 4.424110e-05 5.449243e+01 4.024226e+00 8.688000e+02 4.457092e+01 5.191258e+01 -9.017766e-01 8.719039e+02 8.784273e+02 
4.523725e-05 5.359193e+01 3.342151e+00 9.547524e+00 8.741743e+02 4.418041e-05 5.429748e+01 3.864749e+00 8.694000e+02 4.509394e+01 5.484376e+01 -2.365396e-01 8.719039e+02 8.784273e+02 
4.523725e-05 5.359193e+01 3.342151e+00 1.116348e+01 8.737386e+02 4.413123e-05 5.421286e+01 3.702862e+00 8.693000e+02 4.420687e+01 5.523946e+01 6.351340e-01 8.719039e+02 8.784273e+02 
4.523725e-05 5.359193e+01 3.342151e+00 1.238427e+01 8.734072e+02 4.407735e-05 5.414994e+01 3.584155e+00 8.687000e+02 4.326730e+01 5.498477e+01 8.435082e-01 8.719039e+02 8.784273e+02 
4.523725e-05 5.359193e+01 3.342151e+00 1.348854e+01 8.731307e+02 4.403731e-05 5.406695e+01 3.488332e+00 8.681000e+02 4.254236e+01 5.340867e+01 1.331194e+00 8.719039e+02 8.784273e+02 
4.523725e-05 5.359193e+01 3.342151e+00 1.440636e+01 8.729508e+02 4.401912e-05 5.398468e+01 3.420938e+00 8.676000e+02 4.233148e+01 5.319988e+01 -4.504327e-01 8.719039e+02 8.784273e+02 
4.523725e-05 5.359193e+01 3.342151e+00 1.596165e+01 8.727368e+02 4.402351e-05 5.381541e+01 3.377665e+00 8.668000e+02 4.245628e+01 5.235389e+01 -1.250075e+00 8.719039e+02 8.784273e+02 
4.523725e-05 5.359193e+01 3.342151e+00 1.798636e+01 8.722661e+02 4.400125e-05 5.359496e+01 3.105828e+00 8.668000e+02 4.324983e+01 5.241449e+01 -3.433941e+00 8.719039e+02 8.784273e+02 
4.523725e-05 5.359193e+01 3.342151e+00 2.023476e+01 8.720111e+02 4.406575e-05 5.335024e+01 2.768326e+00 8.674000e+02 4.397664e+01 5.267852e+01 -2.999474e+00 8.719039e+02 8.784273e+02 
4.523725e-05 5.359193e+01 3.342151e+00 2.125522e+01 8.719039e+02 4.412105e-05 5.333331e+01 2.554672e+00 8.675000e+02 4.416311e+01 5.337022e+01 -4.462540e+00 8.719039e+02 8.784273e+02 
4.523725e-05 5.359193e+01 3.342151e+00 2.320147e+01 8.719719e+02 4.420569e-05 5.344193e+01 2.316341e+00 8.677000e+02 4.428776e+01 5.319981e+01 -2.371850e+00 8.719039e+02 8.784273e+02 
4.523725e-05 5.359193e+01 3.342151e+00 2.459445e+01 8.720850e+02 4.419335e-05 5.356479e+01 2.277394e+00 8.679000e+02 4.416666e+01 5.338935e+01 -1.965489e+00 8.719039e+02 8.784273e+02 
4.523725e-05 5.359193e+01 3.342151e+00 2.649395e+01 8.721399e+02 4.410411e-05 5.366896e+01 2.295807e+00 8.685000e+02 4.379580e+01 5.310643e+01 -8.575080e-01 8.719039e+02 8.784273e+02 
4.523725e-05 5.359193e+01 3.342151e+00 2.820970e+01 8.725175e+02 4.407230e-05 5.374237e+01 2.157663e+00 8.692000e+02 4.322276e+01 5.347197e+01 -2.321470e+00 8.719039e+02 8.784273e+02 
4.523725e-05 5.359193e+01 3.342151e+00 2.985594e+01 8.727482e+02 4.400928e-05 5.379277e+01 2.145943e+00 8.696000e+02 4.300135e+01 5.253980e+01 -3.021711e+00 8.719039e+02 8.784273e+02 
4.523725e-05 5.359193e+01 3.342151e+00 3.134873e+01 8.730087e+02 4.394687e-05 5.382749e+01 2.133924e+00 8.696000e+02 4.309298e+01 5.255843e+01 -5.235225e+00 8.719039e+02 8.784273e+02 
4.523725e-05 5.359193e+01 3.342151e+00 3.275119e+01 8.730933e+02 4.385401e-05 5.382914e+01 2.189986e+00 8.698000e+02 4.358873e+01 5.245819e+01 -4.905186e+00 8.719039e+02 8.784273e+02 
4.523725e-05 5.359193e+01 3.342151e+00 3.383233e+01 8.730342e+02 4.375938e-05 5.379558e+01 2.266227e+00 8.698000e+02 4.414548e+01 5.321337e+01 -5.868370e+00 8.719039e+02 8.784273e+02 
4.523725e-05 5.359193e+01 3.342151e+00 3.502997e+01 8.732428e+02 4.366740e-05 5.374878e+01 2.174592e+00 8.701000e+02 4.457582e+01 5.381529e+01 -4.883685e+00 8.719039e+02 8.784273e+02 
4.523725e-05 5.359193e+01 3.342151e+00 3.649378e+01 8.734577e+02 4.356712e-05 5.365051e+01 1.984217e+00 8.709000e+02 4.455332e+01 5.424548e+01 -4.779739e+00 8.719039e+02 8.784273e+02 
4.523725e-05 5.359193e+01 3.342151e+00 3.835063e+01 8.737035e+02 4.351160e-05 5.352046e+01 1.628779e+00 8.717000e+02 4.448441e+01 5.481578e+01 -5.258268e+00 8.719039e+02 8.784273e+02 
4.523725e-05 5.359193e+01 3.342151e+00 3.934563e+01 8.739459e+02 4.353680e-05 5.349123e+01 1.418363e+00 8.721000e+02 4.435275e+01 5.459953e+01 -4.408673e+00 8.719039e+02 8.784273e+02 
4.523725e-05 5.359193e+01 3.342151e+00 4.050314e+01 8.743962e+02 4.361057e-05 5.352277e+01 1.181313e+00 8.733000e+02 4.449373e+01 5.446817e+01 -3.526703e+00 8.719039e+02 8.784273e+02 
4.523725e-05 5.359193e+01 3.342151e+00 4.232590e+01 8.749064e+02 4.374788e-05 5.353843e+01 8.978350e-01 8.733000e+02 4.467742e+01 5.510020e+01 -3.578659e+00 8.719039e+02 8.784273e+02 
4.523725e-05 5.359193e+01 3.342151e+00 4.366088e+01 8.753640e+02 4.387092e-05 5.361029e+01 7.424781e-01 8.736000e+02 4.481250e+01 5.482021e+01 -3.480943e+00 8.719039e+02 8.784273e+02 
4.523725e-05 5.359193e+01 3.342151e+00 4.480477e+01 8.757154e+02 4.397179e-05 5.369220e+01 6.613610e-01 8.740000e+02 4.484688e+01 5.538128e+01 -3.732441e+00 8.719039e+02 8.784273e+02 
4.523725e-05 5.359193e+01 3.342151e+00 4.573285e+01 8.761766e+02 4.404901e-05 5.381260e+01 6.233971e-01 8.743000e+02 4.482133e+01 5.511445e+01 -3.579819e+00 8.719039e+02 8.784273e+02 
4.523725e-05 5.359193e+01 3.342151e+00 4.713194e+01 8.769069e+02 4.415534e-05 5.402041e+01 6.117470e-01 8.749000e+02 4.476796e+01 5.518525e+01 -3.640219e+00 8.719039e+02 8.784273e+02 
4.523725e-05 5.359193e+01 3.342151e+00 4.846502e+01 8.775350e+02 4.425293e-05 5.422568e+01 7.090623e-01 8.757000e+02 4.492571e+01 5.510732e+01 -3.066986e+00 8.719039e+02 8.784273e+02 
4.523725e-05 5.359193e+01 3.342151e+00 4.955445e+01 8.778241e+02 4.431400e-05 5.434791e+01 8.892583e-01 8.762000e+02 4.502267e+01 5.526239e+01 -2.690463e+00 8.719039e+02 8.784273e+02 
4.523725e-05 5.359193e+01 3.342151e+00 5.071180e+01 8.781649e+02 4.436302e-05 5.444604e+01 1.184428e+00 8.764000e+02 4.510487e+01 5.529689e+01 -3.141324e+00 8.719039e+02 8.784273e+02 
4.523725e-05 5.359193e+01 3.342151e+00 5.196347e+01 8.784273e+02 4.439107e-05 5.450856e+01 1.526696e+00 8.767000e+02 4.543278e+01 5.552570e+01 -1.032124e+00 8.719039e+02 8.784273e+02 
4.523725e-05 5.359193e+01 3.342151e+00 5.376554e+01 8.782327e+02 4.440846e-05 5.437595e+01 1.884973e+00 8.773000e+02 4.554601e+01 5.547582e+01 -8.635628e-01 8.719039e+02 8.784273e+02 
