# 1    , 2      , 3      , 4      , 5      , 6      , 7       
# dmeas, Bx_siB0, By_siB0, Bz_siB0, In_siB0, Ic_siB0, Dc_siB0 
0.000000e+00 2.649250e-05 1.507200e-06 3.613325e-05 4.483008e-05 5.370739e+01 3.256138e+00 
1.132351e+00 2.649124e-05 1.446925e-06 3.597737e-05 4.470180e-05 5.359389e+01 3.126332e+00 
1.951219e+00 2.651084e-05 1.403540e-06 3.588833e-05 4.464041e-05 5.350826e+01 3.030530e+00 
4.180465e+00 2.660586e-05 1.307342e-06 3.572703e-05 4.456458e-05 5.329191e+01 2.813102e+00 
5.474139e+00 2.667823e-05 1.258141e-06 3.569364e-05 4.457966e-05 5.319421e+01 2.700059e+00 
8.263497e+00 2.675716e-05 1.146064e-06 3.561945e-05 4.456461e-05 5.306108e+01 2.452596e+00 
8.308948e+00 2.675897e-05 1.144381e-06 3.562157e-05 4.456735e-05 5.306094e+01 2.448835e+00 
9.830550e+00 2.680145e-05 1.097037e-06 3.561554e-05 4.458686e-05 5.301472e+01 2.343922e+00 
1.141447e+01 2.683799e-05 1.085756e-06 3.560591e-05 4.460087e-05 5.297028e+01 2.316690e+00 
1.290372e+01 2.688567e-05 1.097740e-06 3.559048e-05 4.461756e-05 5.290901e+01 2.338083e+00 
1.501204e+01 2.703393e-05 1.135260e-06 3.559436e-05 4.471108e-05 5.275900e+01 2.404660e+00 
1.635267e+01 2.709934e-05 1.158193e-06 3.569261e-05 4.482943e-05 5.276750e+01 2.447263e+00 
1.739556e+01 2.709588e-05 1.180952e-06 3.577554e-05 4.489399e-05 5.283406e+01 2.495612e+00 
1.860645e+01 2.704836e-05 1.200435e-06 3.582961e-05 4.490897e-05 5.292313e+01 2.541179e+00 
1.998346e+01 2.696948e-05 1.224019e-06 3.586568e-05 4.489096e-05 5.303006e+01 2.598605e+00 
2.161417e+01 2.689908e-05 1.249277e-06 3.583201e-05 4.482248e-05 5.307481e+01 2.659082e+00 
2.365951e+01 2.688585e-05 1.292436e-06 3.576905e-05 4.476543e-05 5.303784e+01 2.752160e+00 
2.579970e+01 2.688310e-05 1.342161e-06 3.562136e-05 4.464733e-05 5.292419e+01 2.858165e+00 
2.823461e+01 2.704447e-05 1.336479e-06 3.530603e-05 4.449387e-05 5.251410e+01 2.829131e+00 
2.921125e+01 2.718059e-05 1.298925e-06 3.519239e-05 4.448569e-05 5.228793e+01 2.736009e+00 
3.057132e+01 2.747614e-05 1.219176e-06 3.508560e-05 4.458054e-05 5.190753e+01 2.540671e+00 
3.238252e+01 2.789057e-05 9.735376e-07 3.525065e-05 4.496043e-05 5.163173e+01 1.999133e+00 
3.539660e+01 2.815468e-05 5.264221e-07 3.578121e-05 4.553304e-05 5.179746e+01 1.071163e+00 
3.743756e+01 2.821816e-05 5.446350e-07 3.627408e-05 4.596052e-05 5.211494e+01 1.105721e+00 
3.908042e+01 2.813401e-05 5.921471e-07 3.659607e-05 4.616433e-05 5.244182e+01 1.205748e+00 
4.065287e+01 2.798510e-05 6.440603e-07 3.689343e-05 4.631097e-05 5.281097e+01 1.318395e+00 
4.170690e+01 2.780768e-05 6.878511e-07 3.703678e-05 4.631915e-05 5.309191e+01 1.416980e+00 
4.352688e+01 2.749853e-05 8.347799e-07 3.723845e-05 4.629869e-05 5.354358e+01 1.738809e+00 
4.438272e+01 2.733562e-05 9.146333e-07 3.729190e-05 4.624671e-05 5.374265e+01 1.916367e+00 
4.613765e+01 2.691963e-05 1.063042e-06 3.732065e-05 4.602855e-05 5.417565e+01 2.261404e+00 
4.771289e+01 2.650435e-05 1.111595e-06 3.708293e-05 4.559452e-05 5.442158e+01 2.401583e+00 
5.060775e+01 2.628914e-05 1.047481e-06 3.656911e-05 4.505015e-05 5.426651e+01 2.281723e+00 
5.134619e+01 2.628525e-05 1.023176e-06 3.644605e-05 4.494748e-05 5.417990e+01 2.229163e+00 
5.233356e+01 2.628597e-05 1.004298e-06 3.629766e-05 4.482723e-05 5.406891e+01 2.188014e+00 
5.374993e+01 2.633240e-05 8.987964e-07 3.626880e-05 4.482889e-05 5.400320e+01 1.954902e+00 
5.471326e+01 2.633691e-05 8.591510e-07 3.619323e-05 4.476965e-05 5.394305e+01 1.868415e+00 
5.522916e+01 2.634686e-05 8.319004e-07 3.617191e-05 4.475775e-05 5.391761e+01 1.808510e+00 
5.651394e+01 2.632302e-05 8.391097e-07 3.596606e-05 4.457760e-05 5.378630e+01 1.825823e+00 
