# 1, 2, 3, 4   , 5   , 6   , 7   , 8   , 9   , 10  
# x, y, z, Bx_si, By_si, Bz_si, In_si, Ic_si, Dc_si, dmeas 
5.054212e+05 4.183194e+06 1.540396e+03 -5.579979e-08 -3.318022e-07 2.153509e-07 3.994776e-07 -3.262112e+01 -1.704538e+02 0.000000e+00 
5.054203e+05 4.183195e+06 1.540274e+03 -1.160745e-07 -3.330571e-07 3.712318e-07 5.120678e-07 -4.646604e+01 -1.607859e+02 1.132351e+00 
5.054198e+05 4.183196e+06 1.540198e+03 -1.594605e-07 -3.134649e-07 4.602711e-07 5.792559e-07 -5.261657e+01 -1.530374e+02 1.951219e+00 
5.054185e+05 4.183198e+06 1.540061e+03 -2.556577e-07 -2.184382e-07 6.215659e-07 7.066967e-07 -6.158656e+01 -1.305111e+02 4.180465e+00 
5.054177e+05 4.183199e+06 1.540030e+03 -3.048593e-07 -1.460708e-07 6.549641e-07 7.370576e-07 -6.270035e+01 -1.156010e+02 5.474139e+00 
5.054174e+05 4.183201e+06 1.539918e+03 -4.169362e-07 -6.713984e-08 7.291497e-07 8.426167e-07 -5.992152e+01 -9.914789e+01 8.263497e+00 
5.054174e+05 4.183201e+06 1.539922e+03 -4.186185e-07 -6.533333e-08 7.270278e-07 8.414745e-07 -5.976788e+01 -9.887053e+01 8.308948e+00 
5.054169e+05 4.183203e+06 1.539911e+03 -4.659633e-07 -2.284715e-08 7.330590e-07 8.689184e-07 -5.752708e+01 -9.280708e+01 9.830550e+00 
5.054165e+05 4.183204e+06 1.539912e+03 -4.772442e-07 1.369136e-08 7.426890e-07 8.829136e-07 -5.726490e+01 -8.835673e+01 1.141447e+01 
5.054160e+05 4.183206e+06 1.539924e+03 -4.652602e-07 6.137064e-08 7.581249e-07 8.916203e-07 -5.824189e+01 -8.248572e+01 1.290372e+01 
5.054160e+05 4.183208e+06 1.539844e+03 -4.277399e-07 2.096332e-07 7.542397e-07 8.920679e-07 -5.772511e+01 -6.389076e+01 1.501204e+01 
5.054157e+05 4.183209e+06 1.539942e+03 -4.048070e-07 2.750444e-07 6.559939e-07 8.184413e-07 -5.327513e+01 -5.580601e+01 1.635267e+01 
5.054155e+05 4.183210e+06 1.540038e+03 -3.820475e-07 2.715830e-07 5.730608e-07 7.403488e-07 -5.071823e+01 -5.459243e+01 1.739556e+01 
5.054150e+05 4.183211e+06 1.540173e+03 -3.625653e-07 2.240648e-07 5.189908e-07 6.715729e-07 -5.060591e+01 -5.828400e+01 1.860645e+01 
5.054146e+05 4.183213e+06 1.540297e+03 -3.389809e-07 1.451834e-07 4.829169e-07 6.076142e-07 -5.263406e+01 -6.681484e+01 1.998346e+01 
5.054144e+05 4.183214e+06 1.540348e+03 -3.137235e-07 7.478357e-08 5.165864e-07 6.089963e-07 -5.802277e+01 -7.659238e+01 2.161417e+01 
5.054136e+05 4.183216e+06 1.540400e+03 -2.705642e-07 6.154652e-08 5.795506e-07 6.425511e-07 -6.441593e+01 -7.718473e+01 2.365951e+01 
5.054129e+05 4.183218e+06 1.540374e+03 -2.208393e-07 5.880412e-08 7.272388e-07 7.623019e-07 -7.255471e+01 -7.508951e+01 2.579970e+01 
5.054120e+05 4.183221e+06 1.540143e+03 -2.265214e-07 2.201668e-07 1.042574e-06 1.089379e-06 -7.314378e+01 -4.581505e+01 2.823461e+01 
5.054119e+05 4.183221e+06 1.540046e+03 -2.640750e-07 3.562941e-07 1.156205e-06 1.238342e-06 -6.901461e+01 -3.654478e+01 2.921125e+01 
5.054116e+05 4.183223e+06 1.539913e+03 -3.438243e-07 6.518419e-07 1.262997e-06 1.462284e-06 -5.973633e+01 -2.781012e+01 3.057132e+01 
5.054110e+05 4.183225e+06 1.540191e+03 -5.894624e-07 1.066270e-06 1.097948e-06 1.640088e-06 -4.202421e+01 -2.893498e+01 3.238252e+01 
5.054104e+05 4.183227e+06 1.541199e+03 -1.036578e-06 1.330383e-06 5.673913e-07 1.779423e-06 -1.859415e+01 -3.792421e+01 3.539660e+01 
5.054095e+05 4.183229e+06 1.542209e+03 -1.018365e-06 1.393857e-06 7.452361e-08 1.727848e-06 -2.471984e+00 -3.615221e+01 3.743756e+01 
5.054090e+05 4.183231e+06 1.542979e+03 -9.708529e-07 1.309709e-06 -2.474659e-07 1.648979e-06 8.631111e+00 -3.654858e+01 3.908042e+01 
5.054081e+05 4.183232e+06 1.543677e+03 -9.189397e-07 1.160801e-06 -5.448334e-07 1.577578e-06 2.020381e+01 -3.836665e+01 4.065287e+01 
5.054081e+05 4.183233e+06 1.544077e+03 -8.751489e-07 9.833758e-07 -6.881841e-07 1.485433e-06 2.759952e+01 -4.166727e+01 4.170690e+01 
5.054074e+05 4.183235e+06 1.544692e+03 -7.282201e-07 6.742307e-07 -8.898513e-07 1.332939e-06 4.188101e+01 -4.720459e+01 4.352688e+01 
5.054067e+05 4.183235e+06 1.544929e+03 -6.483667e-07 5.113175e-07 -9.433020e-07 1.253652e-06 4.880246e+01 -5.173985e+01 4.438272e+01 
5.054063e+05 4.183237e+06 1.545339e+03 -4.999584e-07 9.533290e-08 -9.720458e-07 1.097233e-06 6.236330e+01 -7.920434e+01 4.613765e+01 
5.054060e+05 4.183239e+06 1.545556e+03 -4.514047e-07 -3.199468e-07 -7.343334e-07 9.194442e-07 5.300338e+01 -1.253283e+02 4.771289e+01 
5.054039e+05 4.183241e+06 1.545363e+03 -5.155186e-07 -5.351616e-07 -2.205116e-07 7.751018e-07 1.652859e+01 -1.360711e+02 5.060775e+01 
5.054036e+05 4.183241e+06 1.545305e+03 -5.398238e-07 -5.390498e-07 -9.744991e-08 7.690780e-07 7.279520e+00 -1.349589e+02 5.134619e+01 
5.054036e+05 4.183242e+06 1.545188e+03 -5.587018e-07 -5.383312e-07 5.094305e-08 7.775239e-07 -3.756688e+00 -1.339362e+02 5.233356e+01 
5.054024e+05 4.183243e+06 1.545318e+03 -6.642036e-07 -4.918985e-07 7.979626e-08 8.303601e-07 -5.514541e+00 -1.265231e+02 5.374993e+01 
5.054022e+05 4.183244e+06 1.545274e+03 -7.038490e-07 -4.873865e-07 1.553673e-07 8.701080e-07 -1.028595e+01 -1.247010e+02 5.471326e+01 
5.054019e+05 4.183245e+06 1.545287e+03 -7.310996e-07 -4.774448e-07 1.766876e-07 8.908865e-07 -1.143920e+01 -1.231466e+02 5.522916e+01 
5.054025e+05 4.183246e+06 1.545009e+03 -7.238903e-07 -5.012824e-07 3.825411e-07 9.600203e-07 -2.348269e+01 -1.247020e+02 5.651394e+01 
