# 1, 2, 3, 4   , 5   , 6   , 7   , 8   , 9   , 10  
# x, y, z, Bx_si, By_si, Bz_si, In_si, Ic_si, Dc_si, dmeas 
5.054212e+05 4.183194e+06 1.543938e+03 -1.816513e-07 -4.137456e-07 1.290698e-06 1.367510e-06 7.070516e+01 -1.137034e+02 0.000000e+00 
5.054203e+05 4.183195e+06 1.543938e+03 -1.824057e-07 -3.972975e-07 1.276730e-06 1.349503e-06 7.109812e+01 -1.146606e+02 1.132351e+00 
5.054198e+05 4.183196e+06 1.543938e+03 -1.828821e-07 -3.870756e-07 1.267776e-06 1.338107e-06 7.134113e+01 -1.152894e+02 1.951219e+00 
5.054185e+05 4.183198e+06 1.543938e+03 -1.840343e-07 -3.635974e-07 1.246486e-06 1.311411e-06 7.189565e+01 -1.168462e+02 4.180465e+00 
5.054177e+05 4.183199e+06 1.543938e+03 -1.847389e-07 -3.505879e-07 1.234414e-06 1.296463e-06 7.220184e+01 -1.177866e+02 5.474139e+00 
5.054174e+05 4.183201e+06 1.543938e+03 -1.851541e-07 -3.436223e-07 1.226714e-06 1.287318e-06 7.234933e+01 -1.183171e+02 8.263497e+00 
5.054174e+05 4.183201e+06 1.543938e+03 -1.851948e-07 -3.429475e-07 1.226105e-06 1.286562e-06 7.236548e+01 -1.183695e+02 8.308948e+00 
5.054169e+05 4.183203e+06 1.543938e+03 -1.857322e-07 -3.354631e-07 1.218724e-06 1.277623e-06 7.253485e+01 -1.189715e+02 9.830550e+00 
5.054165e+05 4.183204e+06 1.543938e+03 -1.863311e-07 -3.282004e-07 1.211551e-06 1.268972e-06 7.269788e+01 -1.195851e+02 1.141447e+01 
5.054160e+05 4.183206e+06 1.543938e+03 -1.870383e-07 -3.200862e-07 1.203653e-06 1.259452e-06 7.288109e+01 -1.202993e+02 1.290372e+01 
5.054160e+05 4.183208e+06 1.543938e+03 -1.875914e-07 -3.177074e-07 1.201020e-06 1.256414e-06 7.292292e+01 -1.205599e+02 1.501204e+01 
5.054157e+05 4.183209e+06 1.543938e+03 -1.882746e-07 -3.119425e-07 1.195460e-06 1.249752e-06 7.304965e+01 -1.211133e+02 1.635267e+01 
5.054155e+05 4.183210e+06 1.543938e+03 -1.887508e-07 -3.089911e-07 1.192607e-06 1.246360e-06 7.311148e+01 -1.214192e+02 1.739556e+01 
5.054150e+05 4.183211e+06 1.543938e+03 -1.896340e-07 -3.006608e-07 1.184650e-06 1.236832e-06 7.329748e+01 -1.222406e+02 1.860645e+01 
5.054146e+05 4.183213e+06 1.543938e+03 -1.904814e-07 -2.949194e-07 1.179169e-06 1.230325e-06 7.341966e+01 -1.228575e+02 1.998346e+01 
5.054144e+05 4.183214e+06 1.543938e+03 -1.914392e-07 -2.901323e-07 1.174689e-06 1.225039e-06 7.351609e+01 -1.234182e+02 2.161417e+01 
5.054136e+05 4.183216e+06 1.543938e+03 -1.930769e-07 -2.789973e-07 1.164072e-06 1.212510e-06 7.375024e+01 -1.246847e+02 2.365951e+01 
5.054129e+05 4.183218e+06 1.543938e+03 -1.948167e-07 -2.695709e-07 1.155189e-06 1.202116e-06 7.393797e+01 -1.258553e+02 2.579970e+01 
5.054120e+05 4.183221e+06 1.543938e+03 -1.970970e-07 -2.570929e-07 1.143286e-06 1.188296e-06 7.417990e+01 -1.274751e+02 2.823461e+01 
5.054119e+05 4.183221e+06 1.543938e+03 -1.979153e-07 -2.545925e-07 1.141135e-06 1.185823e-06 7.422033e+01 -1.278608e+02 2.921125e+01 
5.054116e+05 4.183223e+06 1.543938e+03 -1.991218e-07 -2.510061e-07 1.138081e-06 1.182321e-06 7.427688e+01 -1.284248e+02 3.057132e+01 
5.054110e+05 4.183225e+06 1.543938e+03 -2.010404e-07 -2.431193e-07 1.130772e-06 1.173955e-06 7.441140e+01 -1.295881e+02 3.238252e+01 
5.054104e+05 4.183227e+06 1.543938e+03 -2.042625e-07 -2.341493e-07 1.123215e-06 1.165402e-06 7.453657e+01 -1.311001e+02 3.539660e+01 
5.054095e+05 4.183229e+06 1.543938e+03 -2.069205e-07 -2.234182e-07 1.113001e-06 1.153908e-06 7.469827e+01 -1.328046e+02 3.743756e+01 
5.054090e+05 4.183231e+06 1.543938e+03 -2.090640e-07 -2.172604e-07 1.107575e-06 1.147882e-06 7.477153e+01 -1.338986e+02 3.908042e+01 
5.054081e+05 4.183232e+06 1.543938e+03 -2.113550e-07 -2.076278e-07 1.097977e-06 1.137248e-06 7.489901e+01 -1.355097e+02 4.065287e+01 
5.054081e+05 4.183233e+06 1.543938e+03 -2.126171e-07 -2.067519e-07 1.098042e-06 1.137387e-06 7.488574e+01 -1.358013e+02 4.170690e+01 
5.054074e+05 4.183235e+06 1.543938e+03 -2.153896e-07 -1.990268e-07 1.091014e-06 1.129742e-06 7.495451e+01 -1.372611e+02 4.352688e+01 
5.054067e+05 4.183235e+06 1.543938e+03 -2.167098e-07 -1.929959e-07 1.084650e-06 1.122798e-06 7.502171e+01 -1.383126e+02 4.438272e+01 
5.054063e+05 4.183237e+06 1.543938e+03 -2.194155e-07 -1.885548e-07 1.081488e-06 1.119514e-06 7.502378e+01 -1.393259e+02 4.613765e+01 
5.054060e+05 4.183239e+06 1.543938e+03 -2.220096e-07 -1.841913e-07 1.078275e-06 1.116195e-06 7.502248e+01 -1.403190e+02 4.771289e+01 
5.054039e+05 4.183241e+06 1.543938e+03 -2.270739e-07 -1.666592e-07 1.059829e-06 1.096620e-06 7.511661e+01 -1.437235e+02 5.060775e+01 
5.054036e+05 4.183241e+06 1.543938e+03 -2.284516e-07 -1.643444e-07 1.057973e-06 1.094763e-06 7.510412e+01 -1.442694e+02 5.134619e+01 
5.054036e+05 4.183242e+06 1.543938e+03 -2.301640e-07 -1.632505e-07 1.058070e-06 1.095052e-06 7.506711e+01 -1.446527e+02 5.233356e+01 
5.054024e+05 4.183243e+06 1.543938e+03 -2.326589e-07 -1.546273e-07 1.048521e-06 1.085098e-06 7.508133e+01 -1.463916e+02 5.374993e+01 
5.054022e+05 4.183244e+06 1.543938e+03 -2.345984e-07 -1.519411e-07 1.046562e-06 1.083242e-06 7.504707e+01 -1.470703e+02 5.471326e+01 
5.054019e+05 4.183245e+06 1.543938e+03 -2.356689e-07 -1.498335e-07 1.044589e-06 1.081275e-06 7.503224e+01 -1.475526e+02 5.522916e+01 
5.054025e+05 4.183246e+06 1.543938e+03 -2.373627e-07 -1.524051e-07 1.049756e-06 1.086994e-06 7.495940e+01 -1.472964e+02 5.651394e+01 
