# 1      , 2      , 3      , 4    , 5     , 6      , 7      , 8      ,                    9              , 10  , 11  , 12  , 13    , 14      
# IGRF_In, IGRF_Ic, IGRF_Dc, dmeas, height, In_siB0, Ic_siB0, Dc_siB0,                    height m (-poh), In_m, Ic_m, Dc_m, min hP, max hP  
4.520184e-05 5.352726e+01 3.334743e+00 0.000000e+00 1.540396e+03 4.483008e-05 5.370739e+01 3.256138e+00 1.520100e+03 4.515597e+01 5.442949e+01 -4.031950e-01 1.539844e+03 1.545556e+03 
4.520184e-05 5.352726e+01 3.334743e+00 1.132351e+00 1.540274e+03 4.470180e-05 5.359389e+01 3.126332e+00 1.519400e+03 4.426192e+01 5.491841e+01 -1.180365e+00 1.539844e+03 1.545556e+03 
4.520184e-05 5.352726e+01 3.334743e+00 1.951219e+00 1.540198e+03 4.464041e-05 5.350826e+01 3.030530e+00 1.518700e+03 4.423134e+01 5.444798e+01 -1.824004e+00 1.539844e+03 1.545556e+03 
4.520184e-05 5.352726e+01 3.334743e+00 4.180465e+00 1.540061e+03 4.456458e-05 5.329191e+01 2.813102e+00 1.517400e+03 4.402127e+01 5.388454e+01 -1.029881e+02 1.539844e+03 1.545556e+03 
4.520184e-05 5.352726e+01 3.334743e+00 5.474139e+00 1.540030e+03 4.457966e-05 5.319421e+01 2.700059e+00 1.516100e+03 4.385872e+01 5.698215e+01 -9.299667e+01 1.539844e+03 1.545556e+03 
4.520184e-05 5.352726e+01 3.334743e+00 8.263497e+00 1.539918e+03 4.456461e-05 5.306108e+01 2.452596e+00 1.514900e+03 4.301722e+01 5.523779e+01 -8.356114e+01 1.539844e+03 1.545556e+03 
4.520184e-05 5.352726e+01 3.334743e+00 8.308948e+00 1.539922e+03 4.456735e-05 5.306094e+01 2.448835e+00 1.514800e+03 4.330749e+01 5.467155e+01 -3.267792e-01 1.539844e+03 1.545556e+03 
4.520184e-05 5.352726e+01 3.334743e+00 9.830550e+00 1.539911e+03 4.458686e-05 5.301472e+01 2.343922e+00 1.513800e+03 4.260109e+01 5.517557e+01 -3.453440e-01 1.539844e+03 1.545556e+03 
4.520184e-05 5.352726e+01 3.334743e+00 1.141447e+01 1.539912e+03 4.460087e-05 5.297028e+01 2.316690e+00 1.513000e+03 4.257394e+01 5.451894e+01 -9.612783e+01 1.539844e+03 1.545556e+03 
4.520184e-05 5.352726e+01 3.334743e+00 1.290372e+01 1.539924e+03 4.461756e-05 5.290901e+01 2.338083e+00 1.512300e+03 4.297276e+01 5.298738e+01 -1.155114e+02 1.539844e+03 1.545556e+03 
4.520184e-05 5.352726e+01 3.334743e+00 1.501204e+01 1.539844e+03 4.471108e-05 5.275900e+01 2.404660e+00 1.512000e+03 4.356435e+01 5.385428e+01 -1.151827e+00 1.539844e+03 1.545556e+03 
4.520184e-05 5.352726e+01 3.334743e+00 1.635267e+01 1.539942e+03 4.482943e-05 5.276750e+01 2.447263e+00 1.512100e+03 4.339256e+01 5.457422e+01 -1.770108e+00 1.539844e+03 1.545556e+03 
4.520184e-05 5.352726e+01 3.334743e+00 1.739556e+01 1.540038e+03 4.489399e-05 5.283406e+01 2.495612e+00 1.512000e+03 4.301819e+01 5.455796e+01 -9.514110e-01 1.539844e+03 1.545556e+03 
4.520184e-05 5.352726e+01 3.334743e+00 1.860645e+01 1.540173e+03 4.490897e-05 5.292313e+01 2.541179e+00 1.511700e+03 4.271133e+01 5.478101e+01 -1.991777e+00 1.539844e+03 1.545556e+03 
4.520184e-05 5.352726e+01 3.334743e+00 1.998346e+01 1.540297e+03 4.489096e-05 5.303006e+01 2.598605e+00 1.511300e+03 4.263048e+01 5.326096e+01 -8.934748e-01 1.539844e+03 1.545556e+03 
4.520184e-05 5.352726e+01 3.334743e+00 2.161417e+01 1.540348e+03 4.482248e-05 5.307481e+01 2.659082e+00 1.511100e+03 4.266777e+01 5.346149e+01 -4.318035e-01 1.539844e+03 1.545556e+03 
4.520184e-05 5.352726e+01 3.334743e+00 2.365951e+01 1.540400e+03 4.476543e-05 5.303784e+01 2.752160e+00 1.509800e+03 4.326231e+01 5.239619e+01 7.851289e-01 1.539844e+03 1.545556e+03 
4.520184e-05 5.352726e+01 3.334743e+00 2.579970e+01 1.540374e+03 4.464733e-05 5.292419e+01 2.858165e+00 1.509700e+03 4.308110e+01 5.348286e+01 -4.908737e-01 1.539844e+03 1.545556e+03 
4.520184e-05 5.352726e+01 3.334743e+00 2.823461e+01 1.540143e+03 4.449387e-05 5.251410e+01 2.829131e+00 1.509300e+03 4.286828e+01 5.351826e+01 -1.019329e+00 1.539844e+03 1.545556e+03 
4.520184e-05 5.352726e+01 3.334743e+00 2.921125e+01 1.540046e+03 4.448569e-05 5.228793e+01 2.736009e+00 1.508200e+03 4.286019e+01 5.404216e+01 1.274397e+00 1.539844e+03 1.545556e+03 
4.520184e-05 5.352726e+01 3.334743e+00 3.057132e+01 1.539913e+03 4.458054e-05 5.190753e+01 2.540671e+00 1.507700e+03 4.283461e+01 5.323480e+01 -1.718468e-01 1.539844e+03 1.545556e+03 
4.520184e-05 5.352726e+01 3.334743e+00 3.238252e+01 1.540191e+03 4.496043e-05 5.163173e+01 1.999133e+00 1.507300e+03 4.298860e+01 5.285957e+01 1.485688e+00 1.539844e+03 1.545556e+03 
4.520184e-05 5.352726e+01 3.334743e+00 3.539660e+01 1.541199e+03 4.553304e-05 5.179746e+01 1.071163e+00 1.508600e+03 4.299963e+01 5.297250e+01 6.653577e-01 1.539844e+03 1.545556e+03 
4.520184e-05 5.352726e+01 3.334743e+00 3.743756e+01 1.542209e+03 4.596052e-05 5.211494e+01 1.105721e+00 1.509100e+03 4.276191e+01 5.276228e+01 1.624072e+00 1.539844e+03 1.545556e+03 
4.520184e-05 5.352726e+01 3.334743e+00 3.908042e+01 1.542979e+03 4.616433e-05 5.244182e+01 1.205748e+00 1.509600e+03 4.251001e+01 5.218440e+01 2.293939e+00 1.539844e+03 1.545556e+03 
4.520184e-05 5.352726e+01 3.334743e+00 4.065287e+01 1.543677e+03 4.631097e-05 5.281097e+01 1.318395e+00 1.509400e+03 4.271142e+01 5.153657e+01 1.268035e+00 1.539844e+03 1.545556e+03 
4.520184e-05 5.352726e+01 3.334743e+00 4.170690e+01 1.544077e+03 4.631915e-05 5.309191e+01 1.416980e+00 1.509300e+03 4.279469e+01 5.237625e+01 -9.279893e+01 1.539844e+03 1.545556e+03 
4.520184e-05 5.352726e+01 3.334743e+00 4.352688e+01 1.544692e+03 4.629869e-05 5.354358e+01 1.738809e+00 1.509400e+03 4.257210e+01 5.034341e+01 -7.810565e+01 1.539844e+03 1.545556e+03 
4.520184e-05 5.352726e+01 3.334743e+00 4.438272e+01 1.544929e+03 4.624671e-05 5.374265e+01 1.916367e+00 1.509700e+03 4.251198e+01 4.992791e+01 5.784167e-01 1.539844e+03 1.545556e+03 
4.520184e-05 5.352726e+01 3.334743e+00 4.613765e+01 1.545339e+03 4.602855e-05 5.417565e+01 2.261404e+00 1.509400e+03 4.288967e+01 4.915604e+01 -5.028697e-01 1.539844e+03 1.545556e+03 
4.520184e-05 5.352726e+01 3.334743e+00 4.771289e+01 1.545556e+03 4.559452e-05 5.442158e+01 2.401583e+00 1.510300e+03 4.386496e+01 4.899620e+01 -1.086892e+00 1.539844e+03 1.545556e+03 
4.520184e-05 5.352726e+01 3.334743e+00 5.060775e+01 1.545363e+03 4.505015e-05 5.426651e+01 2.281723e+00 1.512100e+03 4.500227e+01 4.966331e+01 -3.418263e-01 1.539844e+03 1.545556e+03 
4.520184e-05 5.352726e+01 3.334743e+00 5.134619e+01 1.545305e+03 4.494748e-05 5.417990e+01 2.229163e+00 1.512400e+03 4.543914e+01 5.067766e+01 -1.263565e+00 1.539844e+03 1.545556e+03 
4.520184e-05 5.352726e+01 3.334743e+00 5.233356e+01 1.545188e+03 4.482723e-05 5.406891e+01 2.188014e+00 1.512600e+03 4.607622e+01 5.110151e+01 -2.068481e+00 1.539844e+03 1.545556e+03 
4.520184e-05 5.352726e+01 3.334743e+00 5.374993e+01 1.545318e+03 4.482889e-05 5.400320e+01 1.954902e+00 1.514700e+03 4.683365e+01 5.218718e+01 -1.535150e+00 1.539844e+03 1.545556e+03 
4.520184e-05 5.352726e+01 3.334743e+00 5.471326e+01 1.545274e+03 4.476965e-05 5.394305e+01 1.868415e+00 1.516600e+03 4.680042e+01 5.426136e+01 -2.072392e-01 1.539844e+03 1.545556e+03 
4.520184e-05 5.352726e+01 3.334743e+00 5.522916e+01 1.545287e+03 4.475775e-05 5.391761e+01 1.808510e+00 1.517800e+03 4.588078e+01 5.538113e+01 -7.164857e-01 1.539844e+03 1.545556e+03 
4.520184e-05 5.352726e+01 3.334743e+00 5.651394e+01 1.545009e+03 4.457760e-05 5.378630e+01 1.825823e+00 1.518500e+03 4.514633e+01 5.575473e+01 -6.628122e-01 1.539844e+03 1.545556e+03 
