# 1, 2, 3, 4   , 5   , 6   , 7   , 8   , 9   , 10  
# x, y, z, Bx_si, By_si, Bz_si, In_si, Ic_si, Dc_si, dmeas 
5.017023e+05 4.171114e+06 1.618827e+03 -1.222476e-06 2.579577e-07 3.895993e-06 4.091424e-06 7.221962e+01 1.680847e+02 0.000000e+00 
5.017025e+05 4.171115e+06 1.618827e+03 -1.232978e-06 2.532238e-07 3.885999e-06 4.084770e-06 7.205236e+01 1.683942e+02 1.462917e+00 
5.017017e+05 4.171116e+06 1.618827e+03 -1.242146e-06 2.582086e-07 3.883190e-06 4.085189e-06 7.190696e+01 1.682570e+02 3.141891e+00 
5.017033e+05 4.171118e+06 1.618827e+03 -1.252797e-06 2.417774e-07 3.867346e-06 4.072385e-06 7.174125e+01 1.690768e+02 5.068891e+00 
5.017051e+05 4.171118e+06 1.618827e+03 -1.257650e-06 2.259091e-07 3.855418e-06 4.061645e-06 7.166355e+01 1.698167e+02 6.850777e+00 
5.017057e+05 4.171119e+06 1.618827e+03 -1.265255e-06 2.194767e-07 3.847647e-06 4.056282e-06 7.154360e+01 1.701591e+02 7.898114e+00 
5.017070e+05 4.171120e+06 1.618827e+03 -1.279146e-06 2.058871e-07 3.832970e-06 4.046018e-06 7.132386e+01 1.708563e+02 9.905640e+00 
5.017086e+05 4.171121e+06 1.618827e+03 -1.290038e-06 1.920229e-07 3.820140e-06 4.036649e-06 7.114935e+01 1.715337e+02 1.175228e+01 
5.017102e+05 4.171123e+06 1.618827e+03 -1.306474e-06 1.768032e-07 3.804806e-06 4.026746e-06 7.088857e+01 1.722931e+02 1.408905e+01 
5.017116e+05 4.171124e+06 1.618827e+03 -1.321865e-06 1.641072e-07 3.792108e-06 4.019246e-06 7.064570e+01 1.729230e+02 1.616467e+01 
5.017146e+05 4.171125e+06 1.618827e+03 -1.328347e-06 1.420673e-07 3.778350e-06 4.007570e-06 7.052778e+01 1.738954e+02 1.914335e+01 
5.017166e+05 4.171124e+06 1.618827e+03 -1.324514e-06 1.283106e-07 3.773311e-06 4.001084e-06 7.057404e+01 1.744668e+02 2.129784e+01 
5.017177e+05 4.171125e+06 1.618827e+03 -1.336547e-06 1.192518e-07 3.764794e-06 3.996780e-06 7.038279e+01 1.749014e+02 2.294425e+01 
5.017198e+05 4.171127e+06 1.618827e+03 -1.350992e-06 1.037625e-07 3.753330e-06 3.990418e-06 7.015017e+01 1.756080e+02 2.543644e+01 
5.017208e+05 4.171126e+06 1.618827e+03 -1.347309e-06 9.774119e-08 3.752248e-06 3.988002e-06 7.020058e+01 1.758507e+02 2.651729e+01 
5.017222e+05 4.171126e+06 1.618827e+03 -1.348204e-06 8.871710e-08 3.748684e-06 3.984741e-06 7.017956e+01 1.762351e+02 2.789295e+01 
5.017238e+05 4.171127e+06 1.618827e+03 -1.360710e-06 7.739130e-08 3.740684e-06 3.981236e-06 6.998091e+01 1.767448e+02 2.990289e+01 
5.017247e+05 4.171127e+06 1.618827e+03 -1.363047e-06 7.133349e-08 3.738082e-06 3.979478e-06 6.994098e+01 1.770042e+02 3.085429e+01 
5.017260e+05 4.171129e+06 1.618827e+03 -1.377197e-06 6.268461e-08 3.731260e-06 3.977801e-06 6.972178e+01 1.773939e+02 3.269822e+01 
5.017273e+05 4.171130e+06 1.618827e+03 -1.391249e-06 5.424567e-08 3.725156e-06 3.976846e-06 6.950638e+01 1.777671e+02 3.451545e+01 
5.017274e+05 4.171132e+06 1.618827e+03 -1.411338e-06 5.267272e-08 3.719836e-06 3.978923e-06 6.920960e+01 1.778626e+02 3.640440e+01 
5.017271e+05 4.171134e+06 1.618827e+03 -1.429023e-06 5.342996e-08 3.716346e-06 3.981983e-06 6.895366e+01 1.778588e+02 3.803504e+01 
5.017275e+05 4.171135e+06 1.618827e+03 -1.439990e-06 5.062627e-08 3.713613e-06 3.983347e-06 6.879378e+01 1.779865e+02 3.905805e+01 
5.017300e+05 4.171135e+06 1.618827e+03 -1.449067e-06 3.592663e-08 3.708819e-06 3.982013e-06 6.865302e+01 1.785798e+02 4.164617e+01 
5.017300e+05 4.171136e+06 1.618827e+03 -1.462696e-06 3.516845e-08 3.706529e-06 3.984856e-06 6.845882e+01 1.786227e+02 4.279082e+01 
5.017292e+05 4.171139e+06 1.618827e+03 -1.491155e-06 3.882496e-08 3.703622e-06 3.992727e-06 6.806253e+01 1.785085e+02 4.524777e+01 
5.017304e+05 4.171140e+06 1.618827e+03 -1.513235e-06 3.191876e-08 3.700036e-06 3.997645e-06 6.775204e+01 1.787916e+02 4.726816e+01 
5.017319e+05 4.171141e+06 1.618827e+03 -1.527852e-06 2.359706e-08 3.697449e-06 4.000752e-06 6.754629e+01 1.791152e+02 4.909311e+01 
5.017329e+05 4.171142e+06 1.618827e+03 -1.536626e-06 1.784666e-08 3.696075e-06 4.002812e-06 6.742376e+01 1.793346e+02 5.032032e+01 
5.017342e+05 4.171142e+06 1.618827e+03 -1.541756e-06 1.116087e-08 3.695119e-06 4.003878e-06 6.735155e+01 1.795852e+02 5.163004e+01 
5.017351e+05 4.171143e+06 1.618827e+03 -1.550888e-06 6.495434e-09 3.694286e-06 4.006625e-06 6.722681e+01 1.797600e+02 5.272181e+01 
5.017360e+05 4.171145e+06 1.618827e+03 -1.574954e-06 1.520385e-09 3.692964e-06 4.014781e-06 6.690299e+01 1.799447e+02 5.463879e+01 
5.017364e+05 4.171146e+06 1.618827e+03 -1.590675e-06 -5.830760e-10 3.692406e-06 4.020462e-06 6.669379e+01 -1.799790e+02 5.577126e+01 
5.017370e+05 4.171147e+06 1.618827e+03 -1.607650e-06 -3.420576e-09 3.692034e-06 4.026868e-06 6.646984e+01 -1.798781e+02 5.702038e+01 
5.017386e+05 4.171148e+06 1.618827e+03 -1.619153e-06 -1.107496e-08 3.692258e-06 4.031693e-06 6.632078e+01 -1.796081e+02 5.874908e+01 
5.017396e+05 4.171148e+06 1.618827e+03 -1.626381e-06 -1.598610e-08 3.692676e-06 4.035001e-06 6.622864e+01 -1.794368e+02 5.986494e+01 
5.017405e+05 4.171149e+06 1.618827e+03 -1.633306e-06 -2.025248e-08 3.693215e-06 4.038309e-06 6.614120e+01 -1.792896e+02 6.085990e+01 
5.017417e+05 4.171149e+06 1.618827e+03 -1.633473e-06 -2.638504e-08 3.694273e-06 4.039379e-06 6.614396e+01 -1.790746e+02 6.211224e+01 
5.017438e+05 4.171149e+06 1.618827e+03 -1.647137e-06 -3.629924e-08 3.696654e-06 4.047175e-06 6.597827e+01 -1.787375e+02 6.438260e+01 
