# 1      , 2      , 3      , 4    , 5     , 6      , 7      , 8      ,                    9              , 10  , 11  , 12  , 13    , 14      
# IGRF_In, IGRF_Ic, IGRF_Dc, dmeas, height, In_siB0, Ic_siB0, Dc_siB0,                    height m (-poh), In_m, Ic_m, Dc_m, min hP, max hP  
4.515490e-05 5.338396e+01 3.320776e+00 0.000000e+00 1.618170e+03 4.328843e-05 5.280306e+01 -3.508035e+00 1.618200e+03 4.512688e+01 5.734835e+01 -5.014028e-01 1.614880e+03 1.619894e+03 
4.515490e-05 5.338396e+01 3.320776e+00 1.462917e+00 1.617876e+03 4.303168e-05 5.196692e+01 -2.791013e+00 1.617500e+03 4.395462e+01 5.644628e+01 2.832817e-01 1.614880e+03 1.619894e+03 
4.515490e-05 5.338396e+01 3.320776e+00 3.141891e+00 1.617986e+03 4.308247e-05 5.138214e+01 -2.386525e+00 1.616600e+03 4.285185e+01 5.445528e+01 1.212275e+00 1.614880e+03 1.619894e+03 
4.515490e-05 5.338396e+01 3.320776e+00 5.068891e+00 1.617294e+03 4.296539e-05 5.058009e+01 -2.012300e+00 1.616100e+03 4.356360e+01 5.366400e+01 8.842551e-01 1.614880e+03 1.619894e+03 
4.515490e-05 5.338396e+01 3.320776e+00 6.850777e+00 1.616634e+03 4.258191e-05 5.017707e+01 -1.639090e+00 1.615600e+03 4.366848e+01 5.436744e+01 -4.159297e-01 1.614880e+03 1.619894e+03 
4.515490e-05 5.338396e+01 3.320776e+00 7.898114e+00 1.616332e+03 4.244514e-05 4.959945e+01 -1.322827e+00 1.615000e+03 4.361484e+01 5.383399e+01 2.539456e-01 1.614880e+03 1.619894e+03 
4.515490e-05 5.338396e+01 3.320776e+00 9.905640e+00 1.615742e+03 4.221415e-05 4.847280e+01 -2.729415e-01 1.615200e+03 4.390633e+01 5.353076e+01 -2.788915e-01 1.614880e+03 1.619894e+03 
4.515490e-05 5.338396e+01 3.320776e+00 1.175228e+01 1.615105e+03 4.198286e-05 4.727307e+01 1.421876e+00 1.614500e+03 4.341071e+01 5.286854e+01 -8.125821e-01 1.614880e+03 1.619894e+03 
4.515490e-05 5.338396e+01 3.320776e+00 1.408905e+01 1.614880e+03 4.312733e-05 4.568604e+01 3.519573e+00 1.613000e+03 4.299787e+01 5.236421e+01 1.028947e+00 1.614880e+03 1.619894e+03 
4.515490e-05 5.338396e+01 3.320776e+00 1.616467e+01 1.615514e+03 4.561461e-05 4.596545e+01 3.780099e+00 1.613300e+03 4.267101e+01 5.165917e+01 3.401041e-01 1.614880e+03 1.619894e+03 
4.515490e-05 5.338396e+01 3.320776e+00 1.914335e+01 1.615862e+03 4.719679e-05 4.702832e+01 3.088073e+00 1.613500e+03 4.329734e+01 5.253257e+01 4.027359e+00 1.614880e+03 1.619894e+03 
4.515490e-05 5.338396e+01 3.320776e+00 2.129784e+01 1.615636e+03 4.713180e-05 4.799601e+01 2.960757e+00 1.613300e+03 4.332295e+01 5.205669e+01 2.739215e+00 1.614880e+03 1.619894e+03 
4.515490e-05 5.338396e+01 3.320776e+00 2.294425e+01 1.616363e+03 4.804354e-05 4.946420e+01 9.788056e-01 1.613200e+03 4.392894e+01 5.136204e+01 2.961996e+00 1.614880e+03 1.619894e+03 
4.515490e-05 5.338396e+01 3.320776e+00 2.543644e+01 1.616661e+03 4.775955e-05 5.085494e+01 -2.156008e+00 1.613800e+03 4.467428e+01 5.180661e+01 6.120830e+00 1.614880e+03 1.619894e+03 
4.515490e-05 5.338396e+01 3.320776e+00 2.651729e+01 1.616180e+03 4.705563e-05 5.057201e+01 -2.373040e+00 1.615100e+03 4.522401e+01 5.240837e+01 3.259048e+00 1.614880e+03 1.619894e+03 
4.515490e-05 5.338396e+01 3.320776e+00 2.789295e+01 1.615752e+03 4.604594e-05 5.061052e+01 -2.156282e+00 1.615100e+03 4.557778e+01 5.331225e+01 2.814648e+00 1.614880e+03 1.619894e+03 
4.515490e-05 5.338396e+01 3.320776e+00 2.990289e+01 1.615463e+03 4.509239e-05 5.085462e+01 -1.346564e+00 1.614700e+03 4.530444e+01 5.340551e+01 -9.415508e-01 1.614880e+03 1.619894e+03 
4.515490e-05 5.338396e+01 3.320776e+00 3.085429e+01 1.615374e+03 4.497316e-05 5.098498e+01 -5.085705e-01 1.614400e+03 4.468424e+01 5.303881e+01 -7.871670e-01 1.614880e+03 1.619894e+03 
4.515490e-05 5.338396e+01 3.320776e+00 3.269822e+01 1.615365e+03 4.479387e-05 5.097181e+01 1.259903e-01 1.614200e+03 4.461770e+01 5.367143e+01 -6.985970e-01 1.614880e+03 1.619894e+03 
4.515490e-05 5.338396e+01 3.320776e+00 3.451545e+01 1.615339e+03 4.488579e-05 5.075396e+01 5.510788e-01 1.614400e+03 4.464994e+01 5.332784e+01 -6.710090e-01 1.614880e+03 1.619894e+03 
4.515490e-05 5.338396e+01 3.320776e+00 3.640440e+01 1.615552e+03 4.497301e-05 5.038367e+01 7.347036e-01 1.614700e+03 4.484232e+01 5.399804e+01 -3.772879e-02 1.614880e+03 1.619894e+03 
4.515490e-05 5.338396e+01 3.320776e+00 3.803504e+01 1.615797e+03 4.526174e-05 4.997824e+01 4.213871e-01 1.614900e+03 4.463657e+01 5.362991e+01 -7.089642e-01 1.614880e+03 1.619894e+03 
4.515490e-05 5.338396e+01 3.320776e+00 3.905805e+01 1.615999e+03 4.542011e-05 5.019645e+01 -9.580926e-02 1.614300e+03 4.440615e+01 5.348960e+01 4.315544e-01 1.614880e+03 1.619894e+03 
4.515490e-05 5.338396e+01 3.320776e+00 4.164617e+01 1.615708e+03 4.513660e-05 5.034003e+01 4.871506e-01 1.613200e+03 4.485111e+01 5.344340e+01 9.013794e-01 1.614880e+03 1.619894e+03 
4.515490e-05 5.338396e+01 3.320776e+00 4.279082e+01 1.615915e+03 4.509736e-05 5.035643e+01 7.183901e-01 1.613300e+03 4.509406e+01 5.216403e+01 nan 1.614880e+03 1.619894e+03 
4.515490e-05 5.338396e+01 3.320776e+00 4.524777e+01 1.616452e+03 4.495682e-05 5.046751e+01 3.964788e-01 1.614900e+03 4.543660e+01 5.433327e+01 -8.227240e-01 1.614880e+03 1.619894e+03 
4.515490e-05 5.338396e+01 3.320776e+00 4.726816e+01 1.616632e+03 4.501951e-05 5.040190e+01 1.339957e+00 1.615500e+03 4.507020e+01 5.541482e+01 -3.832664e-01 1.614880e+03 1.619894e+03 
4.515490e-05 5.338396e+01 3.320776e+00 4.909311e+01 1.616584e+03 4.486525e-05 4.995599e+01 2.115194e+00 1.614300e+03 4.318558e+01 5.366140e+01 nan 1.614880e+03 1.619894e+03 
4.515490e-05 5.338396e+01 3.320776e+00 5.032032e+01 1.616498e+03 4.470486e-05 4.929247e+01 2.974028e+00 1.614300e+03 4.387436e+01 5.201117e+01 nan 1.614880e+03 1.619894e+03 
4.515490e-05 5.338396e+01 3.320776e+00 5.163004e+01 1.616453e+03 4.487845e-05 4.867105e+01 4.397164e+00 1.615200e+03 4.523039e+01 5.308611e+01 nan 1.614880e+03 1.619894e+03 
4.515490e-05 5.338396e+01 3.320776e+00 5.272181e+01 1.616749e+03 4.580220e-05 4.837727e+01 5.169853e+00 1.615000e+03 4.552137e+01 5.269957e+01 nan 1.614880e+03 1.619894e+03 
4.515490e-05 5.338396e+01 3.320776e+00 5.463879e+01 1.617856e+03 4.795534e-05 4.925915e+01 4.715526e+00 1.615400e+03 4.529151e+01 5.342410e+01 nan 1.614880e+03 1.619894e+03 
4.515490e-05 5.338396e+01 3.320776e+00 5.577126e+01 1.618549e+03 4.882633e-05 5.034350e+01 3.910347e+00 1.615600e+03 4.482296e+01 5.254019e+01 nan 1.614880e+03 1.619894e+03 
4.515490e-05 5.338396e+01 3.320776e+00 5.702038e+01 1.619246e+03 4.931303e-05 5.180087e+01 3.086307e+00 1.615800e+03 4.482325e+01 5.144452e+01 nan 1.614880e+03 1.619894e+03 
4.515490e-05 5.338396e+01 3.320776e+00 5.874908e+01 1.619736e+03 4.902107e-05 5.330970e+01 2.049458e+00 1.617300e+03 4.659160e+01 5.444346e+01 nan 1.614880e+03 1.619894e+03 
4.515490e-05 5.338396e+01 3.320776e+00 5.986494e+01 1.619887e+03 4.852153e-05 5.396903e+01 1.203253e+00 1.618500e+03 4.670509e+01 5.460439e+01 nan 1.614880e+03 1.619894e+03 
4.515490e-05 5.338396e+01 3.320776e+00 6.085990e+01 1.619894e+03 4.799010e-05 5.429149e+01 6.262842e-01 1.619100e+03 4.662606e+01 5.522972e+01 2.790895e+00 1.614880e+03 1.619894e+03 
4.515490e-05 5.338396e+01 3.320776e+00 6.211224e+01 1.619725e+03 4.752096e-05 5.437712e+01 3.926905e-01 1.619900e+03 4.641214e+01 5.582490e+01 1.317295e+00 1.614880e+03 1.619894e+03 
4.515490e-05 5.338396e+01 3.320776e+00 6.438260e+01 1.619484e+03 4.664652e-05 5.443765e+01 3.842275e-01 1.619900e+03 4.642373e+01 5.581759e+01 1.604701e+00 1.614880e+03 1.619894e+03 
