# 1    , 2      , 3      , 4      , 5      , 6      , 7       
# dmeas, Bx_siB0, By_siB0, Bz_siB0, In_siB0, Ic_siB0, Dc_siB0 
0.000000e+00 2.612126e-05 -1.601322e-06 3.448193e-05 4.328843e-05 5.280306e+01 -3.508035e+00 
1.462917e+00 2.648107e-05 -1.290977e-06 3.389412e-05 4.303168e-05 5.196692e+01 -2.791013e+00 
3.141891e+00 2.686545e-05 -1.119666e-06 3.366145e-05 4.308247e-05 5.138214e+01 -2.386525e+00 
5.068891e+00 2.726615e-05 -9.580154e-07 3.319132e-05 4.296539e-05 5.058009e+01 -2.012300e+00 
6.850777e+00 2.725902e-05 -7.800259e-07 3.270407e-05 4.258191e-05 5.017707e+01 -1.639090e+00 
7.898114e+00 2.750251e-05 -6.350821e-07 3.232333e-05 4.244514e-05 4.959945e+01 -1.322827e+00 
9.905640e+00 2.798663e-05 -1.333217e-07 3.160324e-05 4.221415e-05 4.847280e+01 -2.729415e-01 
1.175228e+01 2.847681e-05 7.068374e-07 3.084043e-05 4.198286e-05 4.727307e+01 1.421876e+00 
1.408905e+01 3.007148e-05 1.849562e-06 3.085857e-05 4.312733e-05 4.568604e+01 3.519573e+00 
1.616467e+01 3.163737e-05 2.090315e-06 3.279329e-05 4.561461e-05 4.596545e+01 3.780099e+00 
1.914335e+01 3.212435e-05 1.733086e-06 3.453345e-05 4.719679e-05 4.702832e+01 3.088073e+00 
2.129784e+01 3.149767e-05 1.629091e-06 3.502356e-05 4.713180e-05 4.799601e+01 2.960757e+00 
2.294425e+01 3.122005e-05 5.333959e-07 3.651309e-05 4.804354e-05 4.946420e+01 9.788056e-01 
2.543644e+01 3.012859e-05 -1.134257e-06 3.703993e-05 4.775955e-05 5.085494e+01 -2.156008e+00 
2.651729e+01 2.985977e-05 -1.237421e-06 3.634687e-05 4.705563e-05 5.057201e+01 -2.373040e+00 
2.789295e+01 2.919954e-05 -1.099421e-06 3.558661e-05 4.604594e-05 5.061052e+01 -2.156282e+00 
2.990289e+01 2.845853e-05 -6.689548e-07 3.497125e-05 4.509239e-05 5.085462e+01 -1.346564e+00 
3.085429e+01 2.831057e-05 -2.512978e-07 3.494329e-05 4.497316e-05 5.098498e+01 -5.085705e-01 
3.269822e+01 2.820675e-05 6.202520e-08 3.479750e-05 4.479387e-05 5.097181e+01 1.259903e-01 
3.451545e+01 2.839576e-05 2.731228e-07 3.476118e-05 4.488579e-05 5.075396e+01 5.510788e-01 
3.640440e+01 2.867439e-05 3.677118e-07 3.464413e-05 4.497301e-05 5.038367e+01 7.347036e-01 
3.803504e+01 2.910607e-05 2.140671e-07 3.466145e-05 4.526174e-05 4.997824e+01 4.213871e-01 
3.905805e+01 2.907597e-05 -4.862050e-08 3.489372e-05 4.542011e-05 5.019645e+01 -9.580926e-02 
4.164617e+01 2.880650e-05 2.449298e-07 3.474821e-05 4.513660e-05 5.034003e+01 4.871506e-01 
4.279082e+01 2.877030e-05 3.607487e-07 3.472625e-05 4.509736e-05 5.035643e+01 7.183901e-01 
4.524777e+01 2.861503e-05 1.980152e-07 3.467357e-05 4.495682e-05 5.046751e+01 3.964788e-01 
4.726816e+01 2.868752e-05 6.710275e-07 3.468908e-05 4.501951e-05 5.040190e+01 1.339957e+00 
4.909311e+01 2.884555e-05 1.065378e-06 3.434661e-05 4.486525e-05 4.995599e+01 2.115194e+00 
5.032032e+01 2.911715e-05 1.512731e-06 3.388845e-05 4.470486e-05 4.929247e+01 2.974028e+00 
5.163004e+01 2.954965e-05 2.272250e-06 3.370060e-05 4.487845e-05 4.867105e+01 4.397164e+00 
5.272181e+01 3.029910e-05 2.741361e-06 3.423873e-05 4.580220e-05 4.837727e+01 5.169853e+00 
5.463879e+01 3.119158e-05 2.572924e-06 3.633428e-05 4.795534e-05 4.925915e+01 4.715526e+00 
5.577126e+01 3.108762e-05 2.124982e-06 3.759062e-05 4.882633e-05 5.034350e+01 3.910347e+00 
5.702038e+01 3.045078e-05 1.641856e-06 3.875345e-05 4.931303e-05 5.180087e+01 3.086307e+00 
5.874908e+01 2.927083e-05 1.047458e-06 3.930886e-05 4.902107e-05 5.330970e+01 2.049458e+00 
5.986494e+01 2.853517e-05 5.993472e-07 3.923932e-05 4.852153e-05 5.396903e+01 1.203253e+00 
6.085990e+01 2.800832e-05 3.061633e-07 3.896781e-05 4.799010e-05 5.429149e+01 6.262842e-01 
6.211224e+01 2.767782e-05 1.896996e-07 3.862828e-05 4.752096e-05 5.437712e+01 3.926905e-01 
6.438260e+01 2.712847e-05 1.819272e-07 3.794616e-05 4.664652e-05 5.443765e+01 3.842275e-01 
