# 1, 2, 3, 4   , 5   , 6   , 7   , 8   , 9   , 10  
# x, y, z, Bx_si, By_si, Bz_si, In_si, Ic_si, Dc_si, dmeas 
5.017023e+05 4.171114e+06 1.618170e+03 -3.161422e-06 -7.661366e-07 1.761673e-06 3.699330e-06 -2.843843e+01 -1.036224e+02 0.000000e+00 
5.017025e+05 4.171115e+06 1.617876e+03 -2.851077e-06 -4.063274e-07 2.349476e-06 3.716689e-06 -3.920834e+01 -9.811101e+01 1.462917e+00 
5.017017e+05 4.171116e+06 1.617986e+03 -2.679766e-06 -2.195433e-08 2.582151e-06 3.721443e-06 -4.393625e+01 -9.046939e+01 3.141891e+00 
5.017033e+05 4.171118e+06 1.617294e+03 -2.518115e-06 3.787537e-07 3.052283e-06 3.975021e-06 -5.016264e+01 -8.144617e+01 5.068891e+00 
5.017051e+05 4.171118e+06 1.616634e+03 -2.340126e-06 3.716225e-07 3.539534e-06 4.259413e-06 -5.620069e+01 -8.097652e+01 6.850777e+00 
5.017057e+05 4.171119e+06 1.616332e+03 -2.195182e-06 6.151142e-07 3.920265e-06 4.534939e-06 -5.982090e+01 -7.434654e+01 7.898114e+00 
5.017070e+05 4.171120e+06 1.615742e+03 -1.693422e-06 1.099232e-06 4.640356e-06 5.060523e-06 -6.648730e+01 -5.701164e+01 9.905640e+00 
5.017086e+05 4.171121e+06 1.615105e+03 -8.532626e-07 1.589412e-06 5.403165e-06 5.696357e-06 -7.153729e+01 -2.822876e+01 1.175228e+01 
5.017102e+05 4.171123e+06 1.614880e+03 2.894621e-07 3.184079e-06 5.385027e-06 6.262641e-06 -5.930146e+01 5.194435e+00 1.408905e+01 
5.017116e+05 4.171124e+06 1.615514e+03 5.302150e-07 4.749970e-06 3.450311e-06 5.894742e-06 -3.582561e+01 6.369270e+00 1.616467e+01 
5.017146e+05 4.171125e+06 1.615862e+03 1.729859e-07 5.236954e-06 1.710145e-06 5.511824e-06 -1.807541e+01 1.891893e+00 1.914335e+01 
5.017166e+05 4.171124e+06 1.615636e+03 6.899112e-08 4.610267e-06 1.220045e-06 4.769469e-06 -1.482118e+01 8.573484e-01 2.129784e+01 
5.017177e+05 4.171125e+06 1.616363e+03 -1.026704e-06 4.332647e-06 -2.694889e-07 4.460782e-06 3.463515e+00 -1.333143e+01 2.294425e+01 
5.017198e+05 4.171127e+06 1.616661e+03 -2.694357e-06 3.241191e-06 -7.963312e-07 4.289408e-06 1.069907e+01 -3.973628e+01 2.543644e+01 
5.017208e+05 4.171126e+06 1.616180e+03 -2.797521e-06 2.972373e-06 -1.032684e-07 4.083110e-06 1.449257e+00 -4.326422e+01 2.651729e+01 
5.017222e+05 4.171126e+06 1.615752e+03 -2.659521e-06 2.312143e-06 6.569914e-07 3.584787e-06 -1.056041e+01 -4.899685e+01 2.789295e+01 
5.017238e+05 4.171127e+06 1.615463e+03 -2.229055e-06 1.571130e-06 1.272346e-06 3.009319e-06 -2.501162e+01 -5.482223e+01 2.990289e+01 
5.017247e+05 4.171127e+06 1.615374e+03 -1.811398e-06 1.423174e-06 1.300313e-06 2.645260e-06 -2.944340e+01 -5.184409e+01 3.085429e+01 
5.017260e+05 4.171129e+06 1.615365e+03 -1.498075e-06 1.319353e-06 1.446101e-06 2.464981e-06 -3.592022e+01 -4.862965e+01 3.269822e+01 
5.017273e+05 4.171130e+06 1.615339e+03 -1.286977e-06 1.508363e-06 1.482416e-06 2.475687e-06 -3.678326e+01 -4.047172e+01 3.451545e+01 
5.017274e+05 4.171132e+06 1.615552e+03 -1.192388e-06 1.786994e-06 1.599474e-06 2.678331e-06 -3.666896e+01 -3.371356e+01 3.640440e+01 
5.017271e+05 4.171134e+06 1.615797e+03 -1.346033e-06 2.218666e-06 1.582150e-06 3.039322e-06 -3.136983e+01 -3.124459e+01 3.803504e+01 
5.017275e+05 4.171135e+06 1.615999e+03 -1.608721e-06 2.188570e-06 1.349879e-06 3.033149e-06 -2.642604e+01 -3.631796e+01 3.905805e+01 
5.017300e+05 4.171135e+06 1.615708e+03 -1.315170e-06 1.919098e-06 1.495385e-06 2.765644e-06 -3.273135e+01 -3.442310e+01 4.164617e+01 
5.017300e+05 4.171136e+06 1.615915e+03 -1.199351e-06 1.882896e-06 1.517354e-06 2.699278e-06 -3.420345e+01 -3.249598e+01 4.279082e+01 
5.017292e+05 4.171139e+06 1.616452e+03 -1.362085e-06 1.727634e-06 1.570033e-06 2.702776e-06 -3.551361e+01 -3.825261e+01 4.524777e+01 
5.017304e+05 4.171140e+06 1.616632e+03 -8.890725e-07 1.800116e-06 1.554522e-06 2.539174e-06 -3.774988e+01 -2.628465e+01 4.726816e+01 
5.017319e+05 4.171141e+06 1.616584e+03 -4.947222e-07 1.958147e-06 1.896986e-06 2.770856e-06 -4.320579e+01 -1.417896e+01 4.909311e+01 
5.017329e+05 4.171142e+06 1.616498e+03 -4.736943e-08 2.229753e-06 2.355145e-06 3.243571e-06 -4.656014e+01 -1.217023e+00 5.032032e+01 
5.017342e+05 4.171142e+06 1.616453e+03 7.121503e-07 2.662248e-06 2.543002e-06 3.749878e-06 -4.269971e+01 1.497596e+01 5.163004e+01 
5.017351e+05 4.171143e+06 1.616749e+03 1.181261e-06 3.411703e-06 2.004870e-06 4.129722e-06 -2.904349e+01 1.909779e+01 5.272181e+01 
5.017360e+05 4.171145e+06 1.617856e+03 1.012824e-06 4.304176e-06 -9.068078e-08 4.422665e-06 1.174855e+00 1.324149e+01 5.463879e+01 
5.017364e+05 4.171146e+06 1.618549e+03 5.648818e-07 4.200219e-06 -1.347023e-06 4.446954e-06 1.763241e+01 7.659671e+00 5.577126e+01 
5.017370e+05 4.171147e+06 1.619246e+03 8.175644e-08 3.563377e-06 -2.509850e-06 4.359322e-06 3.515169e+01 1.314337e+00 5.702038e+01 
5.017386e+05 4.171148e+06 1.619736e+03 -5.126419e-07 2.383432e-06 -3.065262e-06 3.916552e-06 5.150320e+01 -1.213856e+01 5.874908e+01 
5.017396e+05 4.171148e+06 1.619887e+03 -9.607528e-07 1.647765e-06 -2.995722e-06 3.551412e-06 5.751476e+01 -3.024493e+01 5.986494e+01 
5.017405e+05 4.171149e+06 1.619894e+03 -1.253937e-06 1.120921e-06 -2.724211e-06 3.201585e-06 5.830909e+01 -4.820578e+01 6.085990e+01 
5.017417e+05 4.171149e+06 1.619725e+03 -1.370400e-06 7.904209e-07 -2.384682e-06 2.861725e-06 5.643947e+01 -6.002447e+01 6.211224e+01 
5.017438e+05 4.171149e+06 1.619484e+03 -1.378173e-06 2.410721e-07 -1.702562e-06 2.203677e-06 5.058798e+01 -8.007812e+01 6.438260e+01 
