# 1 , 2 , 3 , 4      , 5      , 6      , 7      , 8      , 9        
# xm, ym, zm, IGRF_In, IGRF_Ic, IGRF_Dc, In_siB0, Ic_siB0, Dc_siB0  
1.002300e+02 1.247790e+02 9.767720e-01 4.518274e-05 5.346856e+01 3.327694e+00 4.540946e-05 5.374587e+01 3.341078e+00 
1.012943e+02 1.247790e+02 9.767720e-01 4.518274e-05 5.346856e+01 3.327694e+00 4.540883e-05 5.374556e+01 3.340688e+00 
1.023587e+02 1.247790e+02 9.767720e-01 4.518274e-05 5.346856e+01 3.327694e+00 4.540824e-05 5.374527e+01 3.340306e+00 
1.034230e+02 1.247790e+02 9.767720e-01 4.518274e-05 5.346856e+01 3.327694e+00 4.540767e-05 5.374500e+01 3.339931e+00 
1.044874e+02 1.247790e+02 9.767720e-01 4.518274e-05 5.346856e+01 3.327694e+00 4.540714e-05 5.374474e+01 3.339562e+00 
1.055517e+02 1.247790e+02 9.767720e-01 4.518274e-05 5.346856e+01 3.327694e+00 4.540663e-05 5.374449e+01 3.339199e+00 
1.066161e+02 1.247790e+02 9.767720e-01 4.518274e-05 5.346856e+01 3.327694e+00 4.540615e-05 5.374426e+01 3.338842e+00 
1.076804e+02 1.247790e+02 9.767720e-01 4.518274e-05 5.346856e+01 3.327694e+00 4.540571e-05 5.374405e+01 3.338490e+00 
1.087448e+02 1.247790e+02 9.767720e-01 4.518274e-05 5.346856e+01 3.327694e+00 4.540529e-05 5.374385e+01 3.338142e+00 
1.098091e+02 1.247790e+02 9.767720e-01 4.518274e-05 5.346856e+01 3.327694e+00 4.540490e-05 5.374367e+01 3.337799e+00 
1.108735e+02 1.247790e+02 9.767720e-01 4.518274e-05 5.346856e+01 3.327694e+00 4.540453e-05 5.374350e+01 3.337460e+00 
1.119378e+02 1.247790e+02 9.767720e-01 4.518274e-05 5.346856e+01 3.327694e+00 4.540420e-05 5.374334e+01 3.337125e+00 
1.130022e+02 1.247790e+02 9.767720e-01 4.518274e-05 5.346856e+01 3.327694e+00 4.540389e-05 5.374320e+01 3.336792e+00 
1.140665e+02 1.247790e+02 9.767720e-01 4.518274e-05 5.346856e+01 3.327694e+00 4.540361e-05 5.374307e+01 3.336463e+00 
1.151309e+02 1.247790e+02 9.767720e-01 4.518274e-05 5.346856e+01 3.327694e+00 4.540335e-05 5.374295e+01 3.336136e+00 
1.161952e+02 1.247790e+02 9.767720e-01 4.518274e-05 5.346856e+01 3.327694e+00 4.540312e-05 5.374285e+01 3.335811e+00 
1.172596e+02 1.247790e+02 9.767720e-01 4.518274e-05 5.346856e+01 3.327694e+00 4.540292e-05 5.374276e+01 3.335488e+00 
1.183239e+02 1.247790e+02 9.767720e-01 4.518274e-05 5.346856e+01 3.327694e+00 4.540274e-05 5.374268e+01 3.335167e+00 
1.193883e+02 1.247790e+02 9.767720e-01 4.518274e-05 5.346856e+01 3.327694e+00 4.540259e-05 5.374262e+01 3.334846e+00 
1.204526e+02 1.247790e+02 9.767720e-01 4.518274e-05 5.346856e+01 3.327694e+00 4.540246e-05 5.374257e+01 3.334527e+00 
1.215170e+02 1.247790e+02 9.767720e-01 4.518274e-05 5.346856e+01 3.327694e+00 4.540236e-05 5.374253e+01 3.334208e+00 
1.225813e+02 1.247790e+02 9.767720e-01 4.518274e-05 5.346856e+01 3.327694e+00 4.540229e-05 5.374250e+01 3.333889e+00 
1.236457e+02 1.247790e+02 9.767720e-01 4.518274e-05 5.346856e+01 3.327694e+00 4.540224e-05 5.374249e+01 3.333570e+00 
1.247100e+02 1.247790e+02 9.767720e-01 4.518274e-05 5.346856e+01 3.327694e+00 4.540221e-05 5.374249e+01 3.333250e+00 
1.257743e+02 1.247790e+02 9.767720e-01 4.518274e-05 5.346856e+01 3.327694e+00 4.540221e-05 5.374250e+01 3.332930e+00 
1.268387e+02 1.247790e+02 9.767720e-01 4.518274e-05 5.346856e+01 3.327694e+00 4.540224e-05 5.374252e+01 3.332609e+00 
1.279030e+02 1.247790e+02 9.767720e-01 4.518274e-05 5.346856e+01 3.327694e+00 4.540229e-05 5.374256e+01 3.332286e+00 
1.289674e+02 1.247790e+02 9.767720e-01 4.518274e-05 5.346856e+01 3.327694e+00 4.540237e-05 5.374261e+01 3.331961e+00 
1.300317e+02 1.247790e+02 9.767720e-01 4.518274e-05 5.346856e+01 3.327694e+00 4.540247e-05 5.374267e+01 3.331635e+00 
1.310961e+02 1.247790e+02 9.767720e-01 4.518274e-05 5.346856e+01 3.327694e+00 4.540260e-05 5.374275e+01 3.331306e+00 
1.321604e+02 1.247790e+02 9.767720e-01 4.518274e-05 5.346856e+01 3.327694e+00 4.540275e-05 5.374284e+01 3.330975e+00 
1.332248e+02 1.247790e+02 9.767720e-01 4.518274e-05 5.346856e+01 3.327694e+00 4.540293e-05 5.374294e+01 3.330640e+00 
1.342891e+02 1.247790e+02 9.767720e-01 4.518274e-05 5.346856e+01 3.327694e+00 4.540313e-05 5.374305e+01 3.330302e+00 
1.353535e+02 1.247790e+02 9.767720e-01 4.518274e-05 5.346856e+01 3.327694e+00 4.540336e-05 5.374318e+01 3.329960e+00 
1.364178e+02 1.247790e+02 9.767720e-01 4.518274e-05 5.346856e+01 3.327694e+00 4.540362e-05 5.374332e+01 3.329615e+00 
1.374822e+02 1.247790e+02 9.767720e-01 4.518274e-05 5.346856e+01 3.327694e+00 4.540390e-05 5.374347e+01 3.329265e+00 
1.385465e+02 1.247790e+02 9.767720e-01 4.518274e-05 5.346856e+01 3.327694e+00 4.540421e-05 5.374364e+01 3.328910e+00 
1.396109e+02 1.247790e+02 9.767720e-01 4.518274e-05 5.346856e+01 3.327694e+00 4.540455e-05 5.374382e+01 3.328550e+00 
1.406752e+02 1.247790e+02 9.767720e-01 4.518274e-05 5.346856e+01 3.327694e+00 4.540491e-05 5.374402e+01 3.328184e+00 
1.417396e+02 1.247790e+02 9.767720e-01 4.518274e-05 5.346856e+01 3.327694e+00 4.540531e-05 5.374423e+01 3.327813e+00 
1.428039e+02 1.247790e+02 9.767720e-01 4.518274e-05 5.346856e+01 3.327694e+00 4.540573e-05 5.374446e+01 3.327435e+00 
1.438683e+02 1.247790e+02 9.767720e-01 4.518274e-05 5.346856e+01 3.327694e+00 4.540617e-05 5.374470e+01 3.327050e+00 
1.449326e+02 1.247790e+02 9.767720e-01 4.518274e-05 5.346856e+01 3.327694e+00 4.540665e-05 5.374495e+01 3.326659e+00 
1.459970e+02 1.247790e+02 9.767720e-01 4.518274e-05 5.346856e+01 3.327694e+00 4.540716e-05 5.374523e+01 3.326259e+00 
1.470613e+02 1.247790e+02 9.767720e-01 4.518274e-05 5.346856e+01 3.327694e+00 4.540769e-05 5.374551e+01 3.325852e+00 
1.481257e+02 1.247790e+02 9.767720e-01 4.518274e-05 5.346856e+01 3.327694e+00 4.540826e-05 5.374582e+01 3.325436e+00 
1.491900e+02 1.247790e+02 9.767720e-01 4.518274e-05 5.346856e+01 3.327694e+00 4.540886e-05 5.374614e+01 3.325011e+00 
