# 1    , 2      , 3      , 4      , 5      , 6      , 7       
# dmeas, Bx_siB0, By_siB0, Bz_siB0, In_siB0, Ic_siB0, Dc_siB0 
0.000000e+00 2.680805e-05 1.565027e-06 3.661828e-05 4.540946e-05 5.374587e+01 3.341078e+00 
0.000000e+00 2.680788e-05 1.564834e-06 3.661763e-05 4.540883e-05 5.374556e+01 3.340688e+00 
0.000000e+00 2.680773e-05 1.564646e-06 3.661701e-05 4.540824e-05 5.374527e+01 3.340306e+00 
0.000000e+00 2.680758e-05 1.564461e-06 3.661643e-05 4.540767e-05 5.374500e+01 3.339931e+00 
0.000000e+00 2.680744e-05 1.564280e-06 3.661587e-05 4.540714e-05 5.374474e+01 3.339562e+00 
0.000000e+00 2.680731e-05 1.564102e-06 3.661535e-05 4.540663e-05 5.374449e+01 3.339199e+00 
0.000000e+00 2.680718e-05 1.563927e-06 3.661486e-05 4.540615e-05 5.374426e+01 3.338842e+00 
0.000000e+00 2.680706e-05 1.563754e-06 3.661440e-05 4.540571e-05 5.374405e+01 3.338490e+00 
0.000000e+00 2.680695e-05 1.563585e-06 3.661397e-05 4.540529e-05 5.374385e+01 3.338142e+00 
0.000000e+00 2.680685e-05 1.563418e-06 3.661357e-05 4.540490e-05 5.374367e+01 3.337799e+00 
0.000000e+00 2.680675e-05 1.563253e-06 3.661319e-05 4.540453e-05 5.374350e+01 3.337460e+00 
0.000000e+00 2.680666e-05 1.563090e-06 3.661285e-05 4.540420e-05 5.374334e+01 3.337125e+00 
0.000000e+00 2.680658e-05 1.562929e-06 3.661253e-05 4.540389e-05 5.374320e+01 3.336792e+00 
0.000000e+00 2.680651e-05 1.562770e-06 3.661224e-05 4.540361e-05 5.374307e+01 3.336463e+00 
0.000000e+00 2.680644e-05 1.562613e-06 3.661198e-05 4.540335e-05 5.374295e+01 3.336136e+00 
0.000000e+00 2.680638e-05 1.562457e-06 3.661175e-05 4.540312e-05 5.374285e+01 3.335811e+00 
0.000000e+00 2.680632e-05 1.562302e-06 3.661154e-05 4.540292e-05 5.374276e+01 3.335488e+00 
0.000000e+00 2.680628e-05 1.562148e-06 3.661137e-05 4.540274e-05 5.374268e+01 3.335167e+00 
0.000000e+00 2.680624e-05 1.561996e-06 3.661121e-05 4.540259e-05 5.374262e+01 3.334846e+00 
0.000000e+00 2.680620e-05 1.561844e-06 3.661109e-05 4.540246e-05 5.374257e+01 3.334527e+00 
0.000000e+00 2.680618e-05 1.561693e-06 3.661099e-05 4.540236e-05 5.374253e+01 3.334208e+00 
0.000000e+00 2.680616e-05 1.561542e-06 3.661092e-05 4.540229e-05 5.374250e+01 3.333889e+00 
0.000000e+00 2.680615e-05 1.561391e-06 3.661087e-05 4.540224e-05 5.374249e+01 3.333570e+00 
0.000000e+00 2.680614e-05 1.561241e-06 3.661085e-05 4.540221e-05 5.374249e+01 3.333250e+00 
0.000000e+00 2.680614e-05 1.561091e-06 3.661085e-05 4.540221e-05 5.374250e+01 3.332930e+00 
0.000000e+00 2.680615e-05 1.560940e-06 3.661089e-05 4.540224e-05 5.374252e+01 3.332609e+00 
0.000000e+00 2.680617e-05 1.560790e-06 3.661095e-05 4.540229e-05 5.374256e+01 3.332286e+00 
0.000000e+00 2.680619e-05 1.560639e-06 3.661103e-05 4.540237e-05 5.374261e+01 3.331961e+00 
0.000000e+00 2.680622e-05 1.560487e-06 3.661114e-05 4.540247e-05 5.374267e+01 3.331635e+00 
0.000000e+00 2.680625e-05 1.560335e-06 3.661128e-05 4.540260e-05 5.374275e+01 3.331306e+00 
0.000000e+00 2.680630e-05 1.560182e-06 3.661144e-05 4.540275e-05 5.374284e+01 3.330975e+00 
0.000000e+00 2.680635e-05 1.560028e-06 3.661164e-05 4.540293e-05 5.374294e+01 3.330640e+00 
0.000000e+00 2.680640e-05 1.559872e-06 3.661185e-05 4.540313e-05 5.374305e+01 3.330302e+00 
0.000000e+00 2.680647e-05 1.559716e-06 3.661210e-05 4.540336e-05 5.374318e+01 3.329960e+00 
0.000000e+00 2.680654e-05 1.559557e-06 3.661237e-05 4.540362e-05 5.374332e+01 3.329615e+00 
0.000000e+00 2.680662e-05 1.559398e-06 3.661267e-05 4.540390e-05 5.374347e+01 3.329265e+00 
0.000000e+00 2.680670e-05 1.559236e-06 3.661300e-05 4.540421e-05 5.374364e+01 3.328910e+00 
0.000000e+00 2.680680e-05 1.559072e-06 3.661336e-05 4.540455e-05 5.374382e+01 3.328550e+00 
0.000000e+00 2.680690e-05 1.558907e-06 3.661374e-05 4.540491e-05 5.374402e+01 3.328184e+00 
0.000000e+00 2.680700e-05 1.558738e-06 3.661416e-05 4.540531e-05 5.374423e+01 3.327813e+00 
0.000000e+00 2.680712e-05 1.558568e-06 3.661460e-05 4.540573e-05 5.374446e+01 3.327435e+00 
0.000000e+00 2.680724e-05 1.558394e-06 3.661508e-05 4.540617e-05 5.374470e+01 3.327050e+00 
0.000000e+00 2.680737e-05 1.558218e-06 3.661558e-05 4.540665e-05 5.374495e+01 3.326659e+00 
0.000000e+00 2.680750e-05 1.558038e-06 3.661612e-05 4.540716e-05 5.374523e+01 3.326259e+00 
0.000000e+00 2.680765e-05 1.557855e-06 3.661669e-05 4.540769e-05 5.374551e+01 3.325852e+00 
0.000000e+00 2.680780e-05 1.557669e-06 3.661729e-05 4.540826e-05 5.374582e+01 3.325436e+00 
0.000000e+00 2.680796e-05 1.557478e-06 3.661792e-05 4.540886e-05 5.374614e+01 3.325011e+00 
