# 1,2,3, 4    , 5    , 6    , 7    , 8    , 9     
# x,y,z, Bx_si, By_si, Bz_si, In_si, Ic_si, Dc_si 
1.002300e+02 1.247790e+02 9.767720e-01 3.826962e-09 -4.225159e-08 -3.125798e-07 3.154457e-07 8.227082e+01 1.748245e+02 
1.012943e+02 1.247790e+02 9.767720e-01 3.634446e-09 -4.241506e-08 -3.119288e-07 3.148203e-07 8.222857e+01 1.751024e+02 
1.023587e+02 1.247790e+02 9.767720e-01 3.445881e-09 -4.257081e-08 -3.113110e-07 3.142271e-07 8.218812e+01 1.753723e+02 
1.034230e+02 1.247790e+02 9.767720e-01 3.261029e-09 -4.271892e-08 -3.107257e-07 3.136655e-07 8.214949e+01 1.756347e+02 
1.044874e+02 1.247790e+02 9.767720e-01 3.079664e-09 -4.285947e-08 -3.101724e-07 3.131347e-07 8.211269e+01 1.758901e+02 
1.055517e+02 1.247790e+02 9.767720e-01 2.901566e-09 -4.299252e-08 -3.096504e-07 3.126342e-07 8.207771e+01 1.761390e+02 
1.066161e+02 1.247790e+02 9.767720e-01 2.726524e-09 -4.311813e-08 -3.091592e-07 3.121635e-07 8.204457e+01 1.763818e+02 
1.076804e+02 1.247790e+02 9.767720e-01 2.554334e-09 -4.323637e-08 -3.086983e-07 3.117219e-07 8.201328e+01 1.766190e+02 
1.087448e+02 1.247790e+02 9.767720e-01 2.384797e-09 -4.334728e-08 -3.082672e-07 3.113091e-07 8.198383e+01 1.768510e+02 
1.098091e+02 1.247790e+02 9.767720e-01 2.217723e-09 -4.345092e-08 -3.078654e-07 3.109245e-07 8.195624e+01 1.770782e+02 
1.108735e+02 1.247790e+02 9.767720e-01 2.052926e-09 -4.354734e-08 -3.074926e-07 3.105677e-07 8.193050e+01 1.773009e+02 
1.119378e+02 1.247790e+02 9.767720e-01 1.890226e-09 -4.363658e-08 -3.071484e-07 3.102384e-07 8.190662e+01 1.775196e+02 
1.130022e+02 1.247790e+02 9.767720e-01 1.729446e-09 -4.371869e-08 -3.068324e-07 3.099362e-07 8.188460e+01 1.777346e+02 
1.140665e+02 1.247790e+02 9.767720e-01 1.570416e-09 -4.379369e-08 -3.065444e-07 3.096608e-07 8.186444e+01 1.779463e+02 
1.151309e+02 1.247790e+02 9.767720e-01 1.412968e-09 -4.386162e-08 -3.062839e-07 3.094118e-07 8.184615e+01 1.781549e+02 
1.161952e+02 1.247790e+02 9.767720e-01 1.256939e-09 -4.392252e-08 -3.060508e-07 3.091890e-07 8.182973e+01 1.783608e+02 
1.172596e+02 1.247790e+02 9.767720e-01 1.102166e-09 -4.397642e-08 -3.058448e-07 3.089922e-07 8.181518e+01 1.785643e+02 
1.183239e+02 1.247790e+02 9.767720e-01 9.484925e-10 -4.402332e-08 -3.056658e-07 3.088212e-07 8.180249e+01 1.787657e+02 
1.193883e+02 1.247790e+02 9.767720e-01 7.957622e-10 -4.406327e-08 -3.055135e-07 3.086757e-07 8.179168e+01 1.789654e+02 
1.204526e+02 1.247790e+02 9.767720e-01 6.438217e-10 -4.409627e-08 -3.053878e-07 3.085557e-07 8.178274e+01 1.791635e+02 
1.215170e+02 1.247790e+02 9.767720e-01 4.925188e-10 -4.412234e-08 -3.052886e-07 3.084609e-07 8.177567e+01 1.793605e+02 
1.225813e+02 1.247790e+02 9.767720e-01 3.417031e-10 -4.414148e-08 -3.052158e-07 3.083914e-07 8.177048e+01 1.795565e+02 
1.236457e+02 1.247790e+02 9.767720e-01 1.912250e-10 -4.415372e-08 -3.051692e-07 3.083470e-07 8.176716e+01 1.797519e+02 
1.247100e+02 1.247790e+02 9.767720e-01 4.093567e-11 -4.415905e-08 -3.051490e-07 3.083276e-07 8.176571e+01 1.799469e+02 
1.257743e+02 1.247790e+02 9.767720e-01 -1.093132e-10 -4.415748e-08 -3.051549e-07 3.083333e-07 8.176614e+01 -1.798582e+02 
1.268387e+02 1.247790e+02 9.767720e-01 -2.596700e-10 -4.414901e-08 -3.051872e-07 3.083641e-07 8.176844e+01 -1.796630e+02 
1.279030e+02 1.247790e+02 9.767720e-01 -4.102833e-10 -4.413363e-08 -3.052456e-07 3.084199e-07 8.177261e+01 -1.794674e+02 
1.289674e+02 1.247790e+02 9.767720e-01 -5.613020e-10 -4.411133e-08 -3.053305e-07 3.085009e-07 8.177866e+01 -1.792710e+02 
1.300317e+02 1.247790e+02 9.767720e-01 -7.128764e-10 -4.408211e-08 -3.054417e-07 3.086072e-07 8.178658e+01 -1.790735e+02 
1.310961e+02 1.247790e+02 9.767720e-01 -8.651574e-10 -4.404595e-08 -3.055795e-07 3.087388e-07 8.179637e+01 -1.788747e+02 
1.321604e+02 1.247790e+02 9.767720e-01 -1.018298e-09 -4.400284e-08 -3.057439e-07 3.088959e-07 8.180803e+01 -1.786743e+02 
1.332248e+02 1.247790e+02 9.767720e-01 -1.172452e-09 -4.395276e-08 -3.059352e-07 3.090786e-07 8.182157e+01 -1.784720e+02 
1.342891e+02 1.247790e+02 9.767720e-01 -1.327777e-09 -4.389568e-08 -3.061535e-07 3.092872e-07 8.183697e+01 -1.782674e+02 
1.353535e+02 1.247790e+02 9.767720e-01 -1.484432e-09 -4.383158e-08 -3.063990e-07 3.095218e-07 8.185424e+01 -1.780603e+02 
1.364178e+02 1.247790e+02 9.767720e-01 -1.642579e-09 -4.376044e-08 -3.066720e-07 3.097828e-07 8.187338e+01 -1.778504e+02 
1.374822e+02 1.247790e+02 9.767720e-01 -1.802384e-09 -4.368221e-08 -3.069728e-07 3.100704e-07 8.189439e+01 -1.776372e+02 
1.385465e+02 1.247790e+02 9.767720e-01 -1.964016e-09 -4.359686e-08 -3.073015e-07 3.103849e-07 8.191725e+01 -1.774206e+02 
1.396109e+02 1.247790e+02 9.767720e-01 -2.127649e-09 -4.350436e-08 -3.076587e-07 3.107266e-07 8.194198e+01 -1.772001e+02 
1.406752e+02 1.247790e+02 9.767720e-01 -2.293459e-09 -4.340466e-08 -3.080446e-07 3.110960e-07 8.196857e+01 -1.769754e+02 
1.417396e+02 1.247790e+02 9.767720e-01 -2.461630e-09 -4.329771e-08 -3.084597e-07 3.114934e-07 8.199700e+01 -1.767460e+02 
1.428039e+02 1.247790e+02 9.767720e-01 -2.632351e-09 -4.318347e-08 -3.089043e-07 3.119192e-07 8.202729e+01 -1.765117e+02 
1.438683e+02 1.247790e+02 9.767720e-01 -2.805814e-09 -4.306189e-08 -3.093790e-07 3.123740e-07 8.205943e+01 -1.762720e+02 
1.449326e+02 1.247790e+02 9.767720e-01 -2.982221e-09 -4.293290e-08 -3.098841e-07 3.128582e-07 8.209340e+01 -1.760265e+02 
1.459970e+02 1.247790e+02 9.767720e-01 -3.161779e-09 -4.279645e-08 -3.104203e-07 3.133724e-07 8.212921e+01 -1.757747e+02 
1.470613e+02 1.247790e+02 9.767720e-01 -3.344703e-09 -4.265246e-08 -3.109881e-07 3.139172e-07 8.216685e+01 -1.755162e+02 
1.481257e+02 1.247790e+02 9.767720e-01 -3.531215e-09 -4.250088e-08 -3.115881e-07 3.144931e-07 8.220630e+01 -1.752504e+02 
1.491900e+02 1.247790e+02 9.767720e-01 -3.721548e-09 -4.234163e-08 -3.122209e-07 3.151008e-07 8.224757e+01 -1.749770e+02 
