# 1,2,3, 4    , 5    , 6    , 7    , 8    , 9     
# x,y,z, Bx_si, By_si, Bz_si, In_si, Ic_si, Dc_si 
1.002300e+02 1.247790e+02 2.007864e+00 1.965813e-06 3.045771e-07 9.714859e-07 2.213814e-06 -2.602920e+01 8.119279e+01 
1.012943e+02 1.247790e+02 3.055164e+00 2.097626e-06 3.727366e-07 2.910426e-07 2.150273e-06 -7.778944e+00 7.992403e+01 
1.023587e+02 1.247790e+02 4.011530e+00 1.990702e-06 4.475635e-07 -4.494475e-07 2.089308e-06 1.242244e+01 7.732905e+01 
1.034230e+02 1.247790e+02 4.808937e+00 1.607247e-06 5.137277e-07 -1.102299e-06 2.015495e-06 3.315544e+01 7.227445e+01 
1.044874e+02 1.247790e+02 5.390665e+00 1.039314e-06 5.574520e-07 -1.535031e-06 1.935781e-06 5.246467e+01 6.179243e+01 
1.055517e+02 1.247790e+02 5.715335e+00 4.191491e-07 5.777524e-07 -1.737330e-06 1.878243e-06 6.766471e+01 3.596022e+01 
1.066161e+02 1.247790e+02 5.759853e+00 -1.993506e-07 5.802660e-07 -1.762329e-06 1.866079e-06 7.080444e+01 -1.896018e+01 
1.076804e+02 1.247790e+02 5.521053e+00 -8.210351e-07 5.661379e-07 -1.620870e-06 1.903111e-06 5.839651e+01 -5.541212e+01 
1.087448e+02 1.247790e+02 5.015920e+00 -1.418163e-06 5.302550e-07 -1.264689e-06 1.972763e-06 3.987201e+01 -6.949910e+01 
1.098091e+02 1.247790e+02 4.280385e+00 -1.875951e-06 4.701758e-07 -6.713899e-07 2.047198e-06 1.914473e+01 -7.592961e+01 
1.108735e+02 1.247790e+02 3.366767e+00 -2.073219e-06 3.961781e-07 5.995961e-08 2.111584e-06 -1.627164e+00 -7.918159e+01 
1.119378e+02 1.247790e+02 2.340052e+00 -2.008513e-06 3.247681e-07 7.706041e-07 2.175645e-06 -2.074416e+01 -8.081501e+01 
1.130022e+02 1.247790e+02 1.273271e+00 -1.773028e-06 2.655902e-07 1.366703e-06 2.254339e-06 -3.731916e+01 -8.148074e+01 
1.140665e+02 1.247790e+02 2.423037e-01 -1.456983e-06 2.202258e-07 1.830866e-06 2.350185e-06 -5.117191e+01 -8.140470e+01 
1.151309e+02 1.247790e+02 -6.795161e-01 -1.115815e-06 1.869641e-07 2.176939e-06 2.453378e-06 -6.253880e+01 -8.048797e+01 
1.161952e+02 1.247790e+02 -1.426619e+00 -7.760163e-07 1.637827e-07 2.421846e-06 2.548404e-06 -7.186730e+01 -7.808230e+01 
1.172596e+02 1.247790e+02 -1.945863e+00 -4.464603e-07 1.492418e-07 2.577313e-06 2.619951e-06 -7.964908e+01 -7.151636e+01 
1.183239e+02 1.247790e+02 -2.200315e+00 -1.260093e-07 1.425176e-07 2.649759e-06 2.656579e-06 -8.589358e+01 -4.148205e+01 
1.193883e+02 1.247790e+02 -2.171874e+00 1.915182e-07 1.432648e-07 2.641761e-06 2.652566e-06 -8.482679e+01 5.320174e+01 
1.204526e+02 1.247790e+02 -1.862564e+00 5.136536e-07 1.515216e-07 2.553044e-06 2.608607e-06 -7.815319e+01 7.356458e+01 
1.215170e+02 1.247790e+02 -1.294387e+00 8.458720e-07 1.677205e-07 2.380359e-06 2.531746e-06 -7.008592e+01 7.878479e+01 
1.225813e+02 1.247790e+02 -5.077570e-01 1.187728e-06 1.927985e-07 2.116344e-06 2.434498e-06 -6.037905e+01 8.077986e+01 
1.236457e+02 1.247790e+02 4.413729e-01 1.527537e-06 2.283324e-07 1.748059e-06 2.332641e-06 -4.853761e+01 8.149851e+01 
1.247100e+02 1.247790e+02 1.485490e+00 1.833909e-06 2.763955e-07 1.258137e-06 2.241099e-06 -3.415218e+01 8.142924e+01 
1.257743e+02 1.247790e+02 2.550327e+00 2.044381e-06 3.383739e-07 6.358174e-07 2.167546e-06 -1.705773e+01 8.060194e+01 
1.268387e+02 1.247790e+02 3.560140e+00 2.063522e-06 4.114379e-07 -8.968174e-08 2.106050e-06 2.440559e+00 7.872388e+01 
1.279030e+02 1.247790e+02 4.443101e+00 1.810352e-06 4.840675e-07 -8.067512e-07 2.040231e-06 2.329226e+01 7.502997e+01 
1.289674e+02 1.247790e+02 5.136405e+00 1.313560e-06 5.397524e-07 -1.356687e-06 1.964020e-06 4.369115e+01 6.766185e+01 
1.300317e+02 1.247790e+02 5.590737e+00 7.054228e-07 5.708734e-07 -1.665820e-06 1.896965e-06 6.142004e+01 5.101799e+01 
1.310961e+02 1.247790e+02 5.773780e+00 8.472504e-08 5.814542e-07 -1.771699e-06 1.866597e-06 7.165159e+01 8.290356e+00 
1.321604e+02 1.247790e+02 5.672513e+00 -5.344097e-07 5.757621e-07 -1.714636e-06 1.886020e-06 6.538529e+01 -4.286679e+01 
1.332248e+02 1.247790e+02 5.294141e+00 -1.151783e-06 5.512504e-07 -1.470554e-06 1.947565e-06 4.903175e+01 -6.442394e+01 
1.342891e+02 1.247790e+02 4.665577e+00 -1.695021e-06 5.025520e-07 -9.889828e-07 2.025769e-06 2.922241e+01 -7.348558e+01 
1.353535e+02 1.247790e+02 3.831531e+00 -2.027319e-06 4.332691e-07 -3.052372e-07 2.095451e-06 8.375882e+00 -7.793650e+01 
1.364178e+02 1.247790e+02 2.851329e+00 -2.080823e-06 3.587491e-07 4.331700e-07 2.155496e-06 -1.159315e+01 -8.021795e+01 
1.374822e+02 1.247790e+02 1.794693e+00 -1.914005e-06 2.929883e-07 1.091177e-06 2.222594e-06 -2.940289e+01 -8.129695e+01 
1.385465e+02 1.247790e+02 7.367820e-01 -1.626305e-06 2.409844e-07 1.619005e-06 2.307405e-06 -4.456004e+01 -8.157129e+01 
1.396109e+02 1.247790e+02 -2.471536e-01 -1.290841e-06 2.020912e-07 2.020390e-06 2.406052e-06 -5.710969e+01 -8.110212e+01 
1.406752e+02 1.247790e+02 -1.087127e+00 -9.468763e-07 1.742241e-07 2.312753e-06 2.505145e-06 -6.739862e+01 -7.957426e+01 
1.417396e+02 1.247790e+02 -1.723389e+00 -6.108064e-07 1.556235e-07 2.510650e-06 2.588564e-06 -7.590669e+01 -7.570609e+01 
1.428039e+02 1.247790e+02 -2.110683e+00 -2.857391e-07 1.451732e-07 2.622965e-06 2.642474e-06 -8.303350e+01 -6.306660e+01 
1.438683e+02 1.247790e+02 -2.221461e+00 3.248971e-08 1.423068e-07 2.653994e-06 2.658005e-06 -8.685193e+01 1.286063e+01 
1.449326e+02 1.247790e+02 -2.047843e+00 3.511545e-07 1.468753e-07 2.604822e-06 2.632486e-06 -8.168641e+01 6.730220e+01 
1.459970e+02 1.247790e+02 -1.602178e+00 6.771875e-07 1.591055e-07 2.473766e-06 2.569711e-06 -7.429392e+01 7.677814e+01 
1.470613e+02 1.247790e+02 -9.161670e-01 1.013636e-06 1.796668e-07 2.255681e-06 2.479483e-06 -6.546924e+01 7.994873e+01 
1.481257e+02 1.247790e+02 -3.860583e-02 1.355232e-06 2.098093e-07 1.940507e-06 2.376182e-06 -5.475074e+01 8.119966e+01 
1.491900e+02 1.247790e+02 9.680840e-01 1.681616e-06 2.514224e-07 1.512518e-06 2.275688e-06 -4.165486e+01 8.149656e+01 
