# 1 , 2 , 3 , 4      , 5      , 6      , 7      , 8      , 9      , 10 (pm), 11 (pm), 12 (pm)  
# xm, ym, zm, IGRF_In, IGRF_Ic, IGRF_Dc, In_siB0, Ic_siB0, Dc_siB0, Bx_siB0, By_siB0, Bz_siB0  
1.002300e+02 1.247790e+02 2.007864e+00 4.518274e-05 5.346856e+01 3.327694e+00 4.533732e-05 5.334396e+01 7.576816e+00 2.683050e-05 3.568904e-06 3.637113e-05 
1.012943e+02 1.247790e+02 3.055164e+00 4.518274e-05 5.346856e+01 3.327694e+00 4.593338e-05 5.376469e+01 7.829368e+00 2.689825e-05 3.698649e-06 3.704969e-05 
1.023587e+02 1.247790e+02 4.011530e+00 4.518274e-05 5.346856e+01 3.327694e+00 4.656581e-05 5.424325e+01 7.580733e+00 2.697269e-05 3.589694e-06 3.778839e-05 
1.034230e+02 1.247790e+02 4.808937e+00 4.518274e-05 5.346856e+01 3.327694e+00 4.710568e-05 5.468911e+01 6.758417e+00 2.703848e-05 3.204243e-06 3.843954e-05 
1.044874e+02 1.247790e+02 5.390665e+00 4.518274e-05 5.346856e+01 3.327694e+00 4.744781e-05 5.500777e+01 5.555884e+00 2.708185e-05 2.634347e-06 3.887066e-05 
1.055517e+02 1.247790e+02 5.715335e+00 4.518274e-05 5.346856e+01 3.327694e+00 4.759343e-05 5.517919e+01 4.246296e+00 2.710181e-05 2.012251e-06 3.907144e-05 
1.066161e+02 1.247790e+02 5.759853e+00 4.518274e-05 5.346856e+01 3.327694e+00 4.759184e-05 5.523165e+01 2.939678e+00 2.710401e-05 1.391849e-06 3.909500e-05 
1.076804e+02 1.247790e+02 5.521053e+00 4.518274e-05 5.346856e+01 3.327694e+00 4.745218e-05 5.517225e+01 1.624533e+00 2.708958e-05 7.682889e-07 3.895220e-05 
1.087448e+02 1.247790e+02 5.015920e+00 4.518274e-05 5.346856e+01 3.327694e+00 4.713248e-05 5.497052e+01 3.585753e-01 2.705341e-05 1.693111e-07 3.859475e-05 
1.098091e+02 1.247790e+02 4.280385e+00 4.518274e-05 5.346856e+01 3.327694e+00 4.661256e-05 5.461078e+01 -6.161759e-01 2.699307e-05 -2.903027e-07 3.800028e-05 
1.108735e+02 1.247790e+02 3.366767e+00 4.518274e-05 5.346856e+01 3.327694e+00 4.597558e-05 5.415466e+01 -1.041502e+00 2.691882e-05 -4.893746e-07 3.726783e-05 
1.119378e+02 1.247790e+02 2.340052e+00 4.518274e-05 5.346856e+01 3.327694e+00 4.535755e-05 5.370266e+01 -9.100362e-01 2.684718e-05 -4.264531e-07 3.655618e-05 
1.130022e+02 1.247790e+02 1.273271e+00 4.518274e-05 5.346856e+01 3.327694e+00 4.484064e-05 5.331499e+01 -4.122255e-01 2.678779e-05 -1.927333e-07 3.595915e-05 
1.140665e+02 1.247790e+02 2.423037e-01 4.518274e-05 5.346856e+01 3.327694e+00 4.444092e-05 5.300436e+01 2.604500e-01 2.674224e-05 1.215633e-07 3.549414e-05 
1.151309e+02 1.247790e+02 -6.795161e-01 4.518274e-05 5.346856e+01 3.327694e+00 4.414640e-05 5.276431e+01 9.888377e-01 2.670880e-05 4.609989e-07 3.514730e-05 
1.161952e+02 1.247790e+02 -1.426619e+00 4.518274e-05 5.346856e+01 3.327694e+00 4.394179e-05 5.258648e+01 1.715170e+00 2.668546e-05 7.990778e-07 3.490170e-05 
1.172596e+02 1.247790e+02 -1.945863e+00 4.518274e-05 5.346856e+01 3.327694e+00 4.381620e-05 5.246543e+01 2.419493e+00 2.667078e-05 1.126927e-06 3.474563e-05 
1.183239e+02 1.247790e+02 -2.200315e+00 4.518274e-05 5.346856e+01 3.327694e+00 4.376355e-05 5.239838e+01 3.103458e+00 2.666393e-05 1.445681e-06 3.467265e-05 
1.193883e+02 1.247790e+02 -2.171874e+00 4.518274e-05 5.346856e+01 3.327694e+00 4.378149e-05 5.238408e+01 3.779595e+00 2.666458e-05 1.761522e-06 3.468020e-05 
1.204526e+02 1.247790e+02 -1.862564e+00 4.518274e-05 5.346856e+01 3.327694e+00 4.387051e-05 5.242225e+01 4.463249e+00 2.667275e-05 2.081977e-06 3.476855e-05 
1.215170e+02 1.247790e+02 -1.294387e+00 4.518274e-05 5.346856e+01 3.327694e+00 4.403392e-05 5.251386e+01 5.165173e+00 2.668888e-05 2.412522e-06 3.494094e-05 
1.225813e+02 1.247790e+02 -5.077570e-01 4.518274e-05 5.346856e+01 3.327694e+00 4.427848e-05 5.266239e+01 5.883226e+00 2.671391e-05 2.752710e-06 3.520474e-05 
1.236457e+02 1.247790e+02 4.413729e-01 4.518274e-05 5.346856e+01 3.327694e+00 4.461518e-05 5.287559e+01 6.591208e+00 2.674941e-05 3.090853e-06 3.557288e-05 
1.247100e+02 1.247790e+02 1.485490e+00 4.518274e-05 5.346856e+01 3.327694e+00 4.505725e-05 5.316604e+01 7.221582e+00 2.679746e-05 3.395562e-06 3.606275e-05 
1.257743e+02 1.247790e+02 2.550327e+00 4.518274e-05 5.346856e+01 3.327694e+00 4.560939e-05 5.354577e+01 7.643078e+00 2.685944e-05 3.604371e-06 3.668508e-05 
1.268387e+02 1.247790e+02 3.560140e+00 4.518274e-05 5.346856e+01 3.327694e+00 4.623892e-05 5.400549e+01 7.659104e+00 2.693253e-05 3.621848e-06 3.741068e-05 
1.279030e+02 1.247790e+02 4.443101e+00 4.518274e-05 5.346856e+01 3.327694e+00 4.684395e-05 5.448217e+01 7.106969e+00 2.700520e-05 3.367011e-06 3.812792e-05 
1.289674e+02 1.247790e+02 5.136405e+00 4.518274e-05 5.346856e+01 3.327694e+00 4.729185e-05 5.487113e+01 6.050944e+00 2.706094e-05 2.868549e-06 3.867811e-05 
1.300317e+02 1.247790e+02 5.590737e+00 4.518274e-05 5.346856e+01 3.327694e+00 4.753016e-05 5.511184e+01 4.765862e+00 2.709214e-05 2.258736e-06 3.898757e-05 
1.310961e+02 1.247790e+02 5.773780e+00 4.518274e-05 5.346856e+01 3.327694e+00 4.759800e-05 5.521855e+01 3.455086e+00 2.710281e-05 1.636355e-06 3.909385e-05 
1.321604e+02 1.247790e+02 5.672513e+00 4.518274e-05 5.346856e+01 3.327694e+00 4.753105e-05 5.521520e+01 2.146282e+00 2.709723e-05 1.015529e-06 3.903728e-05 
1.332248e+02 1.247790e+02 5.294141e+00 4.518274e-05 5.346856e+01 3.327694e+00 4.730806e-05 5.508724e+01 8.389791e-01 2.707285e-05 3.964547e-07 3.879376e-05 
1.342891e+02 1.247790e+02 4.665577e+00 4.518274e-05 5.346856e+01 3.327694e+00 4.688505e-05 5.480202e+01 -3.148310e-01 2.702430e-05 -1.484956e-07 3.831283e-05 
1.353535e+02 1.247790e+02 3.831531e+00 4.518274e-05 5.346856e+01 3.327694e+00 4.629057e-05 5.438068e+01 -1.025531e+00 2.695518e-05 -4.825195e-07 3.762981e-05 
1.364178e+02 1.247790e+02 2.851329e+00 4.518274e-05 5.346856e+01 3.327694e+00 4.564980e-05 5.391626e+01 -1.146074e+00 2.688084e-05 -5.377630e-07 3.689221e-05 
1.374822e+02 1.247790e+02 1.794693e+00 4.518274e-05 5.346856e+01 3.327694e+00 4.507971e-05 5.349456e+01 -7.962918e-01 2.681529e-05 -3.727005e-07 3.623509e-05 
1.385465e+02 1.247790e+02 7.367820e-01 4.518274e-05 5.346856e+01 3.327694e+00 4.462477e-05 5.314811e+01 -1.857673e-01 2.676350e-05 -8.677429e-08 3.570822e-05 
1.396109e+02 1.247790e+02 -2.471536e-01 4.518274e-05 5.346856e+01 3.327694e+00 4.428234e-05 5.287643e+01 5.293108e-01 2.672484e-05 2.468969e-07 3.530789e-05 
1.406752e+02 1.247790e+02 -1.087127e+00 4.518274e-05 5.346856e+01 3.327694e+00 4.403698e-05 5.267083e+01 1.263968e+00 2.669723e-05 5.890474e-07 3.501666e-05 
1.417396e+02 1.247790e+02 -1.723389e+00 4.518274e-05 5.346856e+01 3.327694e+00 4.387536e-05 5.252428e+01 1.982052e+00 2.667891e-05 9.232807e-07 3.481998e-05 
1.428039e+02 1.247790e+02 -2.110683e+00 4.518274e-05 5.346856e+01 3.327694e+00 4.378913e-05 5.243280e+01 2.676035e+00 2.666875e-05 1.246487e-06 3.470896e-05 
1.438683e+02 1.247790e+02 -2.221461e+00 4.518274e-05 5.346856e+01 3.327694e+00 4.377423e-05 5.239453e+01 3.354103e+00 2.666619e-05 1.562828e-06 3.467932e-05 
1.449326e+02 1.247790e+02 -2.047843e+00 4.518274e-05 5.346856e+01 3.327694e+00 4.382979e-05 5.240875e+01 4.031111e+00 2.667109e-05 1.879578e-06 3.472997e-05 
1.459970e+02 1.247790e+02 -1.602178e+00 4.518274e-05 5.346856e+01 3.327694e+00 4.395764e-05 5.247570e+01 4.721047e+00 2.668366e-05 2.203665e-06 3.486259e-05 
1.470613e+02 1.247790e+02 -9.161670e-01 4.518274e-05 5.346856e+01 3.327694e+00 4.416273e-05 5.259745e+01 5.429365e+00 2.670459e-05 2.538136e-06 3.508232e-05 
1.481257e+02 1.247790e+02 -3.860583e-02 4.518274e-05 5.346856e+01 3.327694e+00 4.445395e-05 5.277941e+01 6.143564e+00 2.673511e-05 2.877720e-06 3.539924e-05 
1.491900e+02 1.247790e+02 9.680840e-01 4.518274e-05 5.346856e+01 3.327694e+00 4.484406e-05 5.303187e+01 6.819151e+00 2.677712e-05 3.202056e-06 3.582906e-05 
