# 1 , 2 , 3 , 4      , 5      , 6      , 7      , 8      , 9      , 10 (pm), 11 (pm), 12 (pm)  
# xm, ym, zm, IGRF_In, IGRF_Ic, IGRF_Dc, In_siB0, Ic_siB0, Dc_siB0, Bx_siB0, By_siB0, Bz_siB0  
1.002300e+02 1.247790e+02 2.007864e+00 4.518274e-05 5.346856e+01 3.327694e+00 4.470273e-05 5.222537e+01 7.400435e+00 2.715488e-05 3.527013e-06 3.533421e-05 
1.012943e+02 1.247790e+02 3.055164e+00 4.518274e-05 5.346856e+01 3.327694e+00 4.529389e-05 5.266780e+01 7.654786e+00 2.722304e-05 3.658826e-06 3.601466e-05 
1.023587e+02 1.247790e+02 4.011530e+00 4.518274e-05 5.346856e+01 3.327694e+00 4.592091e-05 5.316842e+01 7.413475e+00 2.729786e-05 3.551902e-06 3.675515e-05 
1.034230e+02 1.247790e+02 4.808937e+00 4.518274e-05 5.346856e+01 3.327694e+00 4.645630e-05 5.363246e+01 6.604795e+00 2.736403e-05 3.168447e-06 3.740800e-05 
1.044874e+02 1.247790e+02 5.390665e+00 4.518274e-05 5.346856e+01 3.327694e+00 4.679603e-05 5.396241e+01 5.420136e+00 2.740775e-05 2.600514e-06 3.784073e-05 
1.055517e+02 1.247790e+02 5.715335e+00 4.518274e-05 5.346856e+01 3.327694e+00 4.694137e-05 5.413867e+01 4.129681e+00 2.742805e-05 1.980349e-06 3.804303e-05 
1.066161e+02 1.247790e+02 5.759853e+00 4.518274e-05 5.346856e+01 3.327694e+00 4.694108e-05 5.419127e+01 2.842238e+00 2.743057e-05 1.361849e-06 3.806803e-05 
1.076804e+02 1.247790e+02 5.521053e+00 4.518274e-05 5.346856e+01 3.327694e+00 4.680421e-05 5.412760e+01 1.546446e+00 2.741644e-05 7.401649e-07 3.792657e-05 
1.087448e+02 1.247790e+02 5.015920e+00 4.518274e-05 5.346856e+01 3.327694e+00 4.648924e-05 5.391580e+01 2.993122e-01 2.738055e-05 1.430369e-07 3.757039e-05 
1.098091e+02 1.247790e+02 4.280385e+00 4.518274e-05 5.346856e+01 3.327694e+00 4.597622e-05 5.353939e+01 -6.600580e-01 2.732048e-05 -3.147509e-07 3.697709e-05 
1.108735e+02 1.247790e+02 3.366767e+00 4.518274e-05 5.346856e+01 3.327694e+00 4.534740e-05 5.306240e+01 -1.076582e+00 2.724648e-05 -5.120186e-07 3.624574e-05 
1.119378e+02 1.247790e+02 2.340052e+00 4.518274e-05 5.346856e+01 3.327694e+00 4.473732e-05 5.258971e+01 -9.430279e-01 2.717507e-05 -4.473133e-07 3.553510e-05 
1.130022e+02 1.247790e+02 1.273271e+00 4.518274e-05 5.346856e+01 3.327694e+00 4.422725e-05 5.218439e+01 -4.475829e-01 2.711589e-05 -2.118281e-07 3.493900e-05 
1.140665e+02 1.247790e+02 2.423037e-01 4.518274e-05 5.346856e+01 3.327694e+00 4.383307e-05 5.185988e+01 2.205777e-01 2.707053e-05 1.042168e-07 3.447483e-05 
1.151309e+02 1.247790e+02 -6.795161e-01 4.518274e-05 5.346856e+01 3.327694e+00 4.354290e-05 5.160948e+01 9.437493e-01 2.703726e-05 4.453855e-07 3.412876e-05 
1.161952e+02 1.247790e+02 -1.426619e+00 4.518274e-05 5.346856e+01 3.327694e+00 4.334158e-05 5.142442e+01 1.664874e+00 2.701408e-05 7.851837e-07 3.388385e-05 
1.172596e+02 1.247790e+02 -1.945863e+00 4.518274e-05 5.346856e+01 3.327694e+00 4.321831e-05 5.129895e+01 2.364249e+00 2.699954e-05 1.114740e-06 3.372839e-05 
1.183239e+02 1.247790e+02 -2.200315e+00 4.518274e-05 5.346856e+01 3.327694e+00 4.316705e-05 5.123013e+01 3.043514e+00 2.699282e-05 1.435191e-06 3.365594e-05 
1.193883e+02 1.247790e+02 -2.171874e+00 4.518274e-05 5.346856e+01 3.327694e+00 4.318548e-05 5.121664e+01 3.715055e+00 2.699356e-05 1.752718e-06 3.366394e-05 
1.204526e+02 1.247790e+02 -1.862564e+00 4.518274e-05 5.346856e+01 3.327694e+00 4.327407e-05 5.125821e+01 4.394044e+00 2.700182e-05 2.074854e-06 3.375266e-05 
1.215170e+02 1.247790e+02 -1.294387e+00 4.518274e-05 5.346856e+01 3.327694e+00 4.343612e-05 5.135589e+01 5.091117e+00 2.701802e-05 2.407072e-06 3.392534e-05 
1.225813e+02 1.247790e+02 -5.077570e-01 4.518274e-05 5.346856e+01 3.327694e+00 4.367835e-05 5.151333e+01 5.804174e+00 2.704310e-05 2.748928e-06 3.418936e-05 
1.236457e+02 1.247790e+02 4.413729e-01 4.518274e-05 5.346856e+01 3.327694e+00 4.401163e-05 5.173858e+01 6.507344e+00 2.707863e-05 3.088737e-06 3.455764e-05 
1.247100e+02 1.247790e+02 1.485490e+00 4.518274e-05 5.346856e+01 3.327694e+00 4.444903e-05 5.204452e+01 7.133901e+00 2.712670e-05 3.395109e-06 3.504756e-05 
1.257743e+02 1.247790e+02 2.550327e+00 4.518274e-05 5.346856e+01 3.327694e+00 4.499516e-05 5.244318e+01 7.554108e+00 2.718867e-05 3.605581e-06 3.566988e-05 
1.268387e+02 1.247790e+02 3.560140e+00 4.518274e-05 5.346856e+01 3.327694e+00 4.561759e-05 5.292400e+01 7.573628e+00 2.726174e-05 3.624722e-06 3.639538e-05 
1.279030e+02 1.247790e+02 4.443101e+00 4.518274e-05 5.346856e+01 3.327694e+00 4.621546e-05 5.342053e+01 7.031620e+00 2.733437e-05 3.371552e-06 3.711245e-05 
1.289674e+02 1.247790e+02 5.136405e+00 4.518274e-05 5.346856e+01 3.327694e+00 4.665763e-05 5.382398e+01 5.991620e+00 2.739005e-05 2.874760e-06 3.766239e-05 
1.300317e+02 1.247790e+02 5.590737e+00 4.518274e-05 5.346856e+01 3.327694e+00 4.689237e-05 5.407239e+01 4.725303e+00 2.742117e-05 2.266623e-06 3.797152e-05 
1.310961e+02 1.247790e+02 5.773780e+00 4.518274e-05 5.346856e+01 3.327694e+00 4.695848e-05 5.418139e+01 3.433672e+00 2.743175e-05 1.645925e-06 3.807740e-05 
1.321604e+02 1.247790e+02 5.672513e+00 4.518274e-05 5.346856e+01 3.327694e+00 4.689125e-05 5.417607e+01 2.144066e+00 2.742606e-05 1.026790e-06 3.802034e-05 
1.332248e+02 1.247790e+02 5.294141e+00 4.518274e-05 5.346856e+01 3.327694e+00 4.666967e-05 5.404117e+01 8.560146e-01 2.740155e-05 4.094171e-07 3.777625e-05 
1.342891e+02 1.247790e+02 4.665577e+00 4.518274e-05 5.346856e+01 3.327694e+00 4.625029e-05 5.374242e+01 -2.803109e-01 2.735285e-05 -1.338208e-07 3.729468e-05 
1.353535e+02 1.247790e+02 3.831531e+00 4.518274e-05 5.346856e+01 3.327694e+00 4.566148e-05 5.330141e+01 -9.787601e-01 2.728357e-05 -4.661193e-07 3.661094e-05 
1.364178e+02 1.247790e+02 2.851329e+00 4.518274e-05 5.346856e+01 3.327694e+00 4.502711e-05 5.281492e+01 -1.094069e+00 2.720905e-05 -5.196229e-07 3.587253e-05 
1.374822e+02 1.247790e+02 1.794693e+00 4.518274e-05 5.346856e+01 3.327694e+00 4.446285e-05 5.237269e+01 -7.446803e-01 2.714329e-05 -3.528045e-07 3.521452e-05 
1.385465e+02 1.247790e+02 7.367820e-01 4.518274e-05 5.346856e+01 3.327694e+00 4.401260e-05 5.200908e+01 -1.376908e-01 2.709128e-05 -6.510474e-08 3.468669e-05 
1.396109e+02 1.247790e+02 -2.471536e-01 4.518274e-05 5.346856e+01 3.327694e+00 4.367365e-05 5.172385e+01 5.725902e-01 2.705239e-05 2.703593e-07 3.428531e-05 
1.406752e+02 1.247790e+02 -1.087127e+00 4.518274e-05 5.346856e+01 3.327694e+00 4.343067e-05 5.150796e+01 1.302228e+00 2.702452e-05 6.143237e-07 3.399295e-05 
1.417396e+02 1.247790e+02 -1.723389e+00 4.518274e-05 5.346856e+01 3.327694e+00 4.327041e-05 5.135405e+01 2.015524e+00 2.700592e-05 9.503936e-07 3.379505e-05 
1.428039e+02 1.247790e+02 -2.110683e+00 4.518274e-05 5.346856e+01 3.327694e+00 4.318459e-05 5.125793e+01 2.705054e+00 2.699547e-05 1.275461e-06 3.368274e-05 
1.438683e+02 1.247790e+02 -2.221461e+00 4.518274e-05 5.346856e+01 3.327694e+00 4.316918e-05 5.121764e+01 3.378918e+00 2.699261e-05 1.593690e-06 3.365171e-05 
1.449326e+02 1.247790e+02 -2.047843e+00 4.518274e-05 5.346856e+01 3.327694e+00 4.322330e-05 5.123242e+01 4.051799e+00 2.699718e-05 1.912354e-06 3.370088e-05 
1.459970e+02 1.247790e+02 -1.602178e+00 4.518274e-05 5.346856e+01 3.327694e+00 4.334880e-05 5.130257e+01 4.737525e+00 2.700941e-05 2.238388e-06 3.383193e-05 
1.470613e+02 1.247790e+02 -9.161670e-01 4.518274e-05 5.346856e+01 3.327694e+00 4.355058e-05 5.143028e+01 5.441495e+00 2.702997e-05 2.574836e-06 3.405002e-05 
1.481257e+02 1.247790e+02 -3.860583e-02 4.518274e-05 5.346856e+01 3.327694e+00 4.383745e-05 5.162120e+01 6.151370e+00 2.706011e-05 2.916432e-06 3.436519e-05 
1.491900e+02 1.247790e+02 9.680840e-01 4.518274e-05 5.346856e+01 3.327694e+00 4.422199e-05 5.188603e+01 6.823202e+00 2.710172e-05 3.242816e-06 3.479318e-05 
