# 1,2,3, 4    , 5    , 6    , 7    , 8    , 9     
# x,y,z, Bx_si, By_si, Bz_si, In_si, Ic_si, Dc_si 
100.2300000000 124.7790000000 1.0000000000 0.0000000001 -0.0000000091 -0.0000000292 0.0000000306 72.6770585914 179.4018460771 
101.2943478261 124.7790000000 1.0000000000 0.0000000001 -0.0000000091 -0.0000000291 0.0000000305 72.6207132424 179.4325647279 
102.3586956522 124.7790000000 1.0000000000 0.0000000001 -0.0000000091 -0.0000000291 0.0000000305 72.5669106118 179.4625716348 
103.4230434783 124.7790000000 1.0000000000 0.0000000001 -0.0000000091 -0.0000000290 0.0000000304 72.5156419105 179.4919112808 
104.4873913043 124.7790000000 1.0000000000 0.0000000001 -0.0000000091 -0.0000000290 0.0000000304 72.4668987120 179.5206254853 
105.5517391304 124.7790000000 1.0000000000 0.0000000001 -0.0000000092 -0.0000000289 0.0000000303 72.4206728288 179.5487543108 
106.6160869565 124.7790000000 1.0000000000 0.0000000001 -0.0000000092 -0.0000000289 0.0000000303 72.3769564387 179.5763370266 
107.6804347826 124.7790000000 1.0000000000 0.0000000001 -0.0000000092 -0.0000000288 0.0000000302 72.3357419543 179.6034105003 
108.7447826087 124.7790000000 1.0000000000 0.0000000001 -0.0000000092 -0.0000000288 0.0000000302 72.2970221989 179.6300110735 
109.8091304348 124.7790000000 1.0000000000 0.0000000001 -0.0000000092 -0.0000000287 0.0000000302 72.2607907121 179.6561732955 
110.8734782609 124.7790000000 1.0000000000 0.0000000001 -0.0000000092 -0.0000000287 0.0000000301 72.2270407032 179.6819300065 
111.9378260870 124.7790000000 1.0000000000 0.0000000000 -0.0000000092 -0.0000000287 0.0000000301 72.1957664086 179.7073151334 
113.0021739130 124.7790000000 1.0000000000 0.0000000000 -0.0000000092 -0.0000000286 0.0000000301 72.1669622876 179.7323589197 
114.0665217391 124.7790000000 1.0000000000 0.0000000000 -0.0000000092 -0.0000000286 0.0000000300 72.1406228821 179.7570930383 
115.1308695652 124.7790000000 1.0000000000 0.0000000000 -0.0000000092 -0.0000000286 0.0000000300 72.1167437791 179.7815469449 
116.1952173913 124.7790000000 1.0000000000 0.0000000000 -0.0000000092 -0.0000000285 0.0000000300 72.0953201935 179.8057499743 
117.2595652174 124.7790000000 1.0000000000 0.0000000000 -0.0000000092 -0.0000000285 0.0000000300 72.0763483481 179.8297310574 
118.3239130435 124.7790000000 1.0000000000 0.0000000000 -0.0000000092 -0.0000000285 0.0000000300 72.0598250391 179.8535180724 
119.3882608696 124.7790000000 1.0000000000 0.0000000000 -0.0000000092 -0.0000000285 0.0000000300 72.0457469795 179.8771382828 
120.4526086957 124.7790000000 1.0000000000 0.0000000000 -0.0000000092 -0.0000000285 0.0000000299 72.0341114557 179.9006194350 
121.5169565217 124.7790000000 1.0000000000 0.0000000000 -0.0000000092 -0.0000000285 0.0000000299 72.0249164819 179.9239881762 
122.5813043478 124.7790000000 1.0000000000 0.0000000000 -0.0000000092 -0.0000000285 0.0000000299 72.0181601751 179.9472706816 
123.6456521739 124.7790000000 1.0000000000 0.0000000000 -0.0000000092 -0.0000000285 0.0000000299 72.0138414577 179.9704938513 
124.7100000000 124.7790000000 1.0000000000 0.0000000000 -0.0000000092 -0.0000000285 0.0000000299 72.0119595697 179.9936842669 
125.7743478261 124.7790000000 1.0000000000 -0.0000000000 -0.0000000092 -0.0000000285 0.0000000299 72.0125138739 -179.9831335437 
126.8386956522 124.7790000000 1.0000000000 -0.0000000000 -0.0000000092 -0.0000000285 0.0000000299 72.0155046268 -179.9599315284 
127.9030434783 124.7790000000 1.0000000000 -0.0000000000 -0.0000000092 -0.0000000285 0.0000000299 72.0209323247 -179.9366845887 
128.9673913043 124.7790000000 1.0000000000 -0.0000000000 -0.0000000092 -0.0000000285 0.0000000299 72.0287983028 -179.9133658635 
130.0317391304 124.7790000000 1.0000000000 -0.0000000000 -0.0000000092 -0.0000000285 0.0000000299 72.0391036824 -179.8899493384 
131.0960869565 124.7790000000 1.0000000000 -0.0000000000 -0.0000000092 -0.0000000285 0.0000000300 72.0518503126 -179.8664086295 
132.1604347826 124.7790000000 1.0000000000 -0.0000000000 -0.0000000092 -0.0000000285 0.0000000300 72.0670409204 -179.8427154207 
133.2247826087 124.7790000000 1.0000000000 -0.0000000000 -0.0000000092 -0.0000000285 0.0000000300 72.0846780329 -179.8188436548 
134.2891304348 124.7790000000 1.0000000000 -0.0000000000 -0.0000000092 -0.0000000286 0.0000000300 72.1047649532 -179.7947652700 
135.3534782609 124.7790000000 1.0000000000 -0.0000000000 -0.0000000092 -0.0000000286 0.0000000300 72.1273055030 -179.7704516692 
136.4178260870 124.7790000000 1.0000000000 -0.0000000000 -0.0000000092 -0.0000000286 0.0000000301 72.1523036779 -179.7458737477 
137.4821739130 124.7790000000 1.0000000000 -0.0000000000 -0.0000000092 -0.0000000286 0.0000000301 72.1797641589 -179.7210024396 
138.5465217391 124.7790000000 1.0000000000 -0.0000000000 -0.0000000092 -0.0000000287 0.0000000301 72.2096917315 -179.6958074724 
139.6108695652 124.7790000000 1.0000000000 -0.0000000001 -0.0000000092 -0.0000000287 0.0000000301 72.2420917725 -179.6702570726 
140.6752173913 124.7790000000 1.0000000000 -0.0000000001 -0.0000000092 -0.0000000287 0.0000000302 72.2769703843 -179.6443198526 
141.7395652174 124.7790000000 1.0000000000 -0.0000000001 -0.0000000092 -0.0000000288 0.0000000302 72.3143332686 -179.6179625517 
142.8039130435 124.7790000000 1.0000000000 -0.0000000001 -0.0000000092 -0.0000000288 0.0000000303 72.3541874212 -179.5911510078 
143.8682608696 124.7790000000 1.0000000000 -0.0000000001 -0.0000000092 -0.0000000289 0.0000000303 72.3965395091 -179.5638504302 
144.9326086957 124.7790000000 1.0000000000 -0.0000000001 -0.0000000092 -0.0000000289 0.0000000303 72.4413970004 -179.5360237701 
145.9969565217 124.7790000000 1.0000000000 -0.0000000001 -0.0000000091 -0.0000000290 0.0000000304 72.4887674951 -179.5076335782 
147.0613043478 124.7790000000 1.0000000000 -0.0000000001 -0.0000000091 -0.0000000290 0.0000000304 72.5386587809 -179.4786399205 
148.1256521739 124.7790000000 1.0000000000 -0.0000000001 -0.0000000091 -0.0000000291 0.0000000305 72.5910795995 -179.4490020257 
149.1900000000 124.7790000000 1.0000000000 -0.0000000001 -0.0000000091 -0.0000000292 0.0000000305 72.6460381883 -179.4186768637 
