# 1 , 2 , 3 , 4      , 5      , 6      , 7      , 8      , 9        
# xm, ym, zm, IGRF_In, IGRF_Ic, IGRF_Dc, In_siB0, Ic_siB0, Dc_siB0  
1.002300e+02 1.247790e+02 9.767720e-01 4.518274e-05 5.346856e+01 3.327694e+00 4.579839e-05 5.350341e+01 3.317728e+00 
1.012943e+02 1.247790e+02 9.767720e-01 4.518274e-05 5.346856e+01 3.327694e+00 4.579780e-05 5.350310e+01 3.316218e+00 
1.023587e+02 1.247790e+02 9.767720e-01 4.518274e-05 5.346856e+01 3.327694e+00 4.579724e-05 5.350281e+01 3.314727e+00 
1.034230e+02 1.247790e+02 9.767720e-01 4.518274e-05 5.346856e+01 3.327694e+00 4.579670e-05 5.350253e+01 3.313255e+00 
1.044874e+02 1.247790e+02 9.767720e-01 4.518274e-05 5.346856e+01 3.327694e+00 4.579619e-05 5.350227e+01 3.311801e+00 
1.055517e+02 1.247790e+02 9.767720e-01 4.518274e-05 5.346856e+01 3.327694e+00 4.579571e-05 5.350203e+01 3.310363e+00 
1.066161e+02 1.247790e+02 9.767720e-01 4.518274e-05 5.346856e+01 3.327694e+00 4.579526e-05 5.350180e+01 3.308941e+00 
1.076804e+02 1.247790e+02 9.767720e-01 4.518274e-05 5.346856e+01 3.327694e+00 4.579484e-05 5.350159e+01 3.307533e+00 
1.087448e+02 1.247790e+02 9.767720e-01 4.518274e-05 5.346856e+01 3.327694e+00 4.579443e-05 5.350140e+01 3.306139e+00 
1.098091e+02 1.247790e+02 9.767720e-01 4.518274e-05 5.346856e+01 3.327694e+00 4.579406e-05 5.350122e+01 3.304757e+00 
1.108735e+02 1.247790e+02 9.767720e-01 4.518274e-05 5.346856e+01 3.327694e+00 4.579371e-05 5.350106e+01 3.303387e+00 
1.119378e+02 1.247790e+02 9.767720e-01 4.518274e-05 5.346856e+01 3.327694e+00 4.579339e-05 5.350091e+01 3.302027e+00 
1.130022e+02 1.247790e+02 9.767720e-01 4.518274e-05 5.346856e+01 3.327694e+00 4.579309e-05 5.350078e+01 3.300678e+00 
1.140665e+02 1.247790e+02 9.767720e-01 4.518274e-05 5.346856e+01 3.327694e+00 4.579281e-05 5.350066e+01 3.299337e+00 
1.151309e+02 1.247790e+02 9.767720e-01 4.518274e-05 5.346856e+01 3.327694e+00 4.579256e-05 5.350056e+01 3.298004e+00 
1.161952e+02 1.247790e+02 9.767720e-01 4.518274e-05 5.346856e+01 3.327694e+00 4.579233e-05 5.350047e+01 3.296679e+00 
1.172596e+02 1.247790e+02 9.767720e-01 4.518274e-05 5.346856e+01 3.327694e+00 4.579213e-05 5.350040e+01 3.295359e+00 
1.183239e+02 1.247790e+02 9.767720e-01 4.518274e-05 5.346856e+01 3.327694e+00 4.579195e-05 5.350034e+01 3.294045e+00 
1.193883e+02 1.247790e+02 9.767720e-01 4.518274e-05 5.346856e+01 3.327694e+00 4.579180e-05 5.350030e+01 3.292736e+00 
1.204526e+02 1.247790e+02 9.767720e-01 4.518274e-05 5.346856e+01 3.327694e+00 4.579167e-05 5.350027e+01 3.291430e+00 
1.215170e+02 1.247790e+02 9.767720e-01 4.518274e-05 5.346856e+01 3.327694e+00 4.579156e-05 5.350025e+01 3.290128e+00 
1.225813e+02 1.247790e+02 9.767720e-01 4.518274e-05 5.346856e+01 3.327694e+00 4.579147e-05 5.350025e+01 3.288827e+00 
1.236457e+02 1.247790e+02 9.767720e-01 4.518274e-05 5.346856e+01 3.327694e+00 4.579141e-05 5.350026e+01 3.287528e+00 
1.247100e+02 1.247790e+02 9.767720e-01 4.518274e-05 5.346856e+01 3.327694e+00 4.579137e-05 5.350028e+01 3.286229e+00 
1.257743e+02 1.247790e+02 9.767720e-01 4.518274e-05 5.346856e+01 3.327694e+00 4.579136e-05 5.350032e+01 3.284930e+00 
1.268387e+02 1.247790e+02 9.767720e-01 4.518274e-05 5.346856e+01 3.327694e+00 4.579136e-05 5.350037e+01 3.283629e+00 
1.279030e+02 1.247790e+02 9.767720e-01 4.518274e-05 5.346856e+01 3.327694e+00 4.579139e-05 5.350044e+01 3.282327e+00 
1.289674e+02 1.247790e+02 9.767720e-01 4.518274e-05 5.346856e+01 3.327694e+00 4.579145e-05 5.350052e+01 3.281022e+00 
1.300317e+02 1.247790e+02 9.767720e-01 4.518274e-05 5.346856e+01 3.327694e+00 4.579152e-05 5.350062e+01 3.279713e+00 
1.310961e+02 1.247790e+02 9.767720e-01 4.518274e-05 5.346856e+01 3.327694e+00 4.579162e-05 5.350072e+01 3.278400e+00 
1.321604e+02 1.247790e+02 9.767720e-01 4.518274e-05 5.346856e+01 3.327694e+00 4.579175e-05 5.350085e+01 3.277081e+00 
1.332248e+02 1.247790e+02 9.767720e-01 4.518274e-05 5.346856e+01 3.327694e+00 4.579189e-05 5.350099e+01 3.275757e+00 
1.342891e+02 1.247790e+02 9.767720e-01 4.518274e-05 5.346856e+01 3.327694e+00 4.579206e-05 5.350114e+01 3.274425e+00 
1.353535e+02 1.247790e+02 9.767720e-01 4.518274e-05 5.346856e+01 3.327694e+00 4.579226e-05 5.350131e+01 3.273085e+00 
1.364178e+02 1.247790e+02 9.767720e-01 4.518274e-05 5.346856e+01 3.327694e+00 4.579248e-05 5.350149e+01 3.271737e+00 
1.374822e+02 1.247790e+02 9.767720e-01 4.518274e-05 5.346856e+01 3.327694e+00 4.579272e-05 5.350169e+01 3.270380e+00 
1.385465e+02 1.247790e+02 9.767720e-01 4.518274e-05 5.346856e+01 3.327694e+00 4.579299e-05 5.350190e+01 3.269011e+00 
1.396109e+02 1.247790e+02 9.767720e-01 4.518274e-05 5.346856e+01 3.327694e+00 4.579328e-05 5.350213e+01 3.267632e+00 
1.406752e+02 1.247790e+02 9.767720e-01 4.518274e-05 5.346856e+01 3.327694e+00 4.579359e-05 5.350237e+01 3.266240e+00 
1.417396e+02 1.247790e+02 9.767720e-01 4.518274e-05 5.346856e+01 3.327694e+00 4.579393e-05 5.350264e+01 3.264835e+00 
1.428039e+02 1.247790e+02 9.767720e-01 4.518274e-05 5.346856e+01 3.327694e+00 4.579430e-05 5.350291e+01 3.263416e+00 
1.438683e+02 1.247790e+02 9.767720e-01 4.518274e-05 5.346856e+01 3.327694e+00 4.579469e-05 5.350321e+01 3.261981e+00 
1.449326e+02 1.247790e+02 9.767720e-01 4.518274e-05 5.346856e+01 3.327694e+00 4.579511e-05 5.350352e+01 3.260531e+00 
1.459970e+02 1.247790e+02 9.767720e-01 4.518274e-05 5.346856e+01 3.327694e+00 4.579556e-05 5.350385e+01 3.259063e+00 
1.470613e+02 1.247790e+02 9.767720e-01 4.518274e-05 5.346856e+01 3.327694e+00 4.579603e-05 5.350420e+01 3.257578e+00 
1.481257e+02 1.247790e+02 9.767720e-01 4.518274e-05 5.346856e+01 3.327694e+00 4.579653e-05 5.350457e+01 3.256073e+00 
1.491900e+02 1.247790e+02 9.767720e-01 4.518274e-05 5.346856e+01 3.327694e+00 4.579705e-05 5.350495e+01 3.254547e+00 
