# 1    , 2      , 3      , 4      , 5      , 6      , 7       
# dmeas, Bx_siB0, By_siB0, Bz_siB0, In_siB0, Ic_siB0, Dc_siB0 
0.000000e+00 2.719408e-05 1.576443e-06 3.681697e-05 4.579839e-05 5.350341e+01 3.317728e+00 
0.000000e+00 2.719397e-05 1.575718e-06 3.681635e-05 4.579780e-05 5.350310e+01 3.316218e+00 
0.000000e+00 2.719387e-05 1.575002e-06 3.681576e-05 4.579724e-05 5.350281e+01 3.314727e+00 
0.000000e+00 2.719377e-05 1.574295e-06 3.681520e-05 4.579670e-05 5.350253e+01 3.313255e+00 
0.000000e+00 2.719367e-05 1.573597e-06 3.681466e-05 4.579619e-05 5.350227e+01 3.311801e+00 
0.000000e+00 2.719358e-05 1.572907e-06 3.681416e-05 4.579571e-05 5.350203e+01 3.310363e+00 
0.000000e+00 2.719350e-05 1.572225e-06 3.681369e-05 4.579526e-05 5.350180e+01 3.308941e+00 
0.000000e+00 2.719342e-05 1.571550e-06 3.681325e-05 4.579484e-05 5.350159e+01 3.307533e+00 
0.000000e+00 2.719334e-05 1.570881e-06 3.681284e-05 4.579443e-05 5.350140e+01 3.306139e+00 
0.000000e+00 2.719327e-05 1.570219e-06 3.681245e-05 4.579406e-05 5.350122e+01 3.304757e+00 
0.000000e+00 2.719320e-05 1.569563e-06 3.681209e-05 4.579371e-05 5.350106e+01 3.303387e+00 
0.000000e+00 2.719314e-05 1.568912e-06 3.681176e-05 4.579339e-05 5.350091e+01 3.302027e+00 
0.000000e+00 2.719309e-05 1.568266e-06 3.681146e-05 4.579309e-05 5.350078e+01 3.300678e+00 
0.000000e+00 2.719303e-05 1.567625e-06 3.681118e-05 4.579281e-05 5.350066e+01 3.299337e+00 
0.000000e+00 2.719299e-05 1.566987e-06 3.681093e-05 4.579256e-05 5.350056e+01 3.298004e+00 
0.000000e+00 2.719295e-05 1.566354e-06 3.681071e-05 4.579233e-05 5.350047e+01 3.296679e+00 
0.000000e+00 2.719291e-05 1.565723e-06 3.681051e-05 4.579213e-05 5.350040e+01 3.295359e+00 
0.000000e+00 2.719288e-05 1.565096e-06 3.681034e-05 4.579195e-05 5.350034e+01 3.294045e+00 
0.000000e+00 2.719285e-05 1.564471e-06 3.681019e-05 4.579180e-05 5.350030e+01 3.292736e+00 
0.000000e+00 2.719283e-05 1.563848e-06 3.681007e-05 4.579167e-05 5.350027e+01 3.291430e+00 
0.000000e+00 2.719281e-05 1.563226e-06 3.680998e-05 4.579156e-05 5.350025e+01 3.290128e+00 
0.000000e+00 2.719279e-05 1.562606e-06 3.680991e-05 4.579147e-05 5.350025e+01 3.288827e+00 
0.000000e+00 2.719279e-05 1.561987e-06 3.680986e-05 4.579141e-05 5.350026e+01 3.287528e+00 
0.000000e+00 2.719278e-05 1.561369e-06 3.680984e-05 4.579137e-05 5.350028e+01 3.286229e+00 
0.000000e+00 2.719278e-05 1.560750e-06 3.680985e-05 4.579136e-05 5.350032e+01 3.284930e+00 
0.000000e+00 2.719279e-05 1.560131e-06 3.680988e-05 4.579136e-05 5.350037e+01 3.283629e+00 
0.000000e+00 2.719280e-05 1.559512e-06 3.680993e-05 4.579139e-05 5.350044e+01 3.282327e+00 
0.000000e+00 2.719281e-05 1.558891e-06 3.681002e-05 4.579145e-05 5.350052e+01 3.281022e+00 
0.000000e+00 2.719283e-05 1.558269e-06 3.681012e-05 4.579152e-05 5.350062e+01 3.279713e+00 
0.000000e+00 2.719286e-05 1.557645e-06 3.681026e-05 4.579162e-05 5.350072e+01 3.278400e+00 
0.000000e+00 2.719289e-05 1.557019e-06 3.681041e-05 4.579175e-05 5.350085e+01 3.277081e+00 
0.000000e+00 2.719292e-05 1.556390e-06 3.681060e-05 4.579189e-05 5.350099e+01 3.275757e+00 
0.000000e+00 2.719296e-05 1.555758e-06 3.681081e-05 4.579206e-05 5.350114e+01 3.274425e+00 
0.000000e+00 2.719301e-05 1.555123e-06 3.681104e-05 4.579226e-05 5.350131e+01 3.273085e+00 
0.000000e+00 2.719306e-05 1.554484e-06 3.681130e-05 4.579248e-05 5.350149e+01 3.271737e+00 
0.000000e+00 2.719311e-05 1.553840e-06 3.681159e-05 4.579272e-05 5.350169e+01 3.270380e+00 
0.000000e+00 2.719317e-05 1.553192e-06 3.681191e-05 4.579299e-05 5.350190e+01 3.269011e+00 
0.000000e+00 2.719323e-05 1.552539e-06 3.681225e-05 4.579328e-05 5.350213e+01 3.267632e+00 
0.000000e+00 2.719330e-05 1.551880e-06 3.681262e-05 4.579359e-05 5.350237e+01 3.266240e+00 
0.000000e+00 2.719337e-05 1.551215e-06 3.681302e-05 4.579393e-05 5.350264e+01 3.264835e+00 
0.000000e+00 2.719345e-05 1.550544e-06 3.681345e-05 4.579430e-05 5.350291e+01 3.263416e+00 
0.000000e+00 2.719353e-05 1.549866e-06 3.681390e-05 4.579469e-05 5.350321e+01 3.261981e+00 
0.000000e+00 2.719362e-05 1.549180e-06 3.681439e-05 4.579511e-05 5.350352e+01 3.260531e+00 
0.000000e+00 2.719371e-05 1.548486e-06 3.681490e-05 4.579556e-05 5.350385e+01 3.259063e+00 
0.000000e+00 2.719381e-05 1.547785e-06 3.681545e-05 4.579603e-05 5.350420e+01 3.257578e+00 
0.000000e+00 2.719391e-05 1.547074e-06 3.681602e-05 4.579653e-05 5.350457e+01 3.256073e+00 
0.000000e+00 2.719402e-05 1.546354e-06 3.681663e-05 4.579705e-05 5.350495e+01 3.254547e+00 
