# 1,2,3, 4    , 5    , 6    , 7    , 8    , 9     
# x,y,z, Bx_si, By_si, Bz_si, In_si, Ic_si, Dc_si 
1.002300e+02 1.247790e+02 9.767720e-01 1.524308e-08 3.437792e-07 -5.112736e-07 6.162931e-07 5.605715e+01 2.538816e+00 
1.012943e+02 1.247790e+02 9.767720e-01 1.451752e-08 3.436699e-07 -5.106492e-07 6.156967e-07 5.603555e+01 2.418886e+00 
1.023587e+02 1.247790e+02 9.767720e-01 1.380165e-08 3.435655e-07 -5.100565e-07 6.151304e-07 5.601505e+01 2.300439e+00 
1.034230e+02 1.247790e+02 9.767720e-01 1.309495e-08 3.434659e-07 -5.094951e-07 6.145938e-07 5.599562e+01 2.183397e+00 
1.044874e+02 1.247790e+02 9.767720e-01 1.239691e-08 3.433711e-07 -5.089641e-07 6.140862e-07 5.597725e+01 2.067681e+00 
1.055517e+02 1.247790e+02 9.767720e-01 1.170701e-08 3.432811e-07 -5.084632e-07 6.136072e-07 5.595991e+01 1.953216e+00 
1.066161e+02 1.247790e+02 9.767720e-01 1.102477e-08 3.431959e-07 -5.079919e-07 6.131563e-07 5.594359e+01 1.839928e+00 
1.076804e+02 1.247790e+02 9.767720e-01 1.034972e-08 3.431155e-07 -5.075495e-07 6.127331e-07 5.592828e+01 1.727743e+00 
1.087448e+02 1.247790e+02 9.767720e-01 9.681387e-09 3.430399e-07 -5.071357e-07 6.123371e-07 5.591396e+01 1.616592e+00 
1.098091e+02 1.247790e+02 9.767720e-01 9.019315e-09 3.429691e-07 -5.067501e-07 6.119680e-07 5.590061e+01 1.506403e+00 
1.108735e+02 1.247790e+02 9.767720e-01 8.363056e-09 3.429032e-07 -5.063922e-07 6.116253e-07 5.588822e+01 1.397108e+00 
1.119378e+02 1.247790e+02 9.767720e-01 7.712168e-09 3.428420e-07 -5.060617e-07 6.113089e-07 5.587678e+01 1.288641e+00 
1.130022e+02 1.247790e+02 9.767720e-01 7.066220e-09 3.427856e-07 -5.057584e-07 6.110183e-07 5.586628e+01 1.180934e+00 
1.140665e+02 1.247790e+02 9.767720e-01 6.424784e-09 3.427340e-07 -5.054818e-07 6.107534e-07 5.585671e+01 1.073923e+00 
1.151309e+02 1.247790e+02 9.767720e-01 5.787441e-09 3.426872e-07 -5.052317e-07 6.105137e-07 5.584805e+01 9.675425e-01 
1.161952e+02 1.247790e+02 9.767720e-01 5.153776e-09 3.426452e-07 -5.050078e-07 6.102993e-07 5.584030e+01 8.617292e-01 
1.172596e+02 1.247790e+02 9.767720e-01 4.523381e-09 3.426080e-07 -5.048101e-07 6.101097e-07 5.583346e+01 7.564202e-01 
1.183239e+02 1.247790e+02 9.767720e-01 3.895849e-09 3.425755e-07 -5.046381e-07 6.099449e-07 5.582751e+01 6.515529e-01 
1.193883e+02 1.247790e+02 9.767720e-01 3.270780e-09 3.425479e-07 -5.044919e-07 6.098047e-07 5.582244e+01 5.470656e-01 
1.204526e+02 1.247790e+02 9.767720e-01 2.647776e-09 3.425250e-07 -5.043712e-07 6.096890e-07 5.581827e+01 4.428971e-01 
1.215170e+02 1.247790e+02 9.767720e-01 2.026441e-09 3.425070e-07 -5.042759e-07 6.095977e-07 5.581497e+01 3.389863e-01 
1.225813e+02 1.247790e+02 9.767720e-01 1.406383e-09 3.424937e-07 -5.042059e-07 6.095306e-07 5.581255e+01 2.352726e-01 
1.236457e+02 1.247790e+02 9.767720e-01 7.872112e-10 3.424852e-07 -5.041612e-07 6.094877e-07 5.581100e+01 1.316956e-01 
1.247100e+02 1.247790e+02 9.767720e-01 1.685345e-10 3.424815e-07 -5.041418e-07 6.094691e-07 5.581033e+01 2.819514e-02 
1.257743e+02 1.247790e+02 9.767720e-01 -4.500362e-10 3.424826e-07 -5.041475e-07 6.094746e-07 5.581052e+01 -7.528896e-02 
1.268387e+02 1.247790e+02 9.767720e-01 -1.068890e-09 3.424885e-07 -5.041784e-07 6.095042e-07 5.581160e+01 -1.788168e-01 
1.279030e+02 1.247790e+02 9.767720e-01 -1.688417e-09 3.424992e-07 -5.042346e-07 6.095581e-07 5.581354e+01 -2.824485e-01 
1.289674e+02 1.247790e+02 9.767720e-01 -2.309007e-09 3.425146e-07 -5.043161e-07 6.096362e-07 5.581636e+01 -3.862444e-01 
1.300317e+02 1.247790e+02 9.767720e-01 -2.931052e-09 3.425349e-07 -5.044229e-07 6.097386e-07 5.582006e+01 -4.902650e-01 
1.310961e+02 1.247790e+02 9.767720e-01 -3.554947e-09 3.425599e-07 -5.045553e-07 6.098655e-07 5.582464e+01 -5.945710e-01 
1.321604e+02 1.247790e+02 9.767720e-01 -4.181087e-09 3.425897e-07 -5.047132e-07 6.100169e-07 5.583010e+01 -6.992235e-01 
1.332248e+02 1.247790e+02 9.767720e-01 -4.809872e-09 3.426243e-07 -5.048968e-07 6.101929e-07 5.583646e+01 -8.042841e-01 
1.342891e+02 1.247790e+02 9.767720e-01 -5.441705e-09 3.426637e-07 -5.051065e-07 6.103938e-07 5.584372e+01 -9.098149e-01 
1.353535e+02 1.247790e+02 9.767720e-01 -6.076993e-09 3.427079e-07 -5.053422e-07 6.106197e-07 5.585188e+01 -1.015878e+00 
1.364178e+02 1.247790e+02 9.767720e-01 -6.716147e-09 3.427569e-07 -5.056043e-07 6.108708e-07 5.586095e+01 -1.122538e+00 
1.374822e+02 1.247790e+02 9.767720e-01 -7.359584e-09 3.428106e-07 -5.058931e-07 6.111474e-07 5.587095e+01 -1.229858e+00 
1.385465e+02 1.247790e+02 9.767720e-01 -8.007727e-09 3.428692e-07 -5.062087e-07 6.114497e-07 5.588187e+01 -1.337902e+00 
1.396109e+02 1.247790e+02 9.767720e-01 -8.661005e-09 3.429326e-07 -5.065516e-07 6.117780e-07 5.589374e+01 -1.446738e+00 
1.406752e+02 1.247790e+02 9.767720e-01 -9.319854e-09 3.430008e-07 -5.069221e-07 6.121326e-07 5.590657e+01 -1.556431e+00 
1.417396e+02 1.247790e+02 9.767720e-01 -9.984719e-09 3.430737e-07 -5.073205e-07 6.125140e-07 5.592036e+01 -1.667049e+00 
1.428039e+02 1.247790e+02 9.767720e-01 -1.065605e-08 3.431515e-07 -5.077472e-07 6.129223e-07 5.593513e+01 -1.778662e+00 
1.438683e+02 1.247790e+02 9.767720e-01 -1.133431e-08 3.432341e-07 -5.082027e-07 6.133581e-07 5.595089e+01 -1.891340e+00 
1.449326e+02 1.247790e+02 9.767720e-01 -1.201998e-08 3.433215e-07 -5.086875e-07 6.138217e-07 5.596767e+01 -2.005155e+00 
1.459970e+02 1.247790e+02 9.767720e-01 -1.271352e-08 3.434136e-07 -5.092020e-07 6.143136e-07 5.598548e+01 -2.120180e+00 
1.470613e+02 1.247790e+02 9.767720e-01 -1.341545e-08 3.435106e-07 -5.097467e-07 6.148343e-07 5.600433e+01 -2.236490e+00 
1.481257e+02 1.247790e+02 9.767720e-01 -1.412625e-08 3.436124e-07 -5.103223e-07 6.153844e-07 5.602424e+01 -2.354161e+00 
1.491900e+02 1.247790e+02 9.767720e-01 -1.484646e-08 3.437191e-07 -5.109294e-07 6.159643e-07 5.604524e+01 -2.473273e+00 
