# 1    , 2      , 3      , 4      , 5      , 6      , 7       
# dmeas, Bx_siB0, By_siB0, Bz_siB0, In_siB0, Ic_siB0, Dc_siB0 
0.000000e+00 2.656570e-05 3.854769e-07 3.552325e-05 4.435974e-05 5.320650e+01 8.313219e-01 
1.462917e+00 2.678229e-05 5.789341e-07 3.518075e-05 4.421890e-05 5.271237e+01 1.238330e+00 
3.141891e+00 2.711091e-05 6.333522e-07 3.520997e-05 4.444260e-05 5.239695e+01 1.338273e+00 
5.068891e+00 2.684792e-05 6.568266e-07 3.502622e-05 4.413704e-05 5.252122e+01 1.401445e+00 
6.850777e+00 2.720886e-05 6.600774e-07 3.494904e-05 4.429665e-05 5.209002e+01 1.389703e+00 
7.898114e+00 2.696274e-05 7.814053e-07 3.465435e-05 4.391496e-05 5.210373e+01 1.660021e+00 
9.905640e+00 2.732427e-05 7.054061e-07 3.487813e-05 4.431249e-05 5.191483e+01 1.478825e+00 
1.175228e+01 2.757674e-05 1.463290e-06 3.421921e-05 4.397240e-05 5.109583e+01 3.037408e+00 
1.408905e+01 2.813057e-05 1.577070e-06 3.414778e-05 4.427062e-05 5.047455e+01 3.208785e+00 
1.616467e+01 2.862826e-05 1.796777e-06 3.489152e-05 4.516884e-05 5.057611e+01 3.591308e+00 
1.914335e+01 2.885832e-05 1.626515e-06 3.556572e-05 4.582978e-05 5.089937e+01 3.225896e+00 
2.129784e+01 2.911403e-05 1.498416e-06 3.603445e-05 4.635034e-05 5.102647e+01 2.946251e+00 
2.294425e+01 2.866296e-05 7.238904e-07 3.667614e-05 4.655351e-05 5.198297e+01 1.446712e+00 
2.543644e+01 2.805019e-05 3.529260e-07 3.622413e-05 4.581621e-05 5.224536e+01 7.208544e-01 
2.651729e+01 2.802600e-05 5.809930e-07 3.620104e-05 4.578547e-05 5.224785e+01 1.187600e+00 
2.789295e+01 2.761638e-05 4.134779e-07 3.627727e-05 4.559469e-05 5.271639e+01 8.577795e-01 
2.990289e+01 2.769624e-05 8.161024e-07 3.577220e-05 4.524818e-05 5.223952e+01 1.687799e+00 
3.085429e+01 2.752551e-05 8.043349e-07 3.565995e-05 4.505478e-05 5.232403e+01 1.673788e+00 
3.269822e+01 2.713572e-05 9.969021e-07 3.541421e-05 4.462630e-05 5.252063e+01 2.103965e+00 
3.451545e+01 2.753539e-05 1.050128e-06 3.586950e-05 4.523187e-05 5.246808e+01 2.184054e+00 
3.640440e+01 2.759576e-05 1.095799e-06 3.563870e-05 4.508707e-05 5.222682e+01 2.273962e+00 
3.803504e+01 2.752945e-05 1.154717e-06 3.548250e-05 4.492451e-05 5.216915e+01 2.401850e+00 
3.905805e+01 2.768310e-05 1.088680e-06 3.565384e-05 4.515236e-05 5.215132e+01 2.252084e+00 
4.164617e+01 2.766217e-05 1.015371e-06 3.564832e-05 4.513346e-05 5.217078e+01 2.102162e+00 
4.279082e+01 2.734025e-05 1.428720e-06 3.607522e-05 4.528744e-05 5.280506e+01 2.991386e+00 
4.524777e+01 2.740742e-05 7.967249e-07 3.542164e-05 4.479391e-05 5.225745e+01 1.665101e+00 
4.726816e+01 2.756597e-05 1.315437e-06 3.591946e-05 4.529703e-05 5.246451e+01 2.732059e+00 
4.909311e+01 2.782906e-05 1.453609e-06 3.527778e-05 4.495655e-05 5.169371e+01 2.990042e+00 
5.032032e+01 2.744755e-05 1.457903e-06 3.541479e-05 4.482969e-05 5.218413e+01 3.040464e+00 
5.163004e+01 2.775110e-05 1.754229e-06 3.531836e-05 4.495095e-05 5.178630e+01 3.617024e+00 
5.272181e+01 2.792985e-05 1.850924e-06 3.550490e-05 4.521173e-05 5.174869e+01 3.791473e+00 
5.463879e+01 2.818047e-05 1.780760e-06 3.590973e-05 4.568171e-05 5.182118e+01 3.615787e+00 
5.577126e+01 2.860531e-05 1.742115e-06 3.710973e-05 4.688742e-05 5.232257e+01 3.485111e+00 
5.702038e+01 2.816469e-05 1.507750e-06 3.741239e-05 4.685307e-05 5.298753e+01 3.064310e+00 
5.874908e+01 2.764708e-05 1.445944e-06 3.732210e-05 4.646925e-05 5.343264e+01 2.993845e+00 
5.986494e+01 2.762138e-05 1.194159e-06 3.737584e-05 4.649000e-05 5.350940e+01 2.475534e+00 
6.085990e+01 2.743589e-05 1.054333e-06 3.731634e-05 4.632870e-05 5.365558e+01 2.200735e+00 
6.211224e+01 2.716737e-05 1.120565e-06 3.695888e-05 4.588334e-05 5.365826e+01 2.361924e+00 
6.438260e+01 2.693996e-05 9.398816e-07 3.680020e-05 4.561688e-05 5.377702e+01 1.998125e+00 
