# 1      , 2      , 3      , 4    , 5     , 6      , 7      , 8      ,                    9              , 10  , 11  , 12  , 13    , 14      
# IGRF_In, IGRF_Ic, IGRF_Dc, dmeas, height, In_siB0, Ic_siB0, Dc_siB0,                    height m (-poh), In_m, Ic_m, Dc_m, min hP, max hP  
4.515490e-05 5.338396e+01 3.320776e+00 0.000000e+00 1.618170e+03 4.435974e-05 5.320650e+01 8.313219e-01 1.618200e+03 4.512688e+01 5.734835e+01 -5.014028e-01 1.614880e+03 1.619894e+03 
4.515490e-05 5.338396e+01 3.320776e+00 1.462917e+00 1.617876e+03 4.421890e-05 5.271237e+01 1.238330e+00 1.617500e+03 4.395462e+01 5.644628e+01 2.832817e-01 1.614880e+03 1.619894e+03 
4.515490e-05 5.338396e+01 3.320776e+00 3.141891e+00 1.617986e+03 4.444260e-05 5.239695e+01 1.338273e+00 1.616600e+03 4.285185e+01 5.445528e+01 1.212275e+00 1.614880e+03 1.619894e+03 
4.515490e-05 5.338396e+01 3.320776e+00 5.068891e+00 1.617294e+03 4.413704e-05 5.252122e+01 1.401445e+00 1.616100e+03 4.356360e+01 5.366400e+01 8.842551e-01 1.614880e+03 1.619894e+03 
4.515490e-05 5.338396e+01 3.320776e+00 6.850777e+00 1.616634e+03 4.429665e-05 5.209002e+01 1.389703e+00 1.615600e+03 4.366848e+01 5.436744e+01 -4.159297e-01 1.614880e+03 1.619894e+03 
4.515490e-05 5.338396e+01 3.320776e+00 7.898114e+00 1.616332e+03 4.391496e-05 5.210373e+01 1.660021e+00 1.615000e+03 4.361484e+01 5.383399e+01 2.539456e-01 1.614880e+03 1.619894e+03 
4.515490e-05 5.338396e+01 3.320776e+00 9.905640e+00 1.615742e+03 4.431249e-05 5.191483e+01 1.478825e+00 1.615200e+03 4.390633e+01 5.353076e+01 -2.788915e-01 1.614880e+03 1.619894e+03 
4.515490e-05 5.338396e+01 3.320776e+00 1.175228e+01 1.615105e+03 4.397240e-05 5.109583e+01 3.037408e+00 1.614500e+03 4.341071e+01 5.286854e+01 -8.125821e-01 1.614880e+03 1.619894e+03 
4.515490e-05 5.338396e+01 3.320776e+00 1.408905e+01 1.614880e+03 4.427062e-05 5.047455e+01 3.208785e+00 1.613000e+03 4.299787e+01 5.236421e+01 1.028947e+00 1.614880e+03 1.619894e+03 
4.515490e-05 5.338396e+01 3.320776e+00 1.616467e+01 1.615514e+03 4.516884e-05 5.057611e+01 3.591308e+00 1.613300e+03 4.267101e+01 5.165917e+01 3.401041e-01 1.614880e+03 1.619894e+03 
4.515490e-05 5.338396e+01 3.320776e+00 1.914335e+01 1.615862e+03 4.582978e-05 5.089937e+01 3.225896e+00 1.613500e+03 4.329734e+01 5.253257e+01 4.027359e+00 1.614880e+03 1.619894e+03 
4.515490e-05 5.338396e+01 3.320776e+00 2.129784e+01 1.615636e+03 4.635034e-05 5.102647e+01 2.946251e+00 1.613300e+03 4.332295e+01 5.205669e+01 2.739215e+00 1.614880e+03 1.619894e+03 
4.515490e-05 5.338396e+01 3.320776e+00 2.294425e+01 1.616363e+03 4.655351e-05 5.198297e+01 1.446712e+00 1.613200e+03 4.392894e+01 5.136204e+01 2.961996e+00 1.614880e+03 1.619894e+03 
4.515490e-05 5.338396e+01 3.320776e+00 2.543644e+01 1.616661e+03 4.581621e-05 5.224536e+01 7.208544e-01 1.613800e+03 4.467428e+01 5.180661e+01 6.120830e+00 1.614880e+03 1.619894e+03 
4.515490e-05 5.338396e+01 3.320776e+00 2.651729e+01 1.616180e+03 4.578547e-05 5.224785e+01 1.187600e+00 1.615100e+03 4.522401e+01 5.240837e+01 3.259048e+00 1.614880e+03 1.619894e+03 
4.515490e-05 5.338396e+01 3.320776e+00 2.789295e+01 1.615752e+03 4.559469e-05 5.271639e+01 8.577795e-01 1.615100e+03 4.557778e+01 5.331225e+01 2.814648e+00 1.614880e+03 1.619894e+03 
4.515490e-05 5.338396e+01 3.320776e+00 2.990289e+01 1.615463e+03 4.524818e-05 5.223952e+01 1.687799e+00 1.614700e+03 4.530444e+01 5.340551e+01 -9.415508e-01 1.614880e+03 1.619894e+03 
4.515490e-05 5.338396e+01 3.320776e+00 3.085429e+01 1.615374e+03 4.505478e-05 5.232403e+01 1.673788e+00 1.614400e+03 4.468424e+01 5.303881e+01 -7.871670e-01 1.614880e+03 1.619894e+03 
4.515490e-05 5.338396e+01 3.320776e+00 3.269822e+01 1.615365e+03 4.462630e-05 5.252063e+01 2.103965e+00 1.614200e+03 4.461770e+01 5.367143e+01 -6.985970e-01 1.614880e+03 1.619894e+03 
4.515490e-05 5.338396e+01 3.320776e+00 3.451545e+01 1.615339e+03 4.523187e-05 5.246808e+01 2.184054e+00 1.614400e+03 4.464994e+01 5.332784e+01 -6.710090e-01 1.614880e+03 1.619894e+03 
4.515490e-05 5.338396e+01 3.320776e+00 3.640440e+01 1.615552e+03 4.508707e-05 5.222682e+01 2.273962e+00 1.614700e+03 4.484232e+01 5.399804e+01 -3.772879e-02 1.614880e+03 1.619894e+03 
4.515490e-05 5.338396e+01 3.320776e+00 3.803504e+01 1.615797e+03 4.492451e-05 5.216915e+01 2.401850e+00 1.614900e+03 4.463657e+01 5.362991e+01 -7.089642e-01 1.614880e+03 1.619894e+03 
4.515490e-05 5.338396e+01 3.320776e+00 3.905805e+01 1.615999e+03 4.515236e-05 5.215132e+01 2.252084e+00 1.614300e+03 4.440615e+01 5.348960e+01 4.315544e-01 1.614880e+03 1.619894e+03 
4.515490e-05 5.338396e+01 3.320776e+00 4.164617e+01 1.615708e+03 4.513346e-05 5.217078e+01 2.102162e+00 1.613200e+03 4.485111e+01 5.344340e+01 9.013794e-01 1.614880e+03 1.619894e+03 
4.515490e-05 5.338396e+01 3.320776e+00 4.279082e+01 1.615915e+03 4.528744e-05 5.280506e+01 2.991386e+00 1.613300e+03 4.509406e+01 5.216403e+01 nan 1.614880e+03 1.619894e+03 
4.515490e-05 5.338396e+01 3.320776e+00 4.524777e+01 1.616452e+03 4.479391e-05 5.225745e+01 1.665101e+00 1.614900e+03 4.543660e+01 5.433327e+01 -8.227240e-01 1.614880e+03 1.619894e+03 
4.515490e-05 5.338396e+01 3.320776e+00 4.726816e+01 1.616632e+03 4.529703e-05 5.246451e+01 2.732059e+00 1.615500e+03 4.507020e+01 5.541482e+01 -3.832664e-01 1.614880e+03 1.619894e+03 
4.515490e-05 5.338396e+01 3.320776e+00 4.909311e+01 1.616584e+03 4.495655e-05 5.169371e+01 2.990042e+00 1.614300e+03 4.318558e+01 5.366140e+01 nan 1.614880e+03 1.619894e+03 
4.515490e-05 5.338396e+01 3.320776e+00 5.032032e+01 1.616498e+03 4.482969e-05 5.218413e+01 3.040464e+00 1.614300e+03 4.387436e+01 5.201117e+01 nan 1.614880e+03 1.619894e+03 
4.515490e-05 5.338396e+01 3.320776e+00 5.163004e+01 1.616453e+03 4.495095e-05 5.178630e+01 3.617024e+00 1.615200e+03 4.523039e+01 5.308611e+01 nan 1.614880e+03 1.619894e+03 
4.515490e-05 5.338396e+01 3.320776e+00 5.272181e+01 1.616749e+03 4.521173e-05 5.174869e+01 3.791473e+00 1.615000e+03 4.552137e+01 5.269957e+01 nan 1.614880e+03 1.619894e+03 
4.515490e-05 5.338396e+01 3.320776e+00 5.463879e+01 1.617856e+03 4.568171e-05 5.182118e+01 3.615787e+00 1.615400e+03 4.529151e+01 5.342410e+01 nan 1.614880e+03 1.619894e+03 
4.515490e-05 5.338396e+01 3.320776e+00 5.577126e+01 1.618549e+03 4.688742e-05 5.232257e+01 3.485111e+00 1.615600e+03 4.482296e+01 5.254019e+01 nan 1.614880e+03 1.619894e+03 
4.515490e-05 5.338396e+01 3.320776e+00 5.702038e+01 1.619246e+03 4.685307e-05 5.298753e+01 3.064310e+00 1.615800e+03 4.482325e+01 5.144452e+01 nan 1.614880e+03 1.619894e+03 
4.515490e-05 5.338396e+01 3.320776e+00 5.874908e+01 1.619736e+03 4.646925e-05 5.343264e+01 2.993845e+00 1.617300e+03 4.659160e+01 5.444346e+01 nan 1.614880e+03 1.619894e+03 
4.515490e-05 5.338396e+01 3.320776e+00 5.986494e+01 1.619887e+03 4.649000e-05 5.350940e+01 2.475534e+00 1.618500e+03 4.670509e+01 5.460439e+01 nan 1.614880e+03 1.619894e+03 
4.515490e-05 5.338396e+01 3.320776e+00 6.085990e+01 1.619894e+03 4.632870e-05 5.365558e+01 2.200735e+00 1.619100e+03 4.662606e+01 5.522972e+01 2.790895e+00 1.614880e+03 1.619894e+03 
4.515490e-05 5.338396e+01 3.320776e+00 6.211224e+01 1.619725e+03 4.588334e-05 5.365826e+01 2.361924e+00 1.619900e+03 4.641214e+01 5.582490e+01 1.317295e+00 1.614880e+03 1.619894e+03 
4.515490e-05 5.338396e+01 3.320776e+00 6.438260e+01 1.619484e+03 4.561688e-05 5.377702e+01 1.998125e+00 1.619900e+03 4.642373e+01 5.581759e+01 1.604701e+00 1.614880e+03 1.619894e+03 
