# 1, 2, 3, 4   , 5   , 6   , 7   , 8   , 9   , 10  
# x, y, z, Bx_si, By_si, Bz_si, In_si, Ic_si, Dc_si, dmeas 
5.017023e+05 4.171114e+06 1.618170e+03 -1.174623e-06 -3.216992e-07 7.203519e-07 1.414969e-06 -3.060349e+01 -1.053163e+02 0.000000e+00 
5.017025e+05 4.171115e+06 1.617876e+03 -9.811659e-07 -1.051088e-07 1.062851e-06 1.450306e-06 -4.712554e+01 -9.611457e+01 1.462917e+00 
5.017017e+05 4.171116e+06 1.617986e+03 -9.267478e-07 2.235146e-07 1.033634e-06 1.406136e-06 -4.731466e+01 -7.644027e+01 3.141891e+00 
5.017033e+05 4.171118e+06 1.617294e+03 -9.032734e-07 -3.947521e-08 1.217379e-06 1.516402e-06 -5.339909e+01 -9.250237e+01 5.068891e+00 
5.017051e+05 4.171118e+06 1.616634e+03 -9.000226e-07 3.214590e-07 1.294557e-06 1.609116e-06 -5.356338e+01 -7.034491e+01 6.850777e+00 
5.017057e+05 4.171119e+06 1.616332e+03 -7.786947e-07 7.533584e-08 1.589245e-06 1.771367e-06 -6.379057e+01 -8.447404e+01 7.898114e+00 
5.017070e+05 4.171120e+06 1.615742e+03 -8.546939e-07 4.368695e-07 1.365473e-06 1.669094e-06 -5.489431e+01 -6.292654e+01 9.905640e+00 
5.017086e+05 4.171121e+06 1.615105e+03 -9.680976e-08 6.893367e-07 2.024386e-06 2.140723e-06 -7.102406e+01 -7.994279e+00 1.175228e+01 
5.017102e+05 4.171123e+06 1.614880e+03 1.696998e-08 1.243172e-06 2.095815e-06 2.436844e-06 -5.932256e+01 7.820702e-01 1.408905e+01 
5.017116e+05 4.171124e+06 1.615514e+03 2.366774e-07 1.740863e-06 1.352080e-06 2.216921e-06 -3.758161e+01 7.742125e+00 1.616467e+01 
5.017146e+05 4.171125e+06 1.615862e+03 6.641488e-08 1.970925e-06 6.778822e-07 2.085301e-06 -1.897021e+01 1.929984e+00 1.914335e+01 
5.017166e+05 4.171124e+06 1.615636e+03 -6.168357e-08 2.226634e-06 2.091468e-07 2.237286e-06 -5.363978e+00 -1.586837e+00 2.129784e+01 
5.017177e+05 4.171125e+06 1.616363e+03 -8.362096e-07 1.775561e-06 -4.325441e-07 2.009715e-06 1.242882e+01 -2.521834e+01 2.294425e+01 
5.017198e+05 4.171127e+06 1.616661e+03 -1.207174e-06 1.162789e-06 1.947478e-08 1.676224e-06 -6.656913e-01 -4.607292e+01 2.543644e+01 
5.017208e+05 4.171126e+06 1.616180e+03 -9.791070e-07 1.138597e-06 4.255845e-08 1.502287e-06 -1.623356e+00 -4.069302e+01 2.651729e+01 
5.017222e+05 4.171126e+06 1.615752e+03 -1.146622e-06 7.289847e-07 -3.366741e-08 1.359152e-06 1.419413e+00 -5.755314e+01 2.789295e+01 
5.017238e+05 4.171127e+06 1.615463e+03 -7.439976e-07 8.088440e-07 4.714036e-07 1.195819e-06 -2.321671e+01 -4.260873e+01 2.990289e+01 
5.017247e+05 4.171127e+06 1.615374e+03 -7.557651e-07 6.381126e-07 5.836464e-07 1.148482e-06 -3.054329e+01 -4.982470e+01 3.085429e+01 
5.017260e+05 4.171129e+06 1.615365e+03 -5.631979e-07 2.483162e-07 8.293930e-07 1.032834e-06 -5.342010e+01 -6.620713e+01 3.269822e+01 
5.017273e+05 4.171130e+06 1.615339e+03 -5.099716e-07 6.479880e-07 3.740962e-07 9.054874e-07 -2.440245e+01 -3.820302e+01 3.451545e+01 
5.017274e+05 4.171132e+06 1.615552e+03 -4.643009e-07 7.083589e-07 6.048964e-07 1.040792e-06 -3.553420e+01 -3.324324e+01 3.640440e+01 
5.017271e+05 4.171134e+06 1.615797e+03 -4.053834e-07 6.420549e-07 7.611043e-07 1.075105e-06 -4.506716e+01 -3.226767e+01 3.803504e+01 
5.017275e+05 4.171135e+06 1.615999e+03 -4.714198e-07 7.956992e-07 5.897618e-07 1.096901e-06 -3.252460e+01 -3.064504e+01 3.905805e+01 
5.017300e+05 4.171135e+06 1.615708e+03 -5.447290e-07 7.747689e-07 5.952804e-07 1.118640e-06 -3.215061e+01 -3.511051e+01 4.164617e+01 
5.017300e+05 4.171136e+06 1.615915e+03 -1.313795e-07 4.528533e-07 1.683834e-07 5.006891e-07 -1.965181e+01 -1.617824e+01 4.279082e+01 
5.017292e+05 4.171139e+06 1.616452e+03 -7.633751e-07 5.200233e-07 8.219607e-07 1.236441e-06 -4.166544e+01 -5.573669e+01 4.524777e+01 
5.017304e+05 4.171140e+06 1.616632e+03 -2.446629e-07 6.785689e-07 3.241365e-07 7.908098e-07 -2.419725e+01 -1.982713e+01 4.726816e+01 
5.017319e+05 4.171141e+06 1.616584e+03 -1.064909e-07 9.416588e-07 9.658194e-07 1.353096e-06 -4.554370e+01 -6.452087e+00 4.909311e+01 
5.017329e+05 4.171142e+06 1.616498e+03 -1.021966e-07 5.601482e-07 8.288065e-07 1.005550e-06 -5.551073e+01 -1.033964e+01 5.032032e+01 
5.017342e+05 4.171142e+06 1.616453e+03 1.941293e-07 8.636959e-07 9.252353e-07 1.280514e-06 -4.626539e+01 1.266761e+01 5.163004e+01 
5.017351e+05 4.171143e+06 1.616749e+03 2.908241e-07 1.042454e-06 7.387017e-07 1.310332e-06 -3.431564e+01 1.558805e+01 5.272181e+01 
5.017360e+05 4.171145e+06 1.617856e+03 2.206603e-07 1.293071e-06 3.338692e-07 1.353585e-06 -1.427969e+01 9.684139e+00 5.463879e+01 
5.017364e+05 4.171146e+06 1.618549e+03 1.820146e-07 1.717909e-06 -8.661263e-07 1.932489e-06 2.662774e+01 6.047994e+00 5.577126e+01 
5.017370e+05 4.171147e+06 1.619246e+03 -5.234993e-08 1.277291e-06 -1.168786e-06 1.732130e-06 4.243616e+01 -2.346961e+00 5.702038e+01 
5.017386e+05 4.171148e+06 1.619736e+03 -1.141559e-07 7.596804e-07 -1.078498e-06 1.324124e-06 5.453790e+01 -8.545800e+00 5.874908e+01 
5.017396e+05 4.171148e+06 1.619887e+03 -3.659414e-07 7.339765e-07 -1.132239e-06 1.398070e-06 5.408212e+01 -2.649964e+01 5.986494e+01 
5.017405e+05 4.171149e+06 1.619894e+03 -5.057669e-07 5.484854e-07 -1.072736e-06 1.306675e-06 5.518165e+01 -4.267963e+01 6.085990e+01 
5.017417e+05 4.171149e+06 1.619725e+03 -4.395351e-07 2.799727e-07 -7.152840e-07 8.849898e-07 5.392431e+01 -5.750390e+01 6.211224e+01 
5.017438e+05 4.171149e+06 1.619484e+03 -6.202184e-07 5.255974e-08 -5.566028e-07 8.350090e-07 4.180388e+01 -8.515610e+01 6.438260e+01 
