# 1, 2, 3, 4   , 5   , 6   , 7   , 8   , 9   , 10  
# x, y, z, Bx_si, By_si, Bz_si, In_si, Ic_si, Dc_si, dmeas 
5.017023e+05 4.171114e+06 1.618827e+03 -4.584426e-07 9.673609e-08 1.461027e-06 1.534316e-06 7.221944e+01 1.680848e+02 0.000000e+00 
5.017025e+05 4.171115e+06 1.618827e+03 -4.623810e-07 9.496082e-08 1.457279e-06 1.531821e-06 7.205219e+01 1.683943e+02 1.462917e+00 
5.017017e+05 4.171116e+06 1.618827e+03 -4.658192e-07 9.683017e-08 1.456225e-06 1.531978e-06 7.190679e+01 1.682571e+02 3.141891e+00 
5.017033e+05 4.171118e+06 1.618827e+03 -4.698135e-07 9.066835e-08 1.450284e-06 1.527176e-06 7.174107e+01 1.690769e+02 5.068891e+00 
5.017051e+05 4.171118e+06 1.618827e+03 -4.716333e-07 8.471758e-08 1.445810e-06 1.523149e-06 7.166337e+01 1.698168e+02 6.850777e+00 
5.017057e+05 4.171119e+06 1.618827e+03 -4.744851e-07 8.230540e-08 1.442896e-06 1.521138e-06 7.154342e+01 1.701592e+02 7.898114e+00 
5.017070e+05 4.171120e+06 1.618827e+03 -4.796945e-07 7.720919e-08 1.437392e-06 1.517289e-06 7.132368e+01 1.708564e+02 9.905640e+00 
5.017086e+05 4.171121e+06 1.618827e+03 -4.837790e-07 7.201001e-08 1.432581e-06 1.513775e-06 7.114917e+01 1.715337e+02 1.175228e+01 
5.017102e+05 4.171123e+06 1.618827e+03 -4.899424e-07 6.630250e-08 1.426831e-06 1.510061e-06 7.088839e+01 1.722931e+02 1.408905e+01 
5.017116e+05 4.171124e+06 1.618827e+03 -4.957145e-07 6.154139e-08 1.422069e-06 1.507249e-06 7.064551e+01 1.729231e+02 1.616467e+01 
5.017146e+05 4.171125e+06 1.618827e+03 -4.981452e-07 5.327628e-08 1.416909e-06 1.502870e-06 7.052760e+01 1.738955e+02 1.914335e+01 
5.017166e+05 4.171124e+06 1.618827e+03 -4.967078e-07 4.811741e-08 1.415020e-06 1.500438e-06 7.057385e+01 1.744669e+02 2.129784e+01 
5.017177e+05 4.171125e+06 1.618827e+03 -5.012204e-07 4.472028e-08 1.411826e-06 1.498824e-06 7.038261e+01 1.749014e+02 2.294425e+01 
5.017198e+05 4.171127e+06 1.618827e+03 -5.066372e-07 3.891166e-08 1.407527e-06 1.496438e-06 7.014998e+01 1.756081e+02 2.543644e+01 
5.017208e+05 4.171126e+06 1.618827e+03 -5.052561e-07 3.665365e-08 1.407121e-06 1.495532e-06 7.020039e+01 1.758508e+02 2.651729e+01 
5.017222e+05 4.171126e+06 1.618827e+03 -5.055918e-07 3.326955e-08 1.405784e-06 1.494309e-06 7.017937e+01 1.762352e+02 2.789295e+01 
5.017238e+05 4.171127e+06 1.618827e+03 -5.102816e-07 2.902229e-08 1.402784e-06 1.492995e-06 6.998072e+01 1.767448e+02 2.990289e+01 
5.017247e+05 4.171127e+06 1.618827e+03 -5.111581e-07 2.675057e-08 1.401808e-06 1.492335e-06 6.994079e+01 1.770043e+02 3.085429e+01 
5.017260e+05 4.171129e+06 1.618827e+03 -5.164644e-07 2.350718e-08 1.399250e-06 1.491707e-06 6.972159e+01 1.773939e+02 3.269822e+01 
5.017273e+05 4.171130e+06 1.618827e+03 -5.217339e-07 2.034251e-08 1.396961e-06 1.491348e-06 6.950619e+01 1.777672e+02 3.451545e+01 
5.017274e+05 4.171132e+06 1.618827e+03 -5.292674e-07 1.975264e-08 1.394966e-06 1.492127e-06 6.920940e+01 1.778627e+02 3.640440e+01 
5.017271e+05 4.171134e+06 1.618827e+03 -5.358995e-07 2.003660e-08 1.393657e-06 1.493275e-06 6.895346e+01 1.778588e+02 3.803504e+01 
5.017275e+05 4.171135e+06 1.618827e+03 -5.400121e-07 1.898520e-08 1.392632e-06 1.493786e-06 6.879359e+01 1.779865e+02 3.905805e+01 
5.017300e+05 4.171135e+06 1.618827e+03 -5.434164e-07 1.347273e-08 1.390834e-06 1.493286e-06 6.865282e+01 1.785798e+02 4.164617e+01 
5.017300e+05 4.171136e+06 1.618827e+03 -5.485272e-07 1.318841e-08 1.389976e-06 1.494352e-06 6.845863e+01 1.786227e+02 4.279082e+01 
5.017292e+05 4.171139e+06 1.618827e+03 -5.591997e-07 1.455962e-08 1.388886e-06 1.497304e-06 6.806234e+01 1.785086e+02 4.524777e+01 
5.017304e+05 4.171140e+06 1.618827e+03 -5.674797e-07 1.196975e-08 1.387541e-06 1.499148e-06 6.775184e+01 1.787916e+02 4.726816e+01 
5.017319e+05 4.171141e+06 1.618827e+03 -5.729614e-07 8.849054e-09 1.386570e-06 1.500314e-06 6.754610e+01 1.791152e+02 4.909311e+01 
5.017329e+05 4.171142e+06 1.618827e+03 -5.762514e-07 6.692616e-09 1.386055e-06 1.501086e-06 6.742356e+01 1.793346e+02 5.032032e+01 
5.017342e+05 4.171142e+06 1.618827e+03 -5.781754e-07 4.185398e-09 1.385697e-06 1.501486e-06 6.735136e+01 1.795852e+02 5.163004e+01 
5.017351e+05 4.171143e+06 1.618827e+03 -5.815999e-07 2.435830e-09 1.385384e-06 1.502516e-06 6.722661e+01 1.797600e+02 5.272181e+01 
5.017360e+05 4.171145e+06 1.618827e+03 -5.906251e-07 5.701540e-10 1.384888e-06 1.505574e-06 6.690279e+01 1.799447e+02 5.463879e+01 
5.017364e+05 4.171146e+06 1.618827e+03 -5.965206e-07 -2.186572e-10 1.384679e-06 1.507705e-06 6.669359e+01 -1.799790e+02 5.577126e+01 
5.017370e+05 4.171147e+06 1.618827e+03 -6.028861e-07 -1.282737e-09 1.384540e-06 1.510107e-06 6.646964e+01 -1.798781e+02 5.702038e+01 
5.017386e+05 4.171148e+06 1.618827e+03 -6.072000e-07 -4.153181e-09 1.384624e-06 1.511916e-06 6.632058e+01 -1.796081e+02 5.874908e+01 
5.017396e+05 4.171148e+06 1.618827e+03 -6.099107e-07 -5.994886e-09 1.384780e-06 1.513157e-06 6.622844e+01 -1.794369e+02 5.986494e+01 
5.017405e+05 4.171149e+06 1.618827e+03 -6.125074e-07 -7.594806e-09 1.384983e-06 1.514398e-06 6.614100e+01 -1.792896e+02 6.085990e+01 
5.017417e+05 4.171149e+06 1.618827e+03 -6.125702e-07 -9.894553e-09 1.385379e-06 1.514799e-06 6.614376e+01 -1.790746e+02 6.211224e+01 
5.017438e+05 4.171149e+06 1.618827e+03 -6.176941e-07 -1.361244e-08 1.386272e-06 1.517722e-06 6.597807e+01 -1.787375e+02 6.438260e+01 
