# 1      , 2      , 3      , 4    , 5     , 6      , 7      , 8      ,                    9              , 10  , 11  , 12  , 13    , 14
# IGRF_In, IGRF_Ic, IGRF_Dc, dmeas, height, In_siB0, Ic_siB0, Dc_siB0,                    height m (-poh), In_m, Ic_m, Dc_m, min hP, max hP
4.515083e-05 5.339026e+01 3.316879e+00 0.000000e+00 1.820948e+03 4.657101e-05 5.282648e+01 3.784292e+00 1.819500e+03 4.659010e+01 5.434430e+01 2.807465e+00 1.818463e+03 1.822555e+03
4.515083e-05 5.339026e+01 3.316879e+00 1.126902e+00 1.820505e+03 4.648610e-05 5.271812e+01 4.522635e+00 1.818500e+03 4.600539e+01 5.417035e+01 6.717558e+00 1.818463e+03 1.822555e+03
4.515083e-05 5.339026e+01 3.316879e+00 1.960234e+00 1.820409e+03 4.629904e-05 5.263156e+01 4.808638e+00 1.817900e+03 4.508882e+01 5.323896e+01 7.823500e+00 1.818463e+03 1.822555e+03
4.515083e-05 5.339026e+01 3.316879e+00 2.474848e+00 1.820222e+03 4.617286e-05 5.254980e+01 4.920032e+00 1.817500e+03 4.342257e+01 5.317902e+01 7.888692e+00 1.818463e+03 1.822555e+03
4.515083e-05 5.339026e+01 3.316879e+00 3.312520e+00 1.819957e+03 4.596580e-05 5.242525e+01 4.973953e+00 1.817400e+03 4.295341e+01 5.248166e+01 6.471092e+00 1.818463e+03 1.822555e+03
4.515083e-05 5.339026e+01 3.316879e+00 4.106254e+00 1.819704e+03 4.579149e-05 5.231527e+01 4.920679e+00 1.816500e+03 4.253623e+01 5.165342e+01 4.891036e+00 1.818463e+03 1.822555e+03
4.515083e-05 5.339026e+01 3.316879e+00 5.412255e+00 1.819354e+03 4.558694e-05 5.214908e+01 4.672297e+00 1.815500e+03 4.267602e+01 5.107815e+01 2.540283e+00 1.818463e+03 1.822555e+03
4.515083e-05 5.339026e+01 3.316879e+00 6.305538e+00 1.819207e+03 4.552003e-05 5.205269e+01 4.475249e+00 1.815900e+03 4.311113e+01 5.111960e+01 2.794444e+00 1.818463e+03 1.822555e+03
4.515083e-05 5.339026e+01 3.316879e+00 7.192791e+00 1.819060e+03 4.545913e-05 5.196307e+01 4.325923e+00 1.815800e+03 4.303199e+01 5.100611e+01 2.989615e+00 1.818463e+03 1.822555e+03
4.515083e-05 5.339026e+01 3.316879e+00 7.633728e+00 1.818977e+03 4.541978e-05 5.191633e+01 4.258109e+00 1.815500e+03 4.264139e+01 5.115818e+01 3.719999e+00 1.818463e+03 1.822555e+03
4.515083e-05 5.339026e+01 3.316879e+00 8.533534e+00 1.818787e+03 4.531793e-05 5.181558e+01 4.093100e+00 1.815800e+03 4.204984e+01 5.026880e+01 4.205533e+00 1.818463e+03 1.822555e+03
4.515083e-05 5.339026e+01 3.316879e+00 9.239605e+00 1.818634e+03 4.522459e-05 5.174028e+01 3.898052e+00 1.815600e+03 4.142897e+01 4.941692e+01 2.597974e+00 1.818463e+03 1.822555e+03
4.515083e-05 5.339026e+01 3.316879e+00 9.964671e+00 1.818463e+03 4.513571e-05 5.168669e+01 3.604357e+00 1.816100e+03 4.134384e+01 5.079763e+01 1.443157e+00 1.818463e+03 1.822555e+03
4.515083e-05 5.339026e+01 3.316879e+00 1.085896e+01 1.818701e+03 4.514920e-05 5.178150e+01 3.275629e+00 1.816500e+03 4.104920e+01 5.155627e+01 -6.992860e-02 1.818463e+03 1.822555e+03
4.515083e-05 5.339026e+01 3.316879e+00 1.182634e+01 1.818793e+03 4.514120e-05 5.186822e+01 3.009472e+00 1.816800e+03 4.111079e+01 5.185721e+01 -1.326618e+00 1.818463e+03 1.822555e+03
4.515083e-05 5.339026e+01 3.316879e+00 1.261106e+01 1.818798e+03 4.509890e-05 5.191363e+01 2.826743e+00 1.817600e+03 4.127307e+01 5.319642e+01 -1.856084e+00 1.818463e+03 1.822555e+03
4.515083e-05 5.339026e+01 3.316879e+00 1.376732e+01 1.819002e+03 4.500893e-05 5.201258e+01 2.565147e+00 1.818500e+03 4.179647e+01 5.284222e+01 -5.350745e+00 1.818463e+03 1.822555e+03
4.515083e-05 5.339026e+01 3.316879e+00 1.436643e+01 1.819084e+03 4.494183e-05 5.206893e+01 2.322170e+00 1.819000e+03 4.226836e+01 5.343506e+01 -5.105539e+00 1.818463e+03 1.822555e+03
4.515083e-05 5.339026e+01 3.316879e+00 1.539817e+01 1.819127e+03 4.490078e-05 5.220552e+01 1.810586e+00 1.819300e+03 4.315907e+01 5.390004e+01 -6.628182e+00 1.818463e+03 1.822555e+03
4.515083e-05 5.339026e+01 3.316879e+00 1.618254e+01 1.819404e+03 4.499473e-05 5.236582e+01 1.418242e+00 1.820600e+03 4.402948e+01 5.412247e+01 -5.279887e+00 1.818463e+03 1.822555e+03
4.515083e-05 5.339026e+01 3.316879e+00 1.723987e+01 1.819863e+03 4.520641e-05 5.257205e+01 1.020655e+00 1.821000e+03 4.437813e+01 5.463012e+01 -5.370941e+00 1.818463e+03 1.822555e+03
4.515083e-05 5.339026e+01 3.316879e+00 1.789592e+01 1.820133e+03 4.536338e-05 5.269133e+01 8.474033e-01 1.821800e+03 4.464853e+01 5.451722e+01 -5.318820e+00 1.818463e+03 1.822555e+03
4.515083e-05 5.339026e+01 3.316879e+00 1.907525e+01 1.820612e+03 4.566701e-05 5.288540e+01 6.905841e-01 1.822300e+03 4.504033e+01 5.475382e+01 -4.530918e+00 1.818463e+03 1.822555e+03
4.515083e-05 5.339026e+01 3.316879e+00 1.993953e+01 1.820997e+03 4.588823e-05 5.302422e+01 7.210214e-01 1.822300e+03 4.519913e+01 5.500662e+01 -4.069452e+00 1.818463e+03 1.822555e+03
4.515083e-05 5.339026e+01 3.316879e+00 2.094267e+01 1.821364e+03 4.609840e-05 5.314224e+01 8.585027e-01 1.822400e+03 4.526795e+01 5.490444e+01 -2.928480e+00 1.818463e+03 1.822555e+03
4.515083e-05 5.339026e+01 3.316879e+00 2.187743e+01 1.821638e+03 4.626605e-05 5.322839e+01 9.581563e-01 1.822900e+03 4.526682e+01 5.462760e+01 -3.563171e+00 1.818463e+03 1.822555e+03
4.515083e-05 5.339026e+01 3.316879e+00 2.232178e+01 1.821757e+03 4.634638e-05 5.326164e+01 1.006097e+00 1.823300e+03 4.539277e+01 5.632676e+01 -3.782512e+00 1.818463e+03 1.822555e+03
4.515083e-05 5.339026e+01 3.316879e+00 2.335351e+01 1.822058e+03 4.654880e-05 5.334877e+01 1.149428e+00 1.823400e+03 4.554751e+01 5.563769e+01 -2.553976e+00 1.818463e+03 1.822555e+03
4.515083e-05 5.339026e+01 3.316879e+00 2.456424e+01 1.822357e+03 4.678681e-05 5.344385e+01 1.501522e+00 1.823000e+03 4.562265e+01 5.588720e+01 -2.450562e+00 1.818463e+03 1.822555e+03
4.515083e-05 5.339026e+01 3.316879e+00 2.595467e+01 1.822555e+03 4.693090e-05 5.349408e+01 2.181363e+00 1.822900e+03 4.601021e+01 5.635842e+01 -5.491784e-01 1.818463e+03 1.822555e+03