# 1    , 2      , 3      , 4      , 5      , 6      , 7       
# dmeas, Bx_siB0, By_siB0, Bz_siB0, In_siB0, Ic_siB0, Dc_siB0 
0.000000e+00 2.807829e-05 1.857226e-06 3.710821e-05 4.657101e-05 5.282648e+01 3.784292e+00 
1.126902e+00 2.807066e-05 2.220368e-06 3.698736e-05 4.648610e-05 5.271812e+01 4.522635e+00 
1.960234e+00 2.800175e-05 2.355624e-06 3.679612e-05 4.629904e-05 5.263156e+01 4.808638e+00 
2.474848e+00 2.797295e-05 2.407980e-06 3.665581e-05 4.617286e-05 5.254980e+01 4.920032e+00 
3.312520e+00 2.792421e-05 2.430261e-06 3.643059e-05 4.596580e-05 5.242525e+01 4.973953e+00 
4.106254e+00 2.788991e-05 2.401149e-06 3.623877e-05 4.579149e-05 5.231527e+01 4.920679e+00 
5.412255e+00 2.787960e-05 2.278550e-06 3.599591e-05 4.558694e-05 5.214908e+01 4.672297e+00 
6.305538e+00 2.790659e-05 2.184166e-06 3.589603e-05 4.552003e-05 5.205269e+01 4.475249e+00 
7.192791e+00 2.793072e-05 2.112830e-06 3.580423e-05 4.545913e-05 5.196307e+01 4.325923e+00 
7.633728e+00 2.793812e-05 2.080137e-06 3.575040e-05 4.541978e-05 5.191633e+01 4.258109e+00 
8.533534e+00 2.794385e-05 1.999657e-06 3.562102e-05 4.531793e-05 5.181558e+01 4.093100e+00 
9.239605e+00 2.793951e-05 1.903770e-06 3.551088e-05 4.522459e-05 5.174028e+01 3.898052e+00 
9.964671e+00 2.792704e-05 1.759153e-06 3.541493e-05 4.513571e-05 5.168669e+01 3.604357e+00 
1.085896e+01 2.788646e-05 1.596023e-06 3.547179e-05 4.514920e-05 5.178150e+01 3.275629e+00 
1.182634e+01 2.783500e-05 1.463385e-06 3.550774e-05 4.514120e-05 5.186822e+01 3.009472e+00 
1.261106e+01 2.778534e-05 1.371930e-06 3.549652e-05 4.509890e-05 5.191363e+01 2.826743e+00 
1.376732e+01 2.767471e-05 1.239833e-06 3.547360e-05 4.500893e-05 5.201258e+01 2.565147e+00 
1.436643e+01 2.760364e-05 1.119375e-06 3.544790e-05 4.494183e-05 5.206893e+01 2.322170e+00 
1.539817e+01 2.750285e-05 8.693982e-07 3.548123e-05 4.490078e-05 5.220552e+01 1.810586e+00 
1.618254e+01 2.746616e-05 6.800085e-07 3.563248e-05 4.499473e-05 5.236582e+01 1.418242e+00 
1.723987e+01 2.747044e-05 4.894043e-07 3.589924e-05 4.520641e-05 5.257205e+01 1.020655e+00 
1.789592e+01 2.749213e-05 4.066377e-07 3.608120e-05 4.536338e-05 5.269133e+01 8.474033e-01 
1.907525e+01 2.755398e-05 3.321233e-07 3.641625e-05 4.566701e-05 5.288540e+01 6.905841e-01 
1.993953e+01 2.759855e-05 3.473239e-07 3.665964e-05 4.588823e-05 5.302422e+01 7.210214e-01 
2.094267e+01 2.764812e-05 4.143022e-07 3.688457e-05 4.609840e-05 5.314224e+01 8.585027e-01 
2.187743e+01 2.769222e-05 4.631397e-07 3.706040e-05 4.626605e-05 5.322839e+01 9.581563e-01 
2.232178e+01 2.771836e-05 4.867760e-07 3.714084e-05 4.634638e-05 5.326164e+01 1.006097e+00 
2.335351e+01 2.778137e-05 5.574054e-07 3.734536e-05 4.654880e-05 5.334877e+01 1.149428e+00 
2.456424e+01 2.785714e-05 7.302052e-07 3.758261e-05 4.678681e-05 5.344385e+01 1.501522e+00 
2.599810e+01 2.789924e-05 1.062692e-06 3.772284e-05 4.693090e-05 5.349408e+01 2.181363e+00 
3.204578e+01 2.763384e-05 4.452565e-07 3.735937e-05 4.647096e-05 5.350699e+01 9.231114e-01 
