# 1, 2, 3, 4   , 5   , 6   , 7   , 8   , 9   , 10  
# x, y, z, Bx_si, By_si, Bz_si, In_si, Ic_si, Dc_si, dmeas 
4.994136e+05 4.171918e+06 1.820948e+03 2.993262e-07 1.197187e-06 -8.649149e-07 1.506961e-06 3.502589e+01 1.403757e+01 0.000000e+00 
4.994125e+05 4.171918e+06 1.820505e+03 6.624677e-07 1.189561e-06 -7.440635e-07 1.551628e-06 2.865518e+01 2.911347e+01 1.126902e+00 
4.994118e+05 4.171918e+06 1.820409e+03 7.977241e-07 1.120651e-06 -5.528194e-07 1.482509e-06 2.189424e+01 3.544478e+01 1.960234e+00 
4.994113e+05 4.171918e+06 1.820222e+03 8.500798e-07 1.091850e-06 -4.125092e-07 1.443931e-06 1.659979e+01 3.790318e+01 2.474848e+00 
4.994105e+05 4.171918e+06 1.819957e+03 8.723605e-07 1.043106e-06 -1.872871e-07 1.372647e-06 7.842031e+00 3.990609e+01 3.312520e+00 
4.994097e+05 4.171918e+06 1.819704e+03 8.432489e-07 1.008809e-06 4.532767e-09 1.314833e-06 -1.975224e-01 3.989177e+01 4.106254e+00 
4.994084e+05 4.171918e+06 1.819354e+03 7.206499e-07 9.985025e-07 2.473948e-07 1.256005e-06 -1.135981e+01 3.581914e+01 5.412255e+00 
4.994075e+05 4.171918e+06 1.819207e+03 6.262665e-07 1.025486e-06 3.472746e-07 1.250772e-06 -1.611989e+01 3.141250e+01 6.305538e+00 
4.994066e+05 4.171918e+06 1.819060e+03 5.549299e-07 1.049616e-06 4.390652e-07 1.265867e-06 -2.029473e+01 2.786532e+01 7.192791e+00 
4.994062e+05 4.171918e+06 1.818977e+03 5.222365e-07 1.057018e-06 4.928960e-07 1.277875e-06 -2.268815e+01 2.629240e+01 7.633728e+00 
4.994053e+05 4.171918e+06 1.818787e+03 4.417573e-07 1.062747e-06 6.222774e-07 1.308362e-06 -2.839945e+01 2.257143e+01 8.533534e+00 
4.994046e+05 4.171918e+06 1.818634e+03 3.458702e-07 1.058409e-06 7.324180e-07 1.332776e-06 -3.333569e+01 1.809652e+01 9.239605e+00 
4.994038e+05 4.171918e+06 1.818463e+03 2.012530e-07 1.045944e-06 8.283659e-07 1.349330e-06 -3.787269e+01 1.089133e+01 9.964671e+00 
4.994030e+05 4.171918e+06 1.818701e+03 3.812258e-08 1.005360e-06 7.715070e-07 1.267843e-06 -3.748252e+01 2.171576e+00 1.085896e+01 
4.994020e+05 4.171918e+06 1.818793e+03 -9.451503e-08 9.539028e-07 7.355613e-07 1.208269e-06 -3.750082e+01 -5.658538e+00 1.182634e+01 
4.994013e+05 4.171918e+06 1.818798e+03 -1.859697e-07 9.042442e-07 7.467820e-07 1.187403e-06 -3.897052e+01 -1.162159e+01 1.261106e+01 
4.994002e+05 4.171918e+06 1.819002e+03 -3.180675e-07 7.936135e-07 7.696975e-07 1.150401e-06 -4.199522e+01 -2.184012e+01 1.376732e+01 
4.993996e+05 4.171918e+06 1.819084e+03 -4.385248e-07 7.225411e-07 7.953960e-07 1.160614e-06 -4.326106e+01 -3.125441e+01 1.436643e+01 
4.993989e+05 4.171917e+06 1.819127e+03 -6.885018e-07 6.217493e-07 7.620712e-07 1.200566e-06 -3.940217e+01 -4.791649e+01 1.539817e+01 
4.993982e+05 4.171917e+06 1.819404e+03 -8.778915e-07 5.850649e-07 6.108238e-07 1.219057e-06 -3.007032e+01 -5.631879e+01 1.618254e+01 
4.993972e+05 4.171917e+06 1.819863e+03 -1.068496e-06 5.893415e-07 3.440629e-07 1.267827e-06 -1.574640e+01 -6.112054e+01 1.723987e+01 
4.993965e+05 4.171916e+06 1.820133e+03 -1.151262e-06 6.110349e-07 1.620970e-07 1.313409e-06 -7.089346e+00 -6.204278e+01 1.789592e+01 
4.993954e+05 4.171916e+06 1.820612e+03 -1.225777e-06 6.728842e-07 -1.729480e-07 1.408976e-06 7.050686e+00 -6.123563e+01 1.907525e+01 
4.993945e+05 4.171916e+06 1.820997e+03 -1.210576e-06 7.174482e-07 -4.163398e-07 1.467503e-06 1.648153e+01 -5.934689e+01 1.993953e+01 
4.993935e+05 4.171916e+06 1.821364e+03 -1.143598e-06 7.670223e-07 -6.412745e-07 1.519004e-06 2.497153e+01 -5.614985e+01 2.094267e+01 
4.993926e+05 4.171916e+06 1.821638e+03 -1.094760e-06 8.111219e-07 -8.171010e-07 1.588733e-06 3.095133e+01 -5.346478e+01 2.187743e+01 
4.993922e+05 4.171916e+06 1.821757e+03 -1.071124e-06 8.372569e-07 -8.975431e-07 1.629076e-06 3.343236e+01 -5.198661e+01 2.232178e+01 
4.993911e+05 4.171916e+06 1.822058e+03 -1.000495e-06 9.002654e-07 -1.102062e-06 1.739543e-06 3.931146e+01 -4.801848e+01 2.335351e+01 
4.993899e+05 4.171916e+06 1.822357e+03 -8.276948e-07 9.760415e-07 -1.339309e-06 1.852426e-06 4.630292e+01 -4.029834e+01 2.456424e+01 
4.993886e+05 4.171915e+06 1.822555e+03 -4.952077e-07 1.018140e-06 -1.479544e-06 1.863032e-06 5.257589e+01 -2.593758e+01 2.599810e+01 
4.993919e+05 4.171910e+06 1.821050e+03 -1.112644e-06 7.527368e-07 -1.116071e-06 1.746483e-06 3.972020e+01 -5.592047e+01 3.204578e+01 
