# 1, 2, 3, 4   , 5   , 6   , 7   , 8   , 9   , 10  
# x, y, z, Bx_si, By_si, Bz_si, In_si, Ic_si, Dc_si, dmeas 
4.994136e+05 4.171918e+06 1.824049e+03 -4.091682e-07 -1.280884e-07 1.468332e-06 1.529649e-06 7.372236e+01 -1.626175e+02 0.000000e+00 
4.994125e+05 4.171918e+06 1.824049e+03 -4.091347e-07 -1.244087e-07 1.467122e-06 1.528174e-06 7.374985e+01 -1.630867e+02 1.126902e+00 
4.994118e+05 4.171918e+06 1.824049e+03 -4.103537e-07 -1.215661e-07 1.463835e-06 1.525117e-06 7.370265e+01 -1.634982e+02 1.960234e+00 
4.994113e+05 4.171918e+06 1.824049e+03 -4.104563e-07 -1.198192e-07 1.463046e-06 1.524249e-06 7.370855e+01 -1.637266e+02 2.474848e+00 
4.994105e+05 4.171918e+06 1.824049e+03 -4.109300e-07 -1.168364e-07 1.461146e-06 1.522321e-06 7.370188e+01 -1.641284e+02 3.312520e+00 
4.994097e+05 4.171918e+06 1.824049e+03 -4.113468e-07 -1.140562e-07 1.459434e-06 1.520580e-06 7.369645e+01 -1.645026e+02 4.106254e+00 
4.994084e+05 4.171918e+06 1.824049e+03 -4.121806e-07 -1.095089e-07 1.456371e-06 1.517531e-06 7.367799e+01 -1.651213e+02 5.412255e+00 
4.994075e+05 4.171918e+06 1.824049e+03 -4.129220e-07 -1.064332e-07 1.453981e-06 1.515221e-06 7.365483e+01 -1.655463e+02 6.305538e+00 
4.994066e+05 4.171918e+06 1.824049e+03 -4.135738e-07 -1.034255e-07 1.451800e-06 1.513097e-06 7.363553e+01 -1.659596e+02 7.192791e+00 
4.994062e+05 4.171918e+06 1.824049e+03 -4.138251e-07 -1.019579e-07 1.450867e-06 1.512171e-06 7.362956e+01 -1.661592e+02 7.633728e+00 
4.994053e+05 4.171918e+06 1.824049e+03 -4.142285e-07 -9.902281e-08 1.449201e-06 1.510488e-06 7.362268e+01 -1.665556e+02 8.533534e+00 
4.994046e+05 4.171918e+06 1.824049e+03 -4.145237e-07 -9.675113e-08 1.447956e-06 1.509227e-06 7.361790e+01 -1.668622e+02 9.239605e+00 
4.994038e+05 4.171918e+06 1.824049e+03 -4.147785e-07 -9.445727e-08 1.446791e-06 1.508034e-06 7.361516e+01 -1.671709e+02 9.964671e+00 
4.994030e+05 4.171918e+06 1.824049e+03 -4.157133e-07 -9.163198e-08 1.444193e-06 1.505625e-06 7.357652e+01 -1.675696e+02 1.085896e+01 
4.994020e+05 4.171918e+06 1.824049e+03 -4.159618e-07 -8.867391e-08 1.442873e-06 1.504250e-06 7.357633e+01 -1.679659e+02 1.182634e+01 
4.994013e+05 4.171918e+06 1.824049e+03 -4.156566e-07 -8.664478e-08 1.442891e-06 1.504065e-06 7.360273e+01 -1.682252e+02 1.261106e+01 
4.994002e+05 4.171918e+06 1.824049e+03 -4.162707e-07 -8.308187e-08 1.440745e-06 1.501976e-06 7.358366e+01 -1.687129e+02 1.376732e+01 
4.993996e+05 4.171918e+06 1.824049e+03 -4.163427e-07 -8.133573e-08 1.440146e-06 1.501325e-06 7.358700e+01 -1.689461e+02 1.436643e+01 
4.993989e+05 4.171917e+06 1.824049e+03 -4.152167e-07 -7.961890e-08 1.441927e-06 1.502630e-06 7.365855e+01 -1.691451e+02 1.539817e+01 
4.993982e+05 4.171917e+06 1.824049e+03 -4.148861e-07 -7.764831e-08 1.442116e-06 1.502617e-06 7.368589e+01 -1.693994e+02 1.618254e+01 
4.993972e+05 4.171917e+06 1.824049e+03 -4.149579e-07 -7.463908e-08 1.441270e-06 1.501672e-06 7.369412e+01 -1.698032e+02 1.723987e+01 
4.993965e+05 4.171916e+06 1.824049e+03 -4.149029e-07 -7.283824e-08 1.440978e-06 1.501289e-06 7.370453e+01 -1.700429e+02 1.789592e+01 
4.993954e+05 4.171916e+06 1.824049e+03 -4.148285e-07 -6.960524e-08 1.440435e-06 1.500593e-06 7.372144e+01 -1.704749e+02 1.907525e+01 
4.993945e+05 4.171916e+06 1.824049e+03 -4.150973e-07 -6.712435e-08 1.439359e-06 1.499522e-06 7.371498e+01 -1.708144e+02 1.993953e+01 
4.993935e+05 4.171916e+06 1.824049e+03 -4.151186e-07 -6.436787e-08 1.438765e-06 1.498837e-06 7.372366e+01 -1.711860e+02 2.094267e+01 
4.993926e+05 4.171916e+06 1.824049e+03 -4.153876e-07 -6.173402e-08 1.437693e-06 1.497771e-06 7.371692e+01 -1.715467e+02 2.187743e+01 
4.993922e+05 4.171916e+06 1.824049e+03 -4.154282e-07 -6.051455e-08 1.437380e-06 1.497433e-06 7.371861e+01 -1.717121e+02 2.232178e+01 
4.993911e+05 4.171916e+06 1.824049e+03 -4.157088e-07 -5.764596e-08 1.436268e-06 1.496330e-06 7.371131e+01 -1.721052e+02 2.335351e+01 
4.993899e+05 4.171916e+06 1.824049e+03 -4.156604e-07 -5.442614e-08 1.435821e-06 1.495767e-06 7.372409e+01 -1.725402e+02 2.456424e+01 
4.993886e+05 4.171915e+06 1.824049e+03 -4.151165e-07 -5.090315e-08 1.436442e-06 1.496087e-06 7.376686e+01 -1.730091e+02 2.599810e+01 
4.993919e+05 4.171910e+06 1.824049e+03 -4.053363e-07 -6.156386e-08 1.461393e-06 1.517814e-06 7.432886e+01 -1.713637e+02 3.204578e+01 
