# 1 , 2 , 3 , 4      , 5      , 6      , 7      , 8      , 9        
# xm, ym, zm, IGRF_In, IGRF_Ic, IGRF_Dc, In_siB0, Ic_siB0, Dc_siB0  
1.002300e+02 1.247790e+02 9.767720e-01 4.518274e-05 5.346856e+01 3.327694e+00 4.631309e-05 5.436163e+01 3.438980e+00 
1.012943e+02 1.247790e+02 9.767720e-01 4.518274e-05 5.346856e+01 3.327694e+00 4.631112e-05 5.436080e+01 3.433088e+00 
1.023587e+02 1.247790e+02 9.767720e-01 4.518274e-05 5.346856e+01 3.327694e+00 4.630924e-05 5.436002e+01 3.427292e+00 
1.034230e+02 1.247790e+02 9.767720e-01 4.518274e-05 5.346856e+01 3.327694e+00 4.630746e-05 5.435928e+01 3.421585e+00 
1.044874e+02 1.247790e+02 9.767720e-01 4.518274e-05 5.346856e+01 3.327694e+00 4.630576e-05 5.435859e+01 3.415964e+00 
1.055517e+02 1.247790e+02 9.767720e-01 4.518274e-05 5.346856e+01 3.327694e+00 4.630415e-05 5.435795e+01 3.410422e+00 
1.066161e+02 1.247790e+02 9.767720e-01 4.518274e-05 5.346856e+01 3.327694e+00 4.630263e-05 5.435735e+01 3.404954e+00 
1.076804e+02 1.247790e+02 9.767720e-01 4.518274e-05 5.346856e+01 3.327694e+00 4.630120e-05 5.435680e+01 3.399556e+00 
1.087448e+02 1.247790e+02 9.767720e-01 4.518274e-05 5.346856e+01 3.327694e+00 4.629985e-05 5.435629e+01 3.394222e+00 
1.098091e+02 1.247790e+02 9.767720e-01 4.518274e-05 5.346856e+01 3.327694e+00 4.629859e-05 5.435582e+01 3.388949e+00 
1.108735e+02 1.247790e+02 9.767720e-01 4.518274e-05 5.346856e+01 3.327694e+00 4.629741e-05 5.435540e+01 3.383731e+00 
1.119378e+02 1.247790e+02 9.767720e-01 4.518274e-05 5.346856e+01 3.327694e+00 4.629632e-05 5.435501e+01 3.378565e+00 
1.130022e+02 1.247790e+02 9.767720e-01 4.518274e-05 5.346856e+01 3.327694e+00 4.629530e-05 5.435467e+01 3.373445e+00 
1.140665e+02 1.247790e+02 9.767720e-01 4.518274e-05 5.346856e+01 3.327694e+00 4.629437e-05 5.435437e+01 3.368367e+00 
1.151309e+02 1.247790e+02 9.767720e-01 4.518274e-05 5.346856e+01 3.327694e+00 4.629352e-05 5.435411e+01 3.363328e+00 
1.161952e+02 1.247790e+02 9.767720e-01 4.518274e-05 5.346856e+01 3.327694e+00 4.629275e-05 5.435390e+01 3.358323e+00 
1.172596e+02 1.247790e+02 9.767720e-01 4.518274e-05 5.346856e+01 3.327694e+00 4.629207e-05 5.435372e+01 3.353347e+00 
1.183239e+02 1.247790e+02 9.767720e-01 4.518274e-05 5.346856e+01 3.327694e+00 4.629146e-05 5.435358e+01 3.348398e+00 
1.193883e+02 1.247790e+02 9.767720e-01 4.518274e-05 5.346856e+01 3.327694e+00 4.629093e-05 5.435349e+01 3.343471e+00 
1.204526e+02 1.247790e+02 9.767720e-01 4.518274e-05 5.346856e+01 3.327694e+00 4.629048e-05 5.435343e+01 3.338562e+00 
1.215170e+02 1.247790e+02 9.767720e-01 4.518274e-05 5.346856e+01 3.327694e+00 4.629010e-05 5.435341e+01 3.333666e+00 
1.225813e+02 1.247790e+02 9.767720e-01 4.518274e-05 5.346856e+01 3.327694e+00 4.628981e-05 5.435344e+01 3.328782e+00 
1.236457e+02 1.247790e+02 9.767720e-01 4.518274e-05 5.346856e+01 3.327694e+00 4.628959e-05 5.435350e+01 3.323903e+00 
1.247100e+02 1.247790e+02 9.767720e-01 4.518274e-05 5.346856e+01 3.327694e+00 4.628946e-05 5.435360e+01 3.319027e+00 
1.257743e+02 1.247790e+02 9.767720e-01 4.518274e-05 5.346856e+01 3.327694e+00 4.628940e-05 5.435375e+01 3.314149e+00 
1.268387e+02 1.247790e+02 9.767720e-01 4.518274e-05 5.346856e+01 3.327694e+00 4.628941e-05 5.435393e+01 3.309267e+00 
1.279030e+02 1.247790e+02 9.767720e-01 4.518274e-05 5.346856e+01 3.327694e+00 4.628951e-05 5.435415e+01 3.304375e+00 
1.289674e+02 1.247790e+02 9.767720e-01 4.518274e-05 5.346856e+01 3.327694e+00 4.628968e-05 5.435442e+01 3.299471e+00 
1.300317e+02 1.247790e+02 9.767720e-01 4.518274e-05 5.346856e+01 3.327694e+00 4.628994e-05 5.435472e+01 3.294549e+00 
1.310961e+02 1.247790e+02 9.767720e-01 4.518274e-05 5.346856e+01 3.327694e+00 4.629027e-05 5.435507e+01 3.289608e+00 
1.321604e+02 1.247790e+02 9.767720e-01 4.518274e-05 5.346856e+01 3.327694e+00 4.629067e-05 5.435545e+01 3.284641e+00 
1.332248e+02 1.247790e+02 9.767720e-01 4.518274e-05 5.346856e+01 3.327694e+00 4.629116e-05 5.435588e+01 3.279646e+00 
1.342891e+02 1.247790e+02 9.767720e-01 4.518274e-05 5.346856e+01 3.327694e+00 4.629173e-05 5.435635e+01 3.274618e+00 
1.353535e+02 1.247790e+02 9.767720e-01 4.518274e-05 5.346856e+01 3.327694e+00 4.629237e-05 5.435686e+01 3.269554e+00 
1.364178e+02 1.247790e+02 9.767720e-01 4.518274e-05 5.346856e+01 3.327694e+00 4.629310e-05 5.435742e+01 3.264449e+00 
1.374822e+02 1.247790e+02 9.767720e-01 4.518274e-05 5.346856e+01 3.327694e+00 4.629390e-05 5.435802e+01 3.259299e+00 
1.385465e+02 1.247790e+02 9.767720e-01 4.518274e-05 5.346856e+01 3.327694e+00 4.629479e-05 5.435866e+01 3.254100e+00 
1.396109e+02 1.247790e+02 9.767720e-01 4.518274e-05 5.346856e+01 3.327694e+00 4.629576e-05 5.435935e+01 3.248848e+00 
1.406752e+02 1.247790e+02 9.767720e-01 4.518274e-05 5.346856e+01 3.327694e+00 4.629680e-05 5.436008e+01 3.243537e+00 
1.417396e+02 1.247790e+02 9.767720e-01 4.518274e-05 5.346856e+01 3.327694e+00 4.629794e-05 5.436086e+01 3.238164e+00 
1.428039e+02 1.247790e+02 9.767720e-01 4.518274e-05 5.346856e+01 3.327694e+00 4.629915e-05 5.436169e+01 3.232724e+00 
1.438683e+02 1.247790e+02 9.767720e-01 4.518274e-05 5.346856e+01 3.327694e+00 4.630045e-05 5.436257e+01 3.227212e+00 
1.449326e+02 1.247790e+02 9.767720e-01 4.518274e-05 5.346856e+01 3.327694e+00 4.630183e-05 5.436349e+01 3.221624e+00 
1.459970e+02 1.247790e+02 9.767720e-01 4.518274e-05 5.346856e+01 3.327694e+00 4.630330e-05 5.436446e+01 3.215954e+00 
1.470613e+02 1.247790e+02 9.767720e-01 4.518274e-05 5.346856e+01 3.327694e+00 4.630486e-05 5.436549e+01 3.210197e+00 
1.481257e+02 1.247790e+02 9.767720e-01 4.518274e-05 5.346856e+01 3.327694e+00 4.630650e-05 5.436656e+01 3.204348e+00 
1.491900e+02 1.247790e+02 9.767720e-01 4.518274e-05 5.346856e+01 3.327694e+00 4.630823e-05 5.436769e+01 3.198402e+00 
