# 1,2,3, 4    , 5    , 6    , 7    , 8    , 9     
# x,y,z, Bx_si, By_si, Bz_si, In_si, Ic_si, Dc_si 
1.002300e+02 1.247790e+02 9.767720e-01 5.751594e-08 8.623126e-08 -1.333450e-06 1.337472e-06 8.555517e+01 3.370315e+01 
1.012943e+02 1.247790e+02 9.767720e-01 5.470993e-08 8.579667e-08 -1.331457e-06 1.335340e-06 8.562970e+01 3.252442e+01 
1.023587e+02 1.247790e+02 9.767720e-01 5.195026e-08 8.538131e-08 -1.329563e-06 1.333314e-06 8.570113e+01 3.131842e+01 
1.034230e+02 1.247790e+02 9.767720e-01 4.923432e-08 8.498518e-08 -1.327764e-06 1.331392e-06 8.576946e+01 3.008493e+01 
1.044874e+02 1.247790e+02 9.767720e-01 4.655960e-08 8.460826e-08 -1.326061e-06 1.329573e-06 8.583467e+01 2.882382e+01 
1.055517e+02 1.247790e+02 9.767720e-01 4.392362e-08 8.425052e-08 -1.324451e-06 1.327855e-06 8.589677e+01 2.753508e+01 
1.066161e+02 1.247790e+02 9.767720e-01 4.132402e-08 8.391195e-08 -1.322934e-06 1.326237e-06 8.595574e+01 2.621881e+01 
1.076804e+02 1.247790e+02 9.767720e-01 3.875845e-08 8.359253e-08 -1.321508e-06 1.324717e-06 8.601157e+01 2.487524e+01 
1.087448e+02 1.247790e+02 9.767720e-01 3.622467e-08 8.329225e-08 -1.320173e-06 1.323294e-06 8.606422e+01 2.350472e+01 
1.098091e+02 1.247790e+02 9.767720e-01 3.372045e-08 8.301109e-08 -1.318927e-06 1.321967e-06 8.611370e+01 2.210779e+01 
1.108735e+02 1.247790e+02 9.767720e-01 3.124364e-08 8.274904e-08 -1.317769e-06 1.320734e-06 8.615997e+01 2.068509e+01 
1.119378e+02 1.247790e+02 9.767720e-01 2.879214e-08 8.250607e-08 -1.316699e-06 1.319595e-06 8.620301e+01 1.923745e+01 
1.130022e+02 1.247790e+02 9.767720e-01 2.636386e-08 8.228219e-08 -1.315715e-06 1.318549e-06 8.624280e+01 1.776587e+01 
1.140665e+02 1.247790e+02 9.767720e-01 2.395679e-08 8.207737e-08 -1.314817e-06 1.317595e-06 8.627931e+01 1.627150e+01 
1.151309e+02 1.247790e+02 9.767720e-01 2.156892e-08 8.189160e-08 -1.314005e-06 1.316731e-06 8.631253e+01 1.475566e+01 
1.161952e+02 1.247790e+02 9.767720e-01 1.919829e-08 8.172487e-08 -1.313278e-06 1.315958e-06 8.634242e+01 1.321987e+01 
1.172596e+02 1.247790e+02 9.767720e-01 1.684298e-08 8.157718e-08 -1.312635e-06 1.315275e-06 8.636897e+01 1.166576e+01 
1.183239e+02 1.247790e+02 9.767720e-01 1.450107e-08 8.144850e-08 -1.312075e-06 1.314681e-06 8.639215e+01 1.009515e+01 
1.193883e+02 1.247790e+02 9.767720e-01 1.217068e-08 8.133884e-08 -1.311599e-06 1.314175e-06 8.641194e+01 8.509997e+00 
1.204526e+02 1.247790e+02 9.767720e-01 9.849941e-09 8.124819e-08 -1.311206e-06 1.313758e-06 8.642834e+01 6.912392e+00 
1.215170e+02 1.247790e+02 9.767720e-01 7.537003e-09 8.117654e-08 -1.310895e-06 1.313428e-06 8.644131e+01 5.304537e+00 
1.225813e+02 1.247790e+02 9.767720e-01 5.230027e-09 8.112388e-08 -1.310667e-06 1.313186e-06 8.645086e+01 3.688733e+00 
1.236457e+02 1.247790e+02 9.767720e-01 2.927186e-09 8.109022e-08 -1.310522e-06 1.313031e-06 8.645696e+01 2.067359e+00 
1.247100e+02 1.247790e+02 9.767720e-01 6.266568e-10 8.107555e-08 -1.310458e-06 1.312964e-06 8.645963e+01 4.428471e-01 
1.257743e+02 1.247790e+02 9.767720e-01 -1.673377e-09 8.107988e-08 -1.310477e-06 1.312984e-06 8.645884e+01 -1.182338e+00 
1.268387e+02 1.247790e+02 9.767720e-01 -3.974733e-09 8.110319e-08 -1.310578e-06 1.313091e-06 8.645461e+01 -2.805726e+00 
1.279030e+02 1.247790e+02 9.767720e-01 -6.279230e-09 8.114549e-08 -1.310761e-06 1.313285e-06 8.644694e+01 -4.424865e+00 
1.289674e+02 1.247790e+02 9.767720e-01 -8.588692e-09 8.120679e-08 -1.311026e-06 1.313567e-06 8.643583e+01 -6.037342e+00 
1.300317e+02 1.247790e+02 9.767720e-01 -1.090495e-08 8.128709e-08 -1.311374e-06 1.313937e-06 8.642130e+01 -7.640812e+00 
1.310961e+02 1.247790e+02 9.767720e-01 -1.322985e-08 8.138639e-08 -1.311805e-06 1.314394e-06 8.640336e+01 -9.233017e+00 
1.321604e+02 1.247790e+02 9.767720e-01 -1.556525e-08 8.150470e-08 -1.312319e-06 1.314940e-06 8.638202e+01 -1.081180e+01 
1.332248e+02 1.247790e+02 9.767720e-01 -1.791302e-08 8.164203e-08 -1.312917e-06 1.315575e-06 8.635730e+01 -1.237514e+01 
1.342891e+02 1.247790e+02 9.767720e-01 -2.027507e-08 8.179838e-08 -1.313598e-06 1.316299e-06 8.632923e+01 -1.392113e+01 
1.353535e+02 1.247790e+02 9.767720e-01 -2.265330e-08 8.197377e-08 -1.314364e-06 1.317113e-06 8.629782e+01 -1.544804e+01 
1.364178e+02 1.247790e+02 9.767720e-01 -2.504966e-08 8.216821e-08 -1.315215e-06 1.318018e-06 8.626310e+01 -1.695428e+01 
1.374822e+02 1.247790e+02 9.767720e-01 -2.746614e-08 8.238171e-08 -1.316152e-06 1.319014e-06 8.622510e+01 -1.843843e+01 
1.385465e+02 1.247790e+02 9.767720e-01 -2.990473e-08 8.261427e-08 -1.317175e-06 1.320102e-06 8.618382e+01 -1.989925e+01 
1.396109e+02 1.247790e+02 9.767720e-01 -3.236749e-08 8.286592e-08 -1.318285e-06 1.321283e-06 8.613931e+01 -2.133565e+01 
1.406752e+02 1.247790e+02 9.767720e-01 -3.485651e-08 8.313667e-08 -1.319483e-06 1.322559e-06 8.609158e+01 -2.274672e+01 
1.417396e+02 1.247790e+02 9.767720e-01 -3.737391e-08 8.342652e-08 -1.320770e-06 1.323929e-06 8.604065e+01 -2.413171e+01 
1.428039e+02 1.247790e+02 9.767720e-01 -3.992188e-08 8.373551e-08 -1.322146e-06 1.325396e-06 8.598655e+01 -2.549001e+01 
1.438683e+02 1.247790e+02 9.767720e-01 -4.250265e-08 8.406364e-08 -1.323613e-06 1.326961e-06 8.592930e+01 -2.682120e+01 
1.449326e+02 1.247790e+02 9.767720e-01 -4.511851e-08 8.441093e-08 -1.325172e-06 1.328624e-06 8.586890e+01 -2.812496e+01 
1.459970e+02 1.247790e+02 9.767720e-01 -4.777182e-08 8.477740e-08 -1.326824e-06 1.330388e-06 8.580538e+01 -2.940113e+01 
1.470613e+02 1.247790e+02 9.767720e-01 -5.046499e-08 8.516307e-08 -1.328571e-06 1.332254e-06 8.573875e+01 -3.064967e+01 
1.481257e+02 1.247790e+02 9.767720e-01 -5.320051e-08 8.556794e-08 -1.330413e-06 1.334223e-06 8.566901e+01 -3.187063e+01 
1.491900e+02 1.247790e+02 9.767720e-01 -5.598094e-08 8.599205e-08 -1.332352e-06 1.336297e-06 8.559617e+01 -3.306418e+01 
