# 1    , 2      , 3      , 4      , 5      , 6      , 7       
# dmeas, Bx_siB0, By_siB0, Bz_siB0, In_siB0, Ic_siB0, Dc_siB0 
0.000000e+00 2.693653e-05 1.618716e-06 3.763915e-05 4.631309e-05 5.436163e+01 3.438980e+00 
0.000000e+00 2.693610e-05 1.615910e-06 3.763716e-05 4.631112e-05 5.436080e+01 3.433088e+00 
0.000000e+00 2.693568e-05 1.613150e-06 3.763526e-05 4.630924e-05 5.436002e+01 3.427292e+00 
0.000000e+00 2.693529e-05 1.610434e-06 3.763346e-05 4.630746e-05 5.435928e+01 3.421585e+00 
0.000000e+00 2.693491e-05 1.607760e-06 3.763176e-05 4.630576e-05 5.435859e+01 3.415964e+00 
0.000000e+00 2.693455e-05 1.605124e-06 3.763015e-05 4.630415e-05 5.435795e+01 3.410422e+00 
0.000000e+00 2.693421e-05 1.602524e-06 3.762863e-05 4.630263e-05 5.435735e+01 3.404954e+00 
0.000000e+00 2.693389e-05 1.599958e-06 3.762721e-05 4.630120e-05 5.435680e+01 3.399556e+00 
0.000000e+00 2.693359e-05 1.597425e-06 3.762587e-05 4.629985e-05 5.435629e+01 3.394222e+00 
0.000000e+00 2.693331e-05 1.594920e-06 3.762463e-05 4.629859e-05 5.435582e+01 3.388949e+00 
0.000000e+00 2.693305e-05 1.592444e-06 3.762347e-05 4.629741e-05 5.435540e+01 3.383731e+00 
0.000000e+00 2.693281e-05 1.589992e-06 3.762240e-05 4.629632e-05 5.435501e+01 3.378565e+00 
0.000000e+00 2.693258e-05 1.587564e-06 3.762142e-05 4.629530e-05 5.435467e+01 3.373445e+00 
0.000000e+00 2.693238e-05 1.585157e-06 3.762052e-05 4.629437e-05 5.435437e+01 3.368367e+00 
0.000000e+00 2.693219e-05 1.582769e-06 3.761971e-05 4.629352e-05 5.435411e+01 3.363328e+00 
0.000000e+00 2.693202e-05 1.580398e-06 3.761898e-05 4.629275e-05 5.435390e+01 3.358323e+00 
0.000000e+00 2.693188e-05 1.578043e-06 3.761833e-05 4.629207e-05 5.435372e+01 3.353347e+00 
0.000000e+00 2.693175e-05 1.575701e-06 3.761778e-05 4.629146e-05 5.435358e+01 3.348398e+00 
0.000000e+00 2.693164e-05 1.573371e-06 3.761730e-05 4.629093e-05 5.435349e+01 3.343471e+00 
0.000000e+00 2.693155e-05 1.571050e-06 3.761691e-05 4.629048e-05 5.435343e+01 3.338562e+00 
0.000000e+00 2.693148e-05 1.568737e-06 3.761660e-05 4.629010e-05 5.435341e+01 3.333666e+00 
0.000000e+00 2.693142e-05 1.566430e-06 3.761637e-05 4.628981e-05 5.435344e+01 3.328782e+00 
0.000000e+00 2.693139e-05 1.564127e-06 3.761622e-05 4.628959e-05 5.435350e+01 3.323903e+00 
0.000000e+00 2.693138e-05 1.561827e-06 3.761616e-05 4.628946e-05 5.435360e+01 3.319027e+00 
0.000000e+00 2.693138e-05 1.559527e-06 3.761618e-05 4.628940e-05 5.435375e+01 3.314149e+00 
0.000000e+00 2.693140e-05 1.557225e-06 3.761628e-05 4.628941e-05 5.435393e+01 3.309267e+00 
0.000000e+00 2.693145e-05 1.554921e-06 3.761646e-05 4.628951e-05 5.435415e+01 3.304375e+00 
0.000000e+00 2.693151e-05 1.552611e-06 3.761673e-05 4.628968e-05 5.435442e+01 3.299471e+00 
0.000000e+00 2.693159e-05 1.550295e-06 3.761707e-05 4.628994e-05 5.435472e+01 3.294549e+00 
0.000000e+00 2.693169e-05 1.547970e-06 3.761751e-05 4.629027e-05 5.435507e+01 3.289608e+00 
0.000000e+00 2.693180e-05 1.545635e-06 3.761802e-05 4.629067e-05 5.435545e+01 3.284641e+00 
0.000000e+00 2.693194e-05 1.543287e-06 3.761862e-05 4.629116e-05 5.435588e+01 3.279646e+00 
0.000000e+00 2.693210e-05 1.540925e-06 3.761930e-05 4.629173e-05 5.435635e+01 3.274618e+00 
0.000000e+00 2.693227e-05 1.538547e-06 3.762006e-05 4.629237e-05 5.435686e+01 3.269554e+00 
0.000000e+00 2.693247e-05 1.536150e-06 3.762092e-05 4.629310e-05 5.435742e+01 3.264449e+00 
0.000000e+00 2.693268e-05 1.533734e-06 3.762185e-05 4.629390e-05 5.435802e+01 3.259299e+00 
0.000000e+00 2.693291e-05 1.531295e-06 3.762287e-05 4.629479e-05 5.435866e+01 3.254100e+00 
0.000000e+00 2.693317e-05 1.528833e-06 3.762398e-05 4.629576e-05 5.435935e+01 3.248848e+00 
0.000000e+00 2.693344e-05 1.526343e-06 3.762518e-05 4.629680e-05 5.436008e+01 3.243537e+00 
0.000000e+00 2.693373e-05 1.523826e-06 3.762647e-05 4.629794e-05 5.436086e+01 3.238164e+00 
0.000000e+00 2.693404e-05 1.521278e-06 3.762785e-05 4.629915e-05 5.436169e+01 3.232724e+00 
0.000000e+00 2.693436e-05 1.518697e-06 3.762931e-05 4.630045e-05 5.436257e+01 3.227212e+00 
0.000000e+00 2.693471e-05 1.516081e-06 3.763087e-05 4.630183e-05 5.436349e+01 3.221624e+00 
0.000000e+00 2.693508e-05 1.513428e-06 3.763252e-05 4.630330e-05 5.436446e+01 3.215954e+00 
0.000000e+00 2.693546e-05 1.510735e-06 3.763427e-05 4.630486e-05 5.436549e+01 3.210197e+00 
0.000000e+00 2.693587e-05 1.507999e-06 3.763611e-05 4.630650e-05 5.436656e+01 3.204348e+00 
0.000000e+00 2.693629e-05 1.505219e-06 3.763805e-05 4.630823e-05 5.436769e+01 3.198402e+00 
