# 1    , 2      , 3      , 4      , 5      , 6      , 7       
# dmeas, Bx_siB0, By_siB0, Bz_siB0, In_siB0, Ic_siB0, Dc_siB0 
2.955825e-05 1.162437e-06 3.669447e-05 4.713306e-05 5.112611e+01 2.252110e+00 
2.937660e-05 1.083399e-06 3.750056e-05 4.764924e-05 5.190721e+01 2.112091e+00 
2.891222e-05 1.001553e-06 3.832945e-05 4.802152e-05 5.295593e+01 1.983999e+00 
2.810400e-05 9.352788e-07 3.900217e-05 4.808200e-05 5.420937e+01 1.906054e+00 
2.704944e-05 9.069077e-07 3.930239e-05 4.771973e-05 5.544770e+01 1.920281e+00 
2.598014e-05 9.241301e-07 3.915476e-05 4.699911e-05 5.641806e+01 2.037188e+00 
2.506363e-05 9.793567e-07 3.863114e-05 4.605985e-05 5.700479e+01 2.237684e+00 
2.439567e-05 1.065630e-06 3.779814e-05 4.499982e-05 5.713612e+01 2.501153e+00 
2.410625e-05 1.173733e-06 3.674485e-05 4.396217e-05 5.670223e+01 2.787529e+00 
2.427261e-05 1.281423e-06 3.568594e-05 4.317740e-05 5.574044e+01 3.022008e+00 
2.478349e-05 1.366002e-06 3.484114e-05 4.277841e-05 5.453363e+01 3.154803e+00 
2.543870e-05 1.421510e-06 3.427029e-05 4.270364e-05 5.337089e+01 3.198351e+00 
2.610371e-05 1.453443e-06 3.392375e-05 4.282916e-05 5.237951e+01 3.186913e+00 
2.671670e-05 1.469405e-06 3.373184e-05 4.305553e-05 5.157753e+01 3.148068e+00 
2.725992e-05 1.474710e-06 3.364672e-05 4.332874e-05 5.094533e+01 3.096574e+00 
2.772890e-05 1.472534e-06 3.364072e-05 4.362062e-05 5.046280e+01 3.039818e+00 
2.812984e-05 1.464230e-06 3.370313e-05 4.392417e-05 5.011228e+01 2.979703e+00 
2.847022e-05 1.450224e-06 3.383148e-05 4.424054e-05 4.988179e+01 2.916029e+00 
2.875968e-05 1.430197e-06 3.402964e-05 4.457781e-05 4.976274e+01 2.846929e+00 
2.900746e-05 1.403493e-06 3.430393e-05 4.494621e-05 4.974905e+01 2.770031e+00 
2.921937e-05 1.369244e-06 3.466198e-05 4.535526e-05 4.983880e+01 2.682964e+00 
2.939581e-05 1.326338e-06 3.511321e-05 4.581277e-05 5.003618e+01 2.583432e+00 
2.952343e-05 1.273771e-06 3.566583e-05 4.631745e-05 5.035658e+01 2.470461e+00 
2.957044e-05 1.210250e-06 3.633114e-05 4.685966e-05 5.083388e+01 2.343676e+00 
2.947072e-05 1.135931e-06 3.710741e-05 4.740014e-05 5.152266e+01 2.207338e+00 
2.911837e-05 1.054847e-06 3.795614e-05 4.785040e-05 5.248794e+01 2.074699e+00 
2.838417e-05 9.814918e-07 3.873606e-05 4.803235e-05 5.375127e+01 1.980433e+00 
2.722182e-05 9.443633e-07 3.915998e-05 4.770140e-05 5.517899e+01 1.986875e+00 
2.586702e-05 9.842859e-07 3.879424e-05 4.663759e-05 5.628651e+01 2.179154e+00 
2.528146e-05 1.090002e-06 3.776886e-05 4.546237e-05 5.617812e+01 2.468761e+00 
2.527333e-05 1.156212e-06 3.725093e-05 4.503010e-05 5.581678e+01 2.619359e+00 
2.506448e-05 1.179459e-06 3.720434e-05 4.487518e-05 5.600257e+01 2.694179e+00 
2.418347e-05 1.221516e-06 3.666285e-05 4.393742e-05 5.655688e+01 2.891574e+00 
2.432068e-05 1.330003e-06 3.538116e-05 4.295452e-05 5.545578e+01 3.130163e+00 
2.498295e-05 1.405700e-06 3.455248e-05 4.266143e-05 5.408842e+01 3.220430e+00 
2.570579e-05 1.450574e-06 3.406963e-05 4.270400e-05 5.292138e+01 3.229767e+00 
2.637672e-05 1.474421e-06 3.380232e-05 4.290108e-05 5.199092e+01 3.199423e+00 
2.696995e-05 1.484859e-06 3.366924e-05 4.316481e-05 5.126203e+01 3.151297e+00 
2.748224e-05 1.486185e-06 3.362937e-05 4.345592e-05 5.070298e+01 3.095427e+00 
2.791985e-05 1.480883e-06 3.366102e-05 4.375815e-05 5.028672e+01 3.036152e+00 
2.829026e-05 1.469728e-06 3.375877e-05 4.406987e-05 4.999856e+01 2.973941e+00 
2.860386e-05 1.452750e-06 3.392364e-05 4.439712e-05 4.982659e+01 2.907474e+00 
2.887057e-05 1.429458e-06 3.416076e-05 4.474942e-05 4.976298e+01 2.834550e+00 
2.909870e-05 1.399055e-06 3.447730e-05 4.513730e-05 4.980317e+01 2.752640e+00 
2.929232e-05 1.360634e-06 3.488064e-05 4.556918e-05 4.994647e+01 2.659488e+00 
2.944506e-05 1.312989e-06 3.538026e-05 4.604887e-05 5.020324e+01 2.553193e+00 
2.953889e-05 1.254977e-06 3.598447e-05 4.657256e-05 5.059282e+01 2.432783e+00 
