# 1    , 2      , 3      , 4      , 5      , 6      , 7       
# dmeas, Bx_siB0, By_siB0, Bz_siB0, In_siB0, Ic_siB0, Dc_siB0 
0.000000e+00 2.763046e-05 4.298010e-07 3.722398e-05 4.636002e-05 5.341108e+01 8.911831e-01 
6.370761e-01 2.760844e-05 4.370862e-07 3.710993e-05 4.625543e-05 5.334865e+01 9.070089e-01 
1.210598e+00 2.759587e-05 4.275665e-07 3.702792e-05 4.618205e-05 5.330058e+01 8.876616e-01 
1.845679e+00 2.756915e-05 4.250360e-07 3.693629e-05 4.609261e-05 5.325917e+01 8.832640e-01 
2.729658e+00 2.750361e-05 4.176689e-07 3.678798e-05 4.593450e-05 5.321413e+01 8.700249e-01 
3.738517e+00 2.741287e-05 4.090561e-07 3.659402e-05 4.572478e-05 5.315977e+01 8.549069e-01 
4.549617e+00 2.734562e-05 4.174257e-07 3.644972e-05 4.556906e-05 5.311851e+01 8.745413e-01 
5.155007e+00 2.730800e-05 4.227042e-07 3.636887e-05 4.548187e-05 5.309522e+01 8.868183e-01 
6.267218e+00 2.726926e-05 4.220151e-07 3.614371e-05 4.527867e-05 5.296332e+01 8.866302e-01 
7.467013e+00 2.721950e-05 3.483971e-07 3.590489e-05 4.505756e-05 5.283197e+01 7.333195e-01 
8.410890e+00 2.719619e-05 4.441965e-07 3.549689e-05 4.471978e-05 5.253853e+01 9.357312e-01 
9.834582e+00 2.720622e-05 8.067766e-07 3.486895e-05 4.423429e-05 5.202494e+01 1.698558e+00 
1.028428e+01 2.722031e-05 9.430007e-07 3.469372e-05 4.410770e-05 5.186598e+01 1.984120e+00 
1.061357e+01 2.720934e-05 1.065786e-06 3.455874e-05 4.399762e-05 5.176402e+01 2.243121e+00 
1.138812e+01 2.719553e-05 1.454003e-06 3.422022e-05 4.373481e-05 5.148525e+01 3.060392e+00 
1.205015e+01 2.723395e-05 1.868845e-06 3.430686e-05 4.384223e-05 5.149071e+01 3.925591e+00 
1.281793e+01 2.731189e-05 2.177028e-06 3.468809e-05 4.420342e-05 5.169642e+01 4.557405e+00 
1.405013e+01 2.745983e-05 2.453360e-06 3.522376e-05 4.473002e-05 5.195014e+01 5.105454e+00 
1.506774e+01 2.755550e-05 2.541703e-06 3.567950e-05 4.515299e-05 5.220339e+01 5.270015e+00 
1.588203e+01 2.764234e-05 2.526394e-06 3.589877e-05 4.537845e-05 5.228818e+01 5.222084e+00 
1.664138e+01 2.771984e-05 2.452368e-06 3.611113e-05 4.558967e-05 5.238129e+01 5.055781e+00 
1.767772e+01 2.778839e-05 2.352199e-06 3.635273e-05 4.581756e-05 5.250661e+01 4.838373e+00 
1.850123e+01 2.785308e-05 2.295182e-06 3.649210e-05 4.596450e-05 5.255329e+01 4.710711e+00 
1.915023e+01 2.790317e-05 2.288843e-06 3.653811e-05 4.603107e-05 5.253930e+01 4.689363e+00 
1.983125e+01 2.795063e-05 2.226797e-06 3.666131e-05 4.615461e-05 5.259063e+01 4.555073e+00 
2.094536e+01 2.804966e-05 2.098757e-06 3.683989e-05 4.635047e-05 5.263747e+01 4.279063e+00 
2.159453e+01 2.810399e-05 2.002887e-06 3.692035e-05 4.644307e-05 5.265142e+01 4.076407e+00 
