# 1      , 2      , 3      , 4    , 5     , 6      , 7      , 8      ,                    9              , 10  , 11  , 12  , 13    , 14
# IGRF_In, IGRF_Ic, IGRF_Dc, dmeas, height, In_siB0, Ic_siB0, Dc_siB0,                    height m (-poh), In_m, Ic_m, Dc_m, min hP, max hP
4.515083e-05 5.339026e+01 3.316879e+00 0.000000000 1.821050e+03 4.647096e-05 5.350699e+01 9.231114e-01 1.821300e+03 4.699258e+01 5.558940e+01 -5.373611e+00 1.818463e+03 1.822555e+03
4.515083e-05 5.339026e+01 3.316879e+00 0.869423154 1.820748e+03 4.636002e-05 5.341108e+01 8.911831e-01 1.820800e+03 4.662078e+01 5.550411e+01 -4.560932e+00 1.816227e+03 1.820748e+03
4.515083e-05 5.339026e+01 3.316879e+00 1.506072863 1.820600e+03 4.625543e-05 5.334865e+01 9.070089e-01 1.820200e+03 4.617784e+01 5.551353e+01 -5.206574e+00 1.816227e+03 1.820748e+03
4.515083e-05 5.339026e+01 3.316879e+00 2.078427441 1.820398e+03 4.618205e-05 5.330058e+01 8.876616e-01 1.819600e+03 4.520452e+01 5.508329e+01 -5.451979e+00 1.816227e+03 1.820748e+03
4.515083e-05 5.339026e+01 3.316879e+00 2.712331661 1.820207e+03 4.609261e-05 5.325917e+01 8.832640e-01 1.819300e+03 4.491944e+01 5.469865e+01 -6.265911e+00 1.816227e+03 1.820748e+03
4.515083e-05 5.339026e+01 3.316879e+00 3.594886205 1.819971e+03 4.593450e-05 5.321413e+01 8.700249e-01 1.819000e+03 4.512674e+01 5.424000e+01 -4.095134e+00 1.816227e+03 1.820748e+03
4.515083e-05 5.339026e+01 3.316879e+00 4.601886153 1.819684e+03 4.572478e-05 5.315977e+01 8.549069e-01 1.818600e+03 4.531808e+01 5.407801e+01 -3.061666e+00 1.816227e+03 1.820748e+03
4.515083e-05 5.339026e+01 3.316879e+00 5.411376195 1.819422e+03 4.556906e-05 5.311851e+01 8.745413e-01 1.817800e+03 4.576703e+01 5.302444e+01 -2.391217e+00 1.816227e+03 1.820748e+03
4.515083e-05 5.339026e+01 3.316879e+00 6.015808914 1.819230e+03 4.548187e-05 5.309522e+01 8.868183e-01 1.817400e+03 4.674062e+01 5.333395e+01 -1.137918e+00 1.816227e+03 1.820748e+03
4.515083e-05 5.339026e+01 3.316879e+00 7.125851583 1.818878e+03 4.527867e-05 5.296332e+01 8.866302e-01 1.816700e+03 4.760890e+01 5.191775e+01 -2.593361e+00 1.816227e+03 1.820748e+03
4.515083e-05 5.339026e+01 3.316879e+00 8.324366949 1.818278e+03 4.505756e-05 5.283197e+01 7.333195e-01 1.816500e+03 4.654071e+01 5.225061e+01 -4.282033e+00 1.816227e+03 1.820748e+03
4.515083e-05 5.339026e+01 3.316879e+00 9.266429964 1.817734e+03 4.471978e-05 5.253853e+01 9.357312e-01 1.816300e+03 4.531885e+01 5.349837e+01 -4.865673e+00 1.816227e+03 1.820748e+03
4.515083e-05 5.339026e+01 3.316879e+00 10.68755017 1.816956e+03 4.423429e-05 5.202494e+01 1.698558e+00 1.815500e+03 4.448180e+01 5.367950e+01 -4.798882e+00 1.816227e+03 1.820748e+03
4.515083e-05 5.339026e+01 3.316879e+00 11.13691824 1.816787e+03 4.410770e-05 5.186598e+01 1.984120e+00 1.815300e+03 4.402859e+01 5.384263e+01 -5.376783e+00 1.816227e+03 1.820748e+03
4.515083e-05 5.339026e+01 3.316879e+00 11.46549839 1.816600e+03 4.399762e-05 5.176402e+01 2.243121e+00 1.814900e+03 4.340300e+01 5.415621e+01 -6.031851e+00 1.816227e+03 1.820748e+03
4.515083e-05 5.339026e+01 3.316879e+00 12.23885762 1.816227e+03 4.373481e-05 5.148525e+01 3.060392e+00 1.814700e+03 4.225493e+01 5.374011e+01 -4.038812e+00 1.816227e+03 1.820748e+03
4.515083e-05 5.339026e+01 3.316879e+00 12.89961059 1.816276e+03 4.384223e-05 5.149071e+01 3.925591e+00 1.814200e+03 4.109440e+01 5.332123e+01 -2.578139e+00 1.816227e+03 1.820748e+03
4.515083e-05 5.339026e+01 3.316879e+00 13.66588247 1.816581e+03 4.420342e-05 5.169642e+01 4.557405e+00 1.812400e+03 4.018695e+01 5.227417e+01 -1.306102e+00 1.816227e+03 1.820748e+03
4.515083e-05 5.339026e+01 3.316879e+00 14.89589127 1.817128e+03 4.473002e-05 5.195014e+01 5.105454e+00 1.811900e+03 4.019159e+01 5.215232e+01 2.174027e+00 1.816227e+03 1.820748e+03
4.515083e-05 5.339026e+01 3.316879e+00 15.91165659 1.817555e+03 4.515299e-05 5.220339e+01 5.270015e+00 1.812100e+03 4.132504e+01 5.217554e+01 3.358654e+00 1.816227e+03 1.820748e+03
4.515083e-05 5.339026e+01 3.316879e+00 16.72589054 1.817893e+03 4.537845e-05 5.228818e+01 5.222084e+00 1.812600e+03 4.185611e+01 5.158201e+01 4.952362e+00 1.816227e+03 1.820748e+03
4.515083e-05 5.339026e+01 3.316879e+00 17.48418073 1.818233e+03 4.558967e-05 5.238129e+01 5.055781e+00 1.813400e+03 4.271580e+01 5.180156e+01 5.755003e+00 1.816227e+03 1.820748e+03
4.515083e-05 5.339026e+01 3.316879e+00 18.51849373 1.818473e+03 4.581756e-05 5.250661e+01 4.838373e+00 1.813700e+03 4.342387e+01 5.126539e+01 6.265739e+00 1.816227e+03 1.820748e+03
4.515083e-05 5.339026e+01 3.316879e+00 19.34047620 1.818627e+03 4.596450e-05 5.255329e+01 4.710711e+00 1.814600e+03 4.438225e+01 5.216616e+01 5.741401e+00 1.816227e+03 1.820748e+03
4.515083e-05 5.339026e+01 3.316879e+00 19.98966778 1.818788e+03 4.603107e-05 5.253930e+01 4.689363e+00 1.815800e+03 4.512443e+01 5.160962e+01 6.923538e+00 1.816227e+03 1.820748e+03
4.515083e-05 5.339026e+01 3.316879e+00 20.66947148 1.818890e+03 4.615461e-05 5.259063e+01 4.555073e+00 1.818000e+03 4.571149e+01 5.284499e+01 5.463119e+00 1.816227e+03 1.820748e+03
4.515083e-05 5.339026e+01 3.316879e+00 21.78227608 1.819175e+03 4.635047e-05 5.263747e+01 4.279063e+00 1.819300e+03 4.645175e+01 5.346176e+01 4.618125e+00 1.816227e+03 1.820748e+03
4.515083e-05 5.339026e+01 3.316879e+00 22.43097234 1.819372e+03 4.644307e-05 5.265142e+01 4.076407e+00 1.821300e+03 4.612181e+01 5.370308e+01 1.792333e+00 1.816227e+03 1.820748e+03
