# 1, 2, 3, 4   , 5   , 6   , 7   , 8   , 9   , 10  
# x, y, z, Bx_si, By_si, Bz_si, In_si, Ic_si, Dc_si, dmeas 
4.993928e+05 4.171910e+06 1.822471e+03 -3.978380e-07 -6.158720e-08 1.427655e-06 1.483329e-06 7.425236e+01 -1.712002e+02 0.000000e+00 
4.993933e+05 4.171910e+06 1.822471e+03 -3.982377e-07 -6.295395e-08 1.426747e-06 1.482620e-06 7.422029e+01 -1.710169e+02 6.370761e-01 
4.993939e+05 4.171910e+06 1.822471e+03 -3.980203e-07 -6.456887e-08 1.427552e-06 1.483406e-06 7.422724e+01 -1.707855e+02 1.210598e+00 
4.993945e+05 4.171910e+06 1.822471e+03 -3.978482e-07 -6.635366e-08 1.428264e-06 1.484124e-06 7.423025e+01 -1.705313e+02 1.845679e+00 
4.993953e+05 4.171911e+06 1.822471e+03 -3.979685e-07 -6.867497e-08 1.428273e-06 1.484271e-06 7.421152e+01 -1.702092e+02 2.729658e+00 
4.993963e+05 4.171911e+06 1.822471e+03 -3.980719e-07 -7.136019e-08 1.428404e-06 1.484551e-06 7.419183e+01 -1.698368e+02 3.738517e+00 
4.993971e+05 4.171911e+06 1.822471e+03 -3.977791e-07 -7.370919e-08 1.429550e-06 1.485690e-06 7.419893e+01 -1.695021e+02 4.549617e+00 
4.993977e+05 4.171911e+06 1.822471e+03 -3.973496e-07 -7.548335e-08 1.430975e-06 1.487035e-06 7.421741e+01 -1.692439e+02 5.155007e+00 
4.993988e+05 4.171911e+06 1.822471e+03 -3.968376e-07 -7.878346e-08 1.432880e-06 1.488903e-06 7.423265e+01 -1.687712e+02 6.267218e+00 
4.993999e+05 4.171910e+06 1.822471e+03 -3.955282e-07 -8.217569e-08 1.436969e-06 1.492674e-06 7.429775e+01 -1.682631e+02 7.467013e+00 
4.994008e+05 4.171910e+06 1.822471e+03 -3.951959e-07 -8.502713e-08 1.438349e-06 1.494074e-06 7.430231e+01 -1.678578e+02 8.410890e+00 
4.994022e+05 4.171911e+06 1.822471e+03 -3.951322e-07 -8.915108e-08 1.439245e-06 1.495160e-06 7.428114e+01 -1.672856e+02 9.834582e+00 
4.994025e+05 4.171911e+06 1.822471e+03 -3.954572e-07 -9.006306e-08 1.438545e-06 1.494627e-06 7.425474e+01 -1.671701e+02 1.028428e+01 
4.994029e+05 4.171911e+06 1.822471e+03 -3.952428e-07 -9.110220e-08 1.439309e-06 1.495368e-06 7.426183e+01 -1.670202e+02 1.061357e+01 
4.994036e+05 4.171911e+06 1.822471e+03 -3.953942e-07 -9.321414e-08 1.439313e-06 1.495543e-06 7.423876e+01 -1.667347e+02 1.138812e+01 
4.994042e+05 4.171911e+06 1.822471e+03 -3.951434e-07 -9.529761e-08 1.440383e-06 1.496638e-06 7.424107e+01 -1.664408e+02 1.205015e+01 
4.994050e+05 4.171911e+06 1.822471e+03 -3.945316e-07 -9.777885e-08 1.442490e-06 1.498664e-06 7.426312e+01 -1.660806e+02 1.281793e+01 
4.994062e+05 4.171911e+06 1.822471e+03 -3.943333e-07 -1.015900e-07 1.443794e-06 1.500120e-06 7.424937e+01 -1.655533e+02 1.405013e+01 
4.994072e+05 4.171911e+06 1.822471e+03 -3.936933e-07 -1.049851e-07 1.446190e-06 1.502492e-06 7.426530e+01 -1.650686e+02 1.506774e+01 
4.994078e+05 4.171912e+06 1.822471e+03 -3.941678e-07 -1.068495e-07 1.445366e-06 1.501955e-06 7.422217e+01 -1.648330e+02 1.588203e+01 
4.994085e+05 4.171912e+06 1.822471e+03 -3.943158e-07 -1.090027e-07 1.445480e-06 1.502258e-06 7.419725e+01 -1.645473e+02 1.664138e+01 
4.994096e+05 4.171912e+06 1.822471e+03 -3.936123e-07 -1.125818e-07 1.448109e-06 1.504867e-06 7.421382e+01 -1.640383e+02 1.767772e+01 
4.994104e+05 4.171912e+06 1.822471e+03 -3.932873e-07 -1.153850e-07 1.449606e-06 1.506434e-06 7.421218e+01 -1.636490e+02 1.850123e+01 
4.994108e+05 4.171912e+06 1.822471e+03 -3.939164e-07 -1.163866e-07 1.448272e-06 1.505393e-06 7.416591e+01 -1.635397e+02 1.915023e+01 
4.994114e+05 4.171912e+06 1.822471e+03 -3.933500e-07 -1.188182e-07 1.450297e-06 1.507383e-06 7.418130e+01 -1.631921e+02 1.983125e+01 
4.994125e+05 4.171913e+06 1.822471e+03 -3.934180e-07 -1.222659e-07 1.451021e-06 1.508373e-06 7.414951e+01 -1.627359e+02 2.094536e+01 
4.994130e+05 4.171913e+06 1.822471e+03 -3.937688e-07 -1.238433e-07 1.450593e-06 1.508181e-06 7.411563e+01 -1.625412e+02 2.159453e+01 
