# 1, 2, 3, 4   , 5   , 6   , 7   , 8   , 9   , 10  
# x, y, z, Bx_si, By_si, Bz_si, In_si, Ic_si, Dc_si, dmeas 
4.993928e+05 4.171910e+06 1.820748e+03 -1.128099e-06 7.493576e-07 -9.806760e-07 1.672085e-06 3.590894e+01 -5.640527e+01 0.000000e+00 
4.993933e+05 4.171910e+06 1.820600e+03 -1.120814e-06 7.273436e-07 -8.666350e-07 1.592579e-06 3.296801e+01 -5.701875e+01 6.370761e-01 
4.993939e+05 4.171910e+06 1.820398e+03 -1.130334e-06 7.147708e-07 -7.846234e-07 1.550543e-06 3.039983e+01 -5.769263e+01 1.210598e+00 
4.993945e+05 4.171910e+06 1.820207e+03 -1.132864e-06 6.880496e-07 -6.929909e-07 1.495670e-06 2.760228e+01 -5.872743e+01 1.845679e+00 
4.993953e+05 4.171911e+06 1.819971e+03 -1.140231e-06 6.225090e-07 -5.446821e-07 1.408660e-06 2.274726e+01 -6.136768e+01 2.729658e+00 
4.993963e+05 4.171911e+06 1.819684e+03 -1.148844e-06 5.317677e-07 -3.507235e-07 1.313631e-06 1.548511e+01 -6.516190e+01 3.738517e+00 
4.993971e+05 4.171911e+06 1.819422e+03 -1.140474e-06 4.645207e-07 -2.064152e-07 1.248627e-06 9.515463e+00 -6.783870e+01 4.549617e+00 
4.993977e+05 4.171911e+06 1.819230e+03 -1.135196e-06 4.268966e-07 -1.255701e-07 1.219294e-06 5.911138e+00 -6.939095e+01 5.155007e+00 
4.993988e+05 4.171911e+06 1.818878e+03 -1.135885e-06 3.881629e-07 9.959233e-08 1.204501e-06 -4.742827e+00 -7.113330e+01 6.267218e+00 
4.993999e+05 4.171910e+06 1.818278e+03 -1.209503e-06 3.384033e-07 3.384087e-07 1.300744e-06 -1.507988e+01 -7.436906e+01 7.467013e+00 
4.994008e+05 4.171910e+06 1.817734e+03 -1.113704e-06 3.150873e-07 7.464137e-07 1.377225e-06 -3.281780e+01 -7.420281e+01 8.410890e+00 
4.994022e+05 4.171911e+06 1.816956e+03 -7.511234e-07 3.251182e-07 1.374351e-06 1.599603e-06 -5.922493e+01 -6.659498e+01 9.834582e+00 
4.994025e+05 4.171911e+06 1.816787e+03 -6.148993e-07 3.392075e-07 1.549577e-06 1.701279e-06 -6.562035e+01 -6.111680e+01 1.028428e+01 
4.994029e+05 4.171911e+06 1.816600e+03 -4.921140e-07 3.282397e-07 1.684559e-06 1.785401e-06 -7.065112e+01 -5.629674e+01 1.061357e+01 
4.994036e+05 4.171911e+06 1.816227e+03 -1.038973e-07 3.144287e-07 2.023085e-06 2.050008e-06 -8.070395e+01 -1.828521e+01 1.138812e+01 
4.994042e+05 4.171911e+06 1.816276e+03 3.109451e-07 3.528457e-07 1.936435e-06 1.992729e-06 -7.634880e+01 4.138810e+01 1.205015e+01 
4.994050e+05 4.171911e+06 1.816581e+03 6.191283e-07 4.307934e-07 1.555214e-06 1.728465e-06 -6.412728e+01 5.516956e+01 1.281793e+01 
4.994062e+05 4.171911e+06 1.817128e+03 8.954597e-07 5.787331e-07 1.019539e-06 1.475208e-06 -4.371845e+01 5.712553e+01 1.405013e+01 
4.994072e+05 4.171911e+06 1.817555e+03 9.838025e-07 6.744008e-07 5.638023e-07 1.319302e-06 -2.529944e+01 5.556920e+01 1.506774e+01 
4.994078e+05 4.171912e+06 1.817893e+03 9.684935e-07 7.612434e-07 3.445290e-07 1.279129e-06 -1.562539e+01 5.183238e+01 1.588203e+01 
4.994085e+05 4.171912e+06 1.818233e+03 8.944676e-07 8.387412e-07 1.321672e-07 1.233299e-06 -6.151948e+00 4.684155e+01 1.664138e+01 
4.994096e+05 4.171912e+06 1.818473e+03 7.942993e-07 9.072881e-07 -1.094302e-07 1.210809e-06 5.185342e+00 4.120102e+01 1.767772e+01 
4.994104e+05 4.171912e+06 1.818627e+03 7.372820e-07 9.719800e-07 -2.487953e-07 1.245082e-06 1.152658e+01 3.718163e+01 1.850123e+01 
4.994108e+05 4.171912e+06 1.818788e+03 7.309425e-07 1.022066e-06 -2.948108e-07 1.290662e-06 1.320397e+01 3.557091e+01 1.915023e+01 
4.994114e+05 4.171912e+06 1.818890e+03 6.688967e-07 1.069529e-06 -4.180088e-07 1.328926e-06 1.833342e+01 3.202238e+01 1.983125e+01 
4.994125e+05 4.171913e+06 1.819175e+03 5.408567e-07 1.168557e-06 -5.965920e-07 1.419145e-06 2.485911e+01 2.483667e+01 2.094536e+01 
4.994130e+05 4.171913e+06 1.819372e+03 4.449874e-07 1.222892e-06 -6.770524e-07 1.466929e-06 2.748680e+01 1.999549e+01 2.159453e+01 
