# 1    , 2      , 3      , 4      , 5      , 6      , 7       
# dmeas, Bx_siB0, By_siB0, Bz_siB0, In_siB0, Ic_siB0, Dc_siB0 
0.000000e+00 2.806148e-05 9.401239e-07 3.696042e-05 4.641555e-05 5.277764e+01 1.918822e+00 
3.064894e+00 2.800317e-05 1.360169e-06 3.716884e-05 4.655696e-05 5.297302e+01 2.780784e+00 
4.917837e+00 2.790340e-05 1.645029e-06 3.725829e-05 4.657774e-05 5.312209e+01 3.373935e+00 
7.646086e+00 2.769659e-05 2.127452e-06 3.711618e-05 4.635987e-05 5.318839e+01 4.392423e+00 
9.482149e+00 2.756965e-05 2.246075e-06 3.688714e-05 4.610631e-05 5.313444e+01 4.657550e+00 
1.201407e+01 2.739817e-05 2.425878e-06 3.643021e-05 4.564762e-05 5.294665e+01 5.059866e+00 
1.482859e+01 2.731032e-05 2.129915e-06 3.566291e-05 4.496925e-05 5.247156e+01 4.459435e+00 
1.766269e+01 2.751173e-05 1.266468e-06 3.574068e-05 4.512090e-05 5.238306e+01 2.635678e+00 
1.994864e+01 2.778396e-05 1.167426e-06 3.623913e-05 4.567917e-05 5.249879e+01 2.406037e+00 
2.143570e+01 2.791280e-05 1.304265e-06 3.646067e-05 4.593697e-05 5.253364e+01 2.675279e+00 
2.297526e+01 2.794422e-05 1.450700e-06 3.649275e-05 4.598592e-05 5.251979e+01 2.971793e+00 
2.427046e+01 2.795852e-05 1.502093e-06 3.656427e-05 4.605302e-05 5.255716e+01 3.075304e+00 
2.656524e+01 2.793822e-05 1.596951e-06 3.656137e-05 4.604160e-05 5.256980e+01 3.271471e+00 
2.856511e+01 2.789000e-05 1.650862e-06 3.655465e-05 4.600891e-05 5.260923e+01 3.387493e+00 
3.058152e+01 2.781889e-05 1.648936e-06 3.649530e-05 4.591859e-05 5.263475e+01 3.392180e+00 
3.245367e+01 2.781809e-05 1.555686e-06 3.642989e-05 4.586288e-05 5.259127e+01 3.200849e+00 
3.360104e+01 2.784728e-05 1.509189e-06 3.643782e-05 4.588533e-05 5.257091e+01 3.102122e+00 
3.440567e+01 2.787342e-05 1.486156e-06 3.644930e-05 4.590956e-05 5.255498e+01 3.052010e+00 
3.622869e+01 2.792543e-05 1.512155e-06 3.646096e-05 4.595126e-05 5.251101e+01 3.099525e+00 
3.813194e+01 2.795789e-05 1.518513e-06 3.643874e-05 4.595358e-05 5.246175e+01 3.108925e+00 
3.945290e+01 2.794378e-05 1.535015e-06 3.640434e-05 4.591827e-05 5.244864e+01 3.144227e+00 
4.067084e+01 2.791659e-05 1.536422e-06 3.636528e-05 4.587080e-05 5.244572e+01 3.150162e+00 
4.241987e+01 2.790238e-05 1.519652e-06 3.630861e-05 4.581667e-05 5.241750e+01 3.117429e+00 
4.362551e+01 2.796825e-05 1.502722e-06 3.623850e-05 4.580077e-05 5.229971e+01 3.075519e+00 
4.574997e+01 2.795816e-05 1.517344e-06 3.629989e-05 4.584369e-05 5.235581e+01 3.106505e+00 
4.735653e+01 2.792222e-05 1.536040e-06 3.633714e-05 4.585191e-05 5.241874e+01 3.148747e+00 
4.869271e+01 2.790055e-05 1.570955e-06 3.635816e-05 4.585656e-05 5.245427e+01 3.222666e+00 
5.057750e+01 2.777401e-05 1.581492e-06 3.643675e-05 4.584249e-05 5.263872e+01 3.258984e+00 
5.249060e+01 2.768210e-05 1.738116e-06 3.646248e-05 4.581301e-05 5.274014e+01 3.592797e+00 
5.344915e+01 2.763537e-05 1.855876e-06 3.639548e-05 4.573608e-05 5.272821e+01 3.841976e+00 
5.511107e+01 2.753360e-05 1.954224e-06 3.611842e-05 4.545831e-05 5.261177e+01 4.059815e+00 
5.747977e+01 2.742814e-05 1.699873e-06 3.569530e-05 4.504828e-05 5.240838e+01 3.546398e+00 
5.896569e+01 2.750568e-05 1.387693e-06 3.575974e-05 4.513588e-05 5.239803e+01 2.888188e+00 
6.008257e+01 2.760080e-05 1.357800e-06 3.589311e-05 4.529860e-05 5.240725e+01 2.816350e+00 
6.113190e+01 2.769947e-05 1.286552e-06 3.592640e-05 4.538306e-05 5.233770e+01 2.659294e+00 
6.281068e+01 2.782577e-05 1.216428e-06 3.596640e-05 4.548994e-05 5.224584e+01 2.503142e+00 
6.470866e+01 2.795870e-05 1.193469e-06 3.613512e-05 4.570405e-05 5.224469e+01 2.444293e+00 
6.620104e+01 2.790912e-05 1.191698e-06 3.614107e-05 4.567839e-05 5.229846e+01 2.445001e+00 
6.764744e+01 2.780417e-05 1.121929e-06 3.610396e-05 4.558318e-05 5.237709e+01 2.310694e+00 
