# 1, 2, 3, 4   , 5   , 6   , 7   , 8   , 9   , 10  
# x, y, z, Bx_si, By_si, Bz_si, In_si, Ic_si, Dc_si, dmeas 
4.993891e+05 4.171946e+06 1.826520e+03 -6.176761e-07 1.180482e-06 -7.173236e-07 1.513147e-06 2.829821e+01 -2.762040e+01 0.000000e+00 
4.993860e+05 4.171946e+06 1.826705e+03 -1.976307e-07 1.122171e-06 -9.257431e-07 1.468103e-06 3.909227e+01 -9.988203e+00 3.064894e+00 
4.993842e+05 4.171946e+06 1.826880e+03 8.722938e-08 1.022405e-06 -1.015186e-06 1.443441e-06 4.469312e+01 4.876544e+00 4.917837e+00 
4.993819e+05 4.171947e+06 1.826955e+03 5.696521e-07 8.155892e-07 -8.730776e-07 1.323614e-06 4.127063e+01 3.493256e+01 7.646086e+00 
4.993801e+05 4.171947e+06 1.826606e+03 6.882750e-07 6.886508e-07 -6.440446e-07 1.167371e-06 3.348406e+01 4.498436e+01 9.482149e+00 
4.993776e+05 4.171947e+06 1.826032e+03 8.680784e-07 5.171707e-07 -1.871109e-07 1.027636e-06 1.049088e+01 5.921500e+01 1.201407e+01 
4.993751e+05 4.171948e+06 1.825206e+03 5.721146e-07 4.293220e-07 5.801877e-07 9.210050e-07 -3.904648e+01 5.311498e+01 1.482859e+01 
4.993723e+05 4.171949e+06 1.825036e+03 -2.913323e-07 6.307293e-07 5.024183e-07 8.573903e-07 -3.587264e+01 -2.479210e+01 1.766269e+01 
4.993700e+05 4.171949e+06 1.825372e+03 -3.903742e-07 9.029646e-07 3.966673e-09 9.837443e-07 -2.310298e-01 -2.338004e+01 1.994864e+01 
4.993685e+05 4.171949e+06 1.825588e+03 -2.535355e-07 1.031799e-06 -2.175661e-07 1.084539e-06 1.157246e+01 -1.380530e+01 2.143570e+01 
4.993670e+05 4.171948e+06 1.825496e+03 -1.071001e-07 1.063218e-06 -2.496477e-07 1.097373e-06 1.314968e+01 -5.752116e+00 2.297526e+01 
4.993661e+05 4.171949e+06 1.825764e+03 -5.570660e-08 1.077517e-06 -3.211723e-07 1.125743e-06 1.657666e+01 -2.959502e+00 2.427046e+01 
4.993638e+05 4.171950e+06 1.825772e+03 3.915087e-08 1.057223e-06 -3.182746e-07 1.104786e-06 1.674348e+01 2.120797e+00 2.656524e+01 
4.993620e+05 4.171950e+06 1.825883e+03 9.306181e-08 1.008998e-06 -3.115527e-07 1.060095e-06 1.709106e+01 5.269593e+00 2.856511e+01 
4.993602e+05 4.171951e+06 1.826048e+03 9.113601e-08 9.378854e-07 -2.522042e-07 9.754700e-07 1.498383e+01 5.550109e+00 3.058152e+01 
4.993584e+05 4.171952e+06 1.826018e+03 -2.113905e-09 9.370870e-07 -1.867949e-07 9.555254e-07 1.127330e+01 -1.292491e-01 3.245367e+01 
4.993572e+05 4.171951e+06 1.826007e+03 -4.861068e-08 9.662815e-07 -1.947203e-07 9.869037e-07 1.137936e+01 -2.879948e+00 3.360104e+01 
4.993565e+05 4.171952e+06 1.826049e+03 -7.164358e-08 9.924151e-07 -2.062004e-07 1.016139e-06 1.170807e+01 -4.129085e+00 3.440567e+01 
4.993550e+05 4.171951e+06 1.825781e+03 -4.564463e-08 1.044435e-06 -2.178619e-07 1.067891e-06 1.177163e+01 -2.502388e+00 3.622869e+01 
4.993532e+05 4.171951e+06 1.825886e+03 -3.928708e-08 1.076891e-06 -1.956370e-07 1.095222e-06 1.028984e+01 -2.089336e+00 3.813194e+01 
4.993519e+05 4.171951e+06 1.825793e+03 -2.278478e-08 1.062784e-06 -1.612391e-07 1.075187e-06 8.624831e+00 -1.228163e+00 3.945290e+01 
4.993507e+05 4.171951e+06 1.825773e+03 -2.137787e-08 1.035588e-06 -1.221778e-07 1.042990e-06 6.727180e+00 -1.182601e+00 4.067084e+01 
4.993489e+05 4.171951e+06 1.825781e+03 -3.814806e-08 1.021381e-06 -6.550760e-08 1.024191e-06 3.667161e+00 -2.138973e+00 4.241987e+01 
4.993479e+05 4.171951e+06 1.825916e+03 -5.507842e-08 1.087249e-06 4.598551e-09 1.088653e-06 -2.420223e-01 -2.900039e+00 4.362551e+01 
4.993458e+05 4.171951e+06 1.825894e+03 -4.045640e-08 1.077164e-06 -5.679423e-08 1.079418e-06 3.016044e+00 -2.150919e+00 4.574997e+01 
4.993442e+05 4.171951e+06 1.825847e+03 -2.175982e-08 1.041217e-06 -9.403881e-08 1.045682e-06 5.159617e+00 -1.197218e+00 4.735653e+01 
4.993430e+05 4.171951e+06 1.825979e+03 1.315478e-08 1.019546e-06 -1.150632e-07 1.026102e-06 6.438473e+00 7.392230e-01 4.869271e+01 
4.993412e+05 4.171950e+06 1.825946e+03 2.369162e-08 8.930126e-07 -1.936536e-07 9.140758e-07 1.223121e+01 1.519700e+00 5.057750e+01 
4.993393e+05 4.171950e+06 1.826059e+03 1.803164e-07 8.011006e-07 -2.193755e-07 8.499423e-07 1.495773e+01 1.268507e+01 5.249060e+01 
4.993383e+05 4.171950e+06 1.825978e+03 2.980758e-07 7.543725e-07 -1.523800e-07 8.253161e-07 1.063969e+01 2.156050e+01 5.344915e+01 
4.993367e+05 4.171950e+06 1.825636e+03 3.964238e-07 6.525985e-07 1.246808e-07 7.736808e-07 -9.273810e+00 3.127677e+01 5.511107e+01 
4.993343e+05 4.171950e+06 1.825168e+03 1.420726e-07 5.471442e-07 5.477959e-07 7.871669e-07 -4.409963e+01 1.455608e+01 5.747977e+01 
4.993329e+05 4.171950e+06 1.825162e+03 -1.701073e-07 6.246849e-07 4.833563e-07 8.079610e-07 -3.674410e+01 -1.523281e+01 5.896569e+01 
4.993321e+05 4.171949e+06 1.825146e+03 -2.000001e-07 7.198043e-07 3.499872e-07 8.249905e-07 -2.510205e+01 -1.552813e+01 6.008257e+01 
4.993310e+05 4.171949e+06 1.825220e+03 -2.712483e-07 8.184707e-07 3.167003e-07 9.185690e-07 -2.016811e+01 -1.833564e+01 6.113190e+01 
4.993293e+05 4.171949e+06 1.825312e+03 -3.413718e-07 9.447667e-07 2.767015e-07 1.041961e-06 -1.540014e+01 -1.986627e+01 6.281068e+01 
4.993279e+05 4.171950e+06 1.825811e+03 -3.643306e-07 1.077702e-06 1.079768e-07 1.142732e-06 -5.421966e+00 -1.867847e+01 6.470866e+01 
4.993264e+05 4.171950e+06 1.825907e+03 -3.661019e-07 1.028116e-06 1.020331e-07 1.096113e-06 -5.341184e+00 -1.960031e+01 6.620104e+01 
4.993252e+05 4.171949e+06 1.825848e+03 -4.358709e-07 9.231727e-07 1.391415e-07 1.030336e-06 -7.761213e+00 -2.527408e+01 6.764744e+01 
