# 1, 2, 3, 4   , 5   , 6   , 7   , 8   , 9   , 10  
# x, y, z, Bx_si, By_si, Bz_si, In_si, Ic_si, Dc_si, dmeas 
4.993891e+05 4.171946e+06 1.827841e+03 -5.324066e-07 -4.728259e-08 1.479383e-06 1.572980e-06 7.013518e+01 -1.749249e+02 0.000000e+00 
4.993860e+05 4.171946e+06 1.827841e+03 -5.316996e-07 -3.998546e-08 1.477021e-06 1.570317e-06 7.015054e+01 -1.756993e+02 3.064894e+00 
4.993842e+05 4.171946e+06 1.827841e+03 -5.319684e-07 -3.552431e-08 1.475459e-06 1.568832e-06 7.013282e+01 -1.761795e+02 4.917837e+00 
4.993819e+05 4.171947e+06 1.827841e+03 -5.378295e-07 -2.976493e-08 1.471139e-06 1.566651e-06 6.988996e+01 -1.768323e+02 7.646086e+00 
4.993801e+05 4.171947e+06 1.827841e+03 -5.367760e-07 -2.568336e-08 1.470582e-06 1.565695e-06 6.992635e+01 -1.772606e+02 9.482149e+00 
4.993776e+05 4.171947e+06 1.827841e+03 -5.385533e-07 -1.984905e-08 1.468568e-06 1.564329e-06 6.984843e+01 -1.778892e+02 1.201407e+01 
4.993751e+05 4.171948e+06 1.827841e+03 -5.431143e-07 -1.390302e-08 1.465647e-06 1.563102e-06 6.966105e+01 -1.785336e+02 1.482859e+01 
4.993723e+05 4.171949e+06 1.827841e+03 -5.452582e-07 -7.646352e-09 1.464105e-06 1.562360e-06 6.957195e+01 -1.791966e+02 1.766269e+01 
4.993700e+05 4.171949e+06 1.827841e+03 -5.449503e-07 -2.592445e-09 1.463978e-06 1.562116e-06 6.958253e+01 -1.797274e+02 1.994864e+01 
4.993685e+05 4.171949e+06 1.827841e+03 -5.454493e-07 6.849964e-10 1.463742e-06 1.562068e-06 6.956256e+01 1.799280e+02 2.143570e+01 
4.993670e+05 4.171948e+06 1.827841e+03 -5.444464e-07 4.047260e-09 1.464234e-06 1.562184e-06 6.960282e+01 1.795741e+02 2.297526e+01 
4.993661e+05 4.171949e+06 1.827841e+03 -5.479697e-07 5.916919e-09 1.462905e-06 1.562177e-06 6.946415e+01 1.793814e+02 2.427046e+01 
4.993638e+05 4.171950e+06 1.827841e+03 -5.482243e-07 1.096492e-08 1.463233e-06 1.562601e-06 6.945695e+01 1.788542e+02 2.656524e+01 
4.993620e+05 4.171950e+06 1.827841e+03 -5.506088e-07 1.504079e-08 1.462869e-06 1.563132e-06 6.936713e+01 1.784353e+02 2.856511e+01 
4.993602e+05 4.171951e+06 1.827841e+03 -5.544008e-07 1.868786e-08 1.462160e-06 1.563848e-06 6.922421e+01 1.780694e+02 3.058152e+01 
4.993584e+05 4.171952e+06 1.827841e+03 -5.551568e-07 2.273744e-08 1.462773e-06 1.564743e-06 6.920113e+01 1.776547e+02 3.245367e+01 
4.993572e+05 4.171951e+06 1.827841e+03 -5.547077e-07 2.530319e-08 1.463554e-06 1.565353e-06 6.922284e+01 1.773882e+02 3.360104e+01 
4.993565e+05 4.171952e+06 1.827841e+03 -5.552278e-07 2.702230e-08 1.463846e-06 1.565839e-06 6.920608e+01 1.772137e+02 3.440567e+01 
4.993550e+05 4.171951e+06 1.827841e+03 -5.506885e-07 3.059863e-08 1.466389e-06 1.566681e-06 6.938772e+01 1.768197e+02 3.622869e+01 
4.993532e+05 4.171951e+06 1.827841e+03 -5.520159e-07 3.470390e-08 1.467267e-06 1.568055e-06 6.934540e+01 1.764027e+02 3.813194e+01 
4.993519e+05 4.171951e+06 1.827841e+03 -5.503587e-07 3.777559e-08 1.468897e-06 1.569070e-06 6.941602e+01 1.760735e+02 3.945290e+01 
4.993507e+05 4.171951e+06 1.827841e+03 -5.497578e-07 4.065703e-08 1.470182e-06 1.570134e-06 6.944597e+01 1.757704e+02 4.067084e+01 
4.993489e+05 4.171951e+06 1.827841e+03 -5.495714e-07 4.478239e-08 1.471917e-06 1.571806e-06 6.946361e+01 1.753415e+02 4.241987e+01 
4.993479e+05 4.171951e+06 1.827841e+03 -5.517508e-07 4.695532e-08 1.472190e-06 1.572888e-06 6.938686e+01 1.751357e+02 4.362551e+01 
4.993458e+05 4.171951e+06 1.827841e+03 -5.496196e-07 5.222654e-08 1.475270e-06 1.575193e-06 6.948247e+01 1.745719e+02 4.574997e+01 
4.993442e+05 4.171951e+06 1.827841e+03 -5.476187e-07 5.630975e-08 1.477882e-06 1.577083e-06 6.956980e+01 1.741291e+02 4.735653e+01 
4.993430e+05 4.171951e+06 1.827841e+03 -5.485082e-07 5.938699e-08 1.479217e-06 1.578756e-06 6.954565e+01 1.738207e+02 4.869271e+01 
4.993412e+05 4.171950e+06 1.827841e+03 -5.451078e-07 6.430220e-08 1.482853e-06 1.581180e-06 6.968765e+01 1.732723e+02 5.057750e+01 
4.993393e+05 4.171950e+06 1.827841e+03 -5.440997e-07 6.941529e-08 1.486040e-06 1.584038e-06 6.974047e+01 1.727296e+02 5.249060e+01 
4.993383e+05 4.171950e+06 1.827841e+03 -5.431552e-07 7.207412e-08 1.487866e-06 1.585546e-06 6.978344e+01 1.724413e+02 5.344915e+01 
4.993367e+05 4.171950e+06 1.827841e+03 -5.414167e-07 7.678456e-08 1.491193e-06 1.588296e-06 6.986154e+01 1.719281e+02 5.511107e+01 
4.993343e+05 4.171950e+06 1.827841e+03 -5.393416e-07 8.367826e-08 1.496090e-06 1.592538e-06 6.995733e+01 1.711809e+02 5.747977e+01 
4.993329e+05 4.171950e+06 1.827841e+03 -5.371347e-07 8.819229e-08 1.499611e-06 1.595345e-06 7.005019e+01 1.706758e+02 5.896569e+01 
4.993321e+05 4.171949e+06 1.827841e+03 -5.337665e-07 9.114715e-08 1.502475e-06 1.597074e-06 7.018081e+01 1.703095e+02 6.008257e+01 
4.993310e+05 4.171949e+06 1.827841e+03 -5.329675e-07 9.440372e-08 1.504858e-06 1.599239e-06 7.021748e+01 1.699555e+02 6.113190e+01 
4.993293e+05 4.171949e+06 1.827841e+03 -5.313762e-07 9.978414e-08 1.508935e-06 1.602873e-06 7.028698e+01 1.693646e+02 6.281068e+01 
4.993279e+05 4.171950e+06 1.827841e+03 -5.345851e-07 1.037060e-07 1.510874e-06 1.606012e-06 7.017975e+01 1.690214e+02 6.470866e+01 
4.993264e+05 4.171950e+06 1.827841e+03 -5.325505e-07 1.087905e-07 1.514981e-06 1.609538e-06 7.026290e+01 1.684544e+02 6.620104e+01 
4.993252e+05 4.171949e+06 1.827841e+03 -5.286694e-07 1.135372e-07 1.519317e-06 1.612670e-06 7.040940e+01 1.678792e+02 6.764744e+01 
