# 1      , 2      , 3      , 4    , 5     , 6      , 7      , 8      ,                    9              , 10  , 11  , 12  , 13    , 14
# IGRF_In, IGRF_Ic, IGRF_Dc, dmeas, height, In_siB0, Ic_siB0, Dc_siB0,                    height m (-poh), In_m, Ic_m, Dc_m, min hP, max hP
4.515061e-05 5.339022e+01 3.316679e+00 0.000000e+00 1.826520e+03 4.641555e-05 5.277764e+01 1.918822e+00 1.824600e+03 4.565861e+01 5.308919e+01 1.229887e-01 1.825036e+03 1.826955e+03
4.515061e-05 5.339022e+01 3.316679e+00 3.064894e+00 1.826705e+03 4.655696e-05 5.297302e+01 2.780784e+00 1.824600e+03 4.576968e+01 5.328117e+01 1.538982e+00 1.825036e+03 1.826955e+03
4.515061e-05 5.339022e+01 3.316679e+00 4.917837e+00 1.826880e+03 4.657774e-05 5.312209e+01 3.373935e+00 1.823600e+03 4.575377e+01 5.239203e+01 3.886101e+00 1.825036e+03 1.826955e+03
4.515061e-05 5.339022e+01 3.316679e+00 7.646086e+00 1.826955e+03 4.635987e-05 5.318839e+01 4.392423e+00 1.823400e+03 4.458889e+01 5.249828e+01 5.164414e+00 1.825036e+03 1.826955e+03
4.515061e-05 5.339022e+01 3.316679e+00 9.482149e+00 1.826606e+03 4.610631e-05 5.313444e+01 4.657550e+00 1.823100e+03 4.408045e+01 5.228175e+01 4.666122e+00 1.825036e+03 1.826955e+03
4.515061e-05 5.339022e+01 3.316679e+00 1.201407e+01 1.826032e+03 4.564762e-05 5.294665e+01 5.059866e+00 1.822900e+03 4.347926e+01 5.209967e+01 3.269312e+00 1.825036e+03 1.826955e+03
4.515061e-05 5.339022e+01 3.316679e+00 1.482859e+01 1.825206e+03 4.496925e-05 5.247156e+01 4.459435e+00 1.821700e+03 4.309402e+01 5.180135e+01 1.526719e+00 1.825036e+03 1.826955e+03
4.515061e-05 5.339022e+01 3.316679e+00 1.766269e+01 1.825036e+03 4.512090e-05 5.238306e+01 2.635678e+00 1.821200e+03 4.370306e+01 5.184058e+01 3.854566e-01 1.825036e+03 1.826955e+03
4.515061e-05 5.339022e+01 3.316679e+00 1.994864e+01 1.825372e+03 4.567917e-05 5.249879e+01 2.406037e+00 1.822400e+03 4.296581e+01 5.148186e+01 6.692626e-01 1.825036e+03 1.826955e+03
4.515061e-05 5.339022e+01 3.316679e+00 2.143570e+01 1.825588e+03 4.593697e-05 5.253364e+01 2.675279e+00 1.823800e+03 4.360043e+01 5.146407e+01 -7.685772e-01 1.825036e+03 1.826955e+03
4.515061e-05 5.339022e+01 3.316679e+00 2.297526e+01 1.825496e+03 4.598592e-05 5.251979e+01 2.971793e+00 1.824000e+03 4.389027e+01 5.266966e+01 7.832606e-02 1.825036e+03 1.826955e+03
4.515061e-05 5.339022e+01 3.316679e+00 2.427046e+01 1.825764e+03 4.605302e-05 5.255716e+01 3.075304e+00 1.823500e+03 4.323374e+01 5.192705e+01 1.739486e+00 1.825036e+03 1.826955e+03
4.515061e-05 5.339022e+01 3.316679e+00 2.656524e+01 1.825772e+03 4.604160e-05 5.256980e+01 3.271471e+00 1.823600e+03 4.356821e+01 5.172503e+01 -1.309458e+00 1.825036e+03 1.826955e+03
4.515061e-05 5.339022e+01 3.316679e+00 2.856511e+01 1.825883e+03 4.600891e-05 5.260923e+01 3.387493e+00 1.823400e+03 4.368206e+01 5.141640e+01 -1.714120e+00 1.825036e+03 1.826955e+03
4.515061e-05 5.339022e+01 3.316679e+00 3.058152e+01 1.826048e+03 4.591859e-05 5.263475e+01 3.392180e+00 1.823300e+03 4.450826e+01 5.126299e+01 -1.779085e+00 1.825036e+03 1.826955e+03
4.515061e-05 5.339022e+01 3.316679e+00 3.245367e+01 1.826018e+03 4.586288e-05 5.259127e+01 3.200849e+00 1.824100e+03 4.452759e+01 5.201346e+01 2.485869e-01 1.825036e+03 1.826955e+03
4.515061e-05 5.339022e+01 3.316679e+00 3.360104e+01 1.826007e+03 4.588533e-05 5.257091e+01 3.102122e+00 1.823800e+03 4.394155e+01 5.189445e+01 1.599383e+00 1.825036e+03 1.826955e+03
4.515061e-05 5.339022e+01 3.316679e+00 3.440567e+01 1.826049e+03 4.590956e-05 5.255498e+01 3.052010e+00 1.822600e+03 4.304589e+01 5.103280e+01 1.183985e+00 1.825036e+03 1.826955e+03
4.515061e-05 5.339022e+01 3.316679e+00 3.622869e+01 1.825781e+03 4.595126e-05 5.251101e+01 3.099525e+00 1.821700e+03 4.197599e+01 5.089831e+01 nan 1.825036e+03 1.826955e+03
4.515061e-05 5.339022e+01 3.316679e+00 3.813194e+01 1.825886e+03 4.595358e-05 5.246175e+01 3.108925e+00 1.821900e+03 4.247180e+01 5.007726e+01 nan 1.825036e+03 1.826955e+03
4.515061e-05 5.339022e+01 3.316679e+00 3.945290e+01 1.825793e+03 4.591827e-05 5.244864e+01 3.144227e+00 1.822300e+03 4.356805e+01 5.067239e+01 -3.251070e+00 1.825036e+03 1.826955e+03
4.515061e-05 5.339022e+01 3.316679e+00 4.067084e+01 1.825773e+03 4.587080e-05 5.244572e+01 3.150162e+00 1.822700e+03 4.428512e+01 5.185669e+01 -2.699006e+00 1.825036e+03 1.826955e+03
4.515061e-05 5.339022e+01 3.316679e+00 4.241987e+01 1.825781e+03 4.581667e-05 5.241750e+01 3.117429e+00 1.823500e+03 4.456029e+01 5.243113e+01 -7.902627e-01 1.825036e+03 1.826955e+03
4.515061e-05 5.339022e+01 3.316679e+00 4.362551e+01 1.825916e+03 4.580077e-05 5.229971e+01 3.075519e+00 1.823500e+03 4.420049e+01 5.213580e+01 -4.339061e-01 1.825036e+03 1.826955e+03
4.515061e-05 5.339022e+01 3.316679e+00 4.574997e+01 1.825894e+03 4.584369e-05 5.235581e+01 3.106505e+00 1.824300e+03 4.434874e+01 5.287728e+01 -1.091123e+00 1.825036e+03 1.826955e+03
4.515061e-05 5.339022e+01 3.316679e+00 4.735653e+01 1.825847e+03 4.585191e-05 5.241874e+01 3.148747e+00 1.824600e+03 4.457615e+01 5.242942e+01 1.921994e-01 1.825036e+03 1.826955e+03
4.515061e-05 5.339022e+01 3.316679e+00 4.869271e+01 1.825979e+03 4.585656e-05 5.245427e+01 3.222666e+00 1.824500e+03 4.445337e+01 5.225465e+01 9.106529e-01 1.825036e+03 1.826955e+03
4.515061e-05 5.339022e+01 3.316679e+00 5.057750e+01 1.825946e+03 4.584249e-05 5.263872e+01 3.258984e+00 1.825400e+03 4.438581e+01 5.263252e+01 3.743015e-01 1.825036e+03 1.826955e+03
4.515061e-05 5.339022e+01 3.316679e+00 5.249060e+01 1.826059e+03 4.581301e-05 5.274014e+01 3.592797e+00 1.825600e+03 4.403519e+01 5.302357e+01 2.007718e+00 1.825036e+03 1.826955e+03
4.515061e-05 5.339022e+01 3.316679e+00 5.344915e+01 1.825978e+03 4.573608e-05 5.272821e+01 3.841976e+00 1.825300e+03 4.353401e+01 5.278604e+01 4.006331e+00 1.825036e+03 1.826955e+03
4.515061e-05 5.339022e+01 3.316679e+00 5.511107e+01 1.825636e+03 4.545831e-05 5.261177e+01 4.059815e+00 1.825100e+03 4.317738e+01 5.291274e+01 nan 1.825036e+03 1.826955e+03
4.515061e-05 5.339022e+01 3.316679e+00 5.747977e+01 1.825168e+03 4.504828e-05 5.240838e+01 3.546398e+00 1.824600e+03 4.330931e+01 5.285637e+01 nan 1.825036e+03 1.826955e+03
4.515061e-05 5.339022e+01 3.316679e+00 5.896569e+01 1.825162e+03 4.513588e-05 5.239803e+01 2.888188e+00 1.824200e+03 4.330691e+01 5.250789e+01 nan 1.825036e+03 1.826955e+03
4.515061e-05 5.339022e+01 3.316679e+00 6.008257e+01 1.825146e+03 4.529860e-05 5.240725e+01 2.816350e+00 1.824200e+03 4.281761e+01 5.205786e+01 nan 1.825036e+03 1.826955e+03
4.515061e-05 5.339022e+01 3.316679e+00 6.113190e+01 1.825220e+03 4.538306e-05 5.233770e+01 2.659294e+00 1.823900e+03 4.167281e+01 5.099116e+01 nan 1.825036e+03 1.826955e+03
4.515061e-05 5.339022e+01 3.316679e+00 6.281068e+01 1.825312e+03 4.548994e-05 5.224584e+01 2.503142e+00 1.824100e+03 4.161725e+01 5.227982e+01 nan 1.825036e+03 1.826955e+03
4.515061e-05 5.339022e+01 3.316679e+00 6.470866e+01 1.825811e+03 4.570405e-05 5.224469e+01 2.444293e+00 1.825200e+03 4.301902e+01 5.311582e+01 nan 1.825036e+03 1.826955e+03
4.515061e-05 5.339022e+01 3.316679e+00 6.620104e+01 1.825907e+03 4.567839e-05 5.229846e+01 2.445001e+00 1.825600e+03 4.401450e+01 5.341540e+01 nan 1.825036e+03 1.826955e+03
4.515061e-05 5.339022e+01 3.316679e+00 6.764744e+01 1.825848e+03 4.558318e-05 5.237709e+01 2.310694e+00 1.826000e+03 4.537036e+01 5.373349e+01 -3.53320e+00 1.825036e+03 1.826955e+03
