# 1, 2, 3, 4   , 5   , 6   , 7   , 8   , 9   , 10  
# x, y, z, Bx_si, By_si, Bz_si, In_si, Ic_si, Dc_si, dmeas 
4.993923e+05 4.171910e+06 1.820893e+03 -3.988938e-07 -5.845276e-08 1.420741e-06 1.476833e-06 7.415801e+01 -1.716634e+02 0.000000e+00 
4.993929e+05 4.171910e+06 1.820893e+03 -3.991238e-07 -5.984013e-08 1.420182e-06 1.476413e-06 7.413600e+01 -1.714732e+02 6.132337e-01 
4.993936e+05 4.171910e+06 1.820893e+03 -3.988786e-07 -6.182597e-08 1.421138e-06 1.477349e-06 7.414402e+01 -1.711893e+02 1.345116e+00 
4.993941e+05 4.171910e+06 1.820893e+03 -3.983552e-07 -6.339558e-08 1.422902e-06 1.478972e-06 7.417289e+01 -1.709576e+02 1.943613e+00 
4.993952e+05 4.171910e+06 1.820893e+03 -3.984267e-07 -6.634976e-08 1.423016e-06 1.479230e-06 7.415376e+01 -1.705453e+02 3.096955e+00 
4.993963e+05 4.171910e+06 1.820893e+03 -3.982359e-07 -6.910651e-08 1.423922e-06 1.480176e-06 7.415314e+01 -1.701554e+02 4.108067e+00 
4.993968e+05 4.171910e+06 1.820893e+03 -3.981856e-07 -7.069897e-08 1.424272e-06 1.480574e-06 7.414842e+01 -1.699319e+02 4.700459e+00 
4.993977e+05 4.171910e+06 1.820893e+03 -3.978714e-07 -7.311692e-08 1.425526e-06 1.481814e-06 7.415719e+01 -1.695869e+02 5.555559e+00 
4.993985e+05 4.171910e+06 1.820893e+03 -3.968960e-07 -7.556519e-08 1.428798e-06 1.484823e-06 7.421053e+01 -1.692204e+02 6.481309e+00 
4.993999e+05 4.171909e+06 1.820893e+03 -3.957586e-07 -7.987323e-08 1.432851e-06 1.488646e-06 7.426361e+01 -1.685897e+02 7.967470e+00 
4.994006e+05 4.171909e+06 1.820893e+03 -3.953757e-07 -8.200440e-08 1.434316e-06 1.490070e-06 7.427696e+01 -1.682825e+02 8.684707e+00 
4.994016e+05 4.171909e+06 1.820893e+03 -3.950510e-07 -8.497091e-08 1.435717e-06 1.491499e-06 7.428062e+01 -1.678613e+02 9.691937e+00 
4.994022e+05 4.171910e+06 1.820893e+03 -3.955870e-07 -8.632853e-08 1.434259e-06 1.490316e-06 7.423541e+01 -1.676894e+02 1.045074e+01 
4.994027e+05 4.171910e+06 1.820893e+03 -3.951035e-07 -8.813533e-08 1.435998e-06 1.491967e-06 7.425662e+01 -1.674250e+02 1.104767e+01 
4.994034e+05 4.171910e+06 1.820893e+03 -3.947559e-07 -9.032596e-08 1.437385e-06 1.493341e-06 7.426575e+01 -1.671118e+02 1.176211e+01 
4.994041e+05 4.171910e+06 1.820893e+03 -3.946463e-07 -9.227680e-08 1.438014e-06 1.494036e-06 7.426000e+01 -1.668395e+02 1.242793e+01 
4.994053e+05 4.171910e+06 1.820893e+03 -3.943796e-07 -9.584282e-08 1.439386e-06 1.495511e-06 7.425333e+01 -1.663407e+02 1.361737e+01 
4.994059e+05 4.171910e+06 1.820893e+03 -3.939843e-07 -9.777486e-08 1.440898e-06 1.496987e-06 7.426620e+01 -1.660625e+02 1.422192e+01 
4.994070e+05 4.171910e+06 1.820893e+03 -3.931719e-07 -1.013738e-07 1.443964e-06 1.499964e-06 7.429447e+01 -1.655420e+02 1.533326e+01 
4.994082e+05 4.171910e+06 1.820893e+03 -3.930791e-07 -1.050665e-07 1.444874e-06 1.501070e-06 7.427271e+01 -1.650352e+02 1.657847e+01 
4.994091e+05 4.171910e+06 1.820893e+03 -3.927321e-07 -1.081069e-07 1.446464e-06 1.502725e-06 7.427221e+01 -1.646094e+02 1.751830e+01 
4.994095e+05 4.171910e+06 1.820893e+03 -3.924411e-07 -1.095758e-07 1.447607e-06 1.503856e-06 7.427991e+01 -1.643994e+02 1.795264e+01 
4.994105e+05 4.171910e+06 1.820893e+03 -3.922285e-07 -1.129034e-07 1.448869e-06 1.505261e-06 7.426716e+01 -1.639415e+02 1.900418e+01 
4.994112e+05 4.171911e+06 1.820893e+03 -3.922226e-07 -1.151683e-07 1.449331e-06 1.505876e-06 7.424898e+01 -1.636362e+02 1.976192e+01 
4.994121e+05 4.171911e+06 1.820893e+03 -3.919248e-07 -1.181476e-07 1.450814e-06 1.507456e-06 7.424364e+01 -1.632243e+02 2.065531e+01 
4.994128e+05 4.171911e+06 1.820893e+03 -3.915143e-07 -1.203979e-07 1.452486e-06 1.509137e-06 7.425128e+01 -1.629064e+02 2.129086e+01 
4.994138e+05 4.171911e+06 1.820893e+03 -3.911491e-07 -1.239153e-07 1.454305e-06 1.511078e-06 7.424447e+01 -1.624219e+02 2.231826e+01 
