# 1    , 2      , 3      , 4      , 5      , 6      , 7       
# dmeas, Bx_siB0, By_siB0, Bz_siB0, In_siB0, Ic_siB0, Dc_siB0 
0.000000e+00 2.760155e-05 2.941565e-07 3.738261e-05 4.646925e-05 5.355804e+01 6.105922e-01 
6.132337e-01 2.759145e-05 3.304871e-07 3.724548e-05 4.635324e-05 5.346699e+01 6.862493e-01 
1.345116e+00 2.758636e-05 3.387555e-07 3.714177e-05 4.626697e-05 5.339549e+01 7.035463e-01 
1.943613e+00 2.758948e-05 3.447884e-07 3.710542e-05 4.623971e-05 5.336546e+01 7.159934e-01 
3.096955e+00 2.748471e-05 3.643952e-07 3.692727e-05 4.603439e-05 5.333754e+01 7.595891e-01 
4.108067e+00 2.736785e-05 3.631404e-07 3.679249e-05 4.585650e-05 5.335412e+01 7.602056e-01 
4.700459e+00 2.729006e-05 3.477972e-07 3.669487e-05 4.573163e-05 5.335950e+01 7.301644e-01 
5.555559e+00 2.720560e-05 3.140874e-07 3.655973e-05 4.557255e-05 5.334372e+01 6.614477e-01 
6.481309e+00 2.720828e-05 2.412121e-07 3.653339e-05 4.555258e-05 5.332198e+01 5.079362e-01 
7.967470e+00 2.714829e-05 5.628334e-08 3.605360e-05 4.513197e-05 5.302027e+01 1.187844e-01 
8.684707e+00 2.712605e-05 1.256102e-07 3.567778e-05 4.481899e-05 5.275374e+01 2.653127e-01 
9.691937e+00 2.709639e-05 3.756370e-07 3.513199e-05 4.436905e-05 5.235527e+01 7.942399e-01 
1.045074e+01 2.709162e-05 6.177940e-07 3.476016e-05 4.407501e-05 5.206039e+01 1.306340e+00 
1.104767e+01 2.707281e-05 8.407229e-07 3.448145e-05 4.384763e-05 5.184966e+01 1.778699e+00 
1.176211e+01 2.703346e-05 1.280168e-06 3.408710e-05 4.352444e-05 5.155187e+01 2.711212e+00 
1.242793e+01 2.704543e-05 1.859949e-06 3.404467e-05 4.351958e-05 5.147016e+01 3.934109e+00 
1.361737e+01 2.721462e-05 2.412174e-06 3.474353e-05 4.419917e-05 5.181951e+01 5.065187e+00 
1.422192e+01 2.729107e-05 2.552027e-06 3.507274e-05 4.451306e-05 5.199158e+01 5.342276e+00 
1.533326e+01 2.742596e-05 2.702738e-06 3.563331e-05 4.504688e-05 5.228163e+01 5.628139e+00 
1.657847e+01 2.757635e-05 2.673378e-06 3.617568e-05 4.556623e-05 5.255282e+01 5.537213e+00 
1.751830e+01 2.767436e-05 2.467809e-06 3.648003e-05 4.585578e-05 5.270613e+01 5.095765e+00 
1.795264e+01 2.770871e-05 2.390030e-06 3.657536e-05 4.594826e-05 5.275095e+01 4.929877e+00 
1.900418e+01 2.780009e-05 2.266770e-06 3.668030e-05 4.608067e-05 5.274999e+01 4.661484e+00 
1.976192e+01 2.788712e-05 2.225411e-06 3.674328e-05 4.618130e-05 5.271491e+01 4.562573e+00 
2.065531e+01 2.800105e-05 2.139450e-06 3.687743e-05 4.635278e-05 5.271024e+01 4.369255e+00 
2.129086e+01 2.806805e-05 2.024094e-06 3.698139e-05 4.647080e-05 5.273073e+01 4.124677e+00 
2.231826e+01 2.812706e-05 1.737401e-06 3.707438e-05 4.656887e-05 5.276111e+01 3.534654e+00 
