# 1, 2, 3, 4   , 5   , 6   , 7   , 8   , 9   , 10  
# x, y, z, Bx_si, By_si, Bz_si, In_si, Ic_si, Dc_si, dmeas 
4.993923e+05 4.171910e+06 1.820365e+03 -1.263743e-06 7.204487e-07 -1.139306e-06 1.847732e-06 3.806807e+01 -6.031293e+01 0.000000e+00 
4.993929e+05 4.171910e+06 1.820190e+03 -1.227413e-06 7.103475e-07 -1.002178e-06 1.736519e-06 3.524817e+01 -5.994051e+01 6.132337e-01 
4.993936e+05 4.171910e+06 1.819921e+03 -1.219145e-06 7.052613e-07 -8.984653e-07 1.670613e-06 3.253440e+01 -5.995110e+01 1.345116e+00 
4.993941e+05 4.171910e+06 1.819714e+03 -1.213112e-06 7.083840e-07 -8.621167e-07 1.648239e-06 3.153727e+01 -5.971765e+01 1.943613e+00 
4.993952e+05 4.171910e+06 1.819431e+03 -1.193505e-06 6.036083e-07 -6.839685e-07 1.502202e-06 2.708493e+01 -6.317225e+01 3.096955e+00 
4.993963e+05 4.171910e+06 1.819145e+03 -1.194760e-06 4.867490e-07 -5.491937e-07 1.402137e-06 2.305928e+01 -6.783386e+01 4.108067e+00 
4.993968e+05 4.171910e+06 1.818979e+03 -1.210103e-06 4.089617e-07 -4.515704e-07 1.354812e-06 1.946972e+01 -7.132700e+01 4.700459e+00 
4.993977e+05 4.171910e+06 1.818724e+03 -1.243813e-06 3.245041e-07 -3.164343e-07 1.323821e-06 1.382935e+01 -7.537778e+01 5.555559e+00 
4.993985e+05 4.171910e+06 1.818492e+03 -1.316688e-06 3.271834e-07 -2.900878e-07 1.387396e-06 1.206891e+01 -7.604523e+01 6.481309e+00 
4.993999e+05 4.171909e+06 1.817750e+03 -1.501617e-06 2.671878e-07 1.896963e-07 1.536954e-06 -7.089726e+00 -7.991076e+01 7.967470e+00 
4.994006e+05 4.171909e+06 1.817319e+03 -1.432290e-06 2.449458e-07 5.655194e-07 1.559251e-06 -2.126528e+01 -8.029534e+01 8.684707e+00 
4.994016e+05 4.171909e+06 1.816718e+03 -1.182263e-06 2.152896e-07 1.111310e-06 1.636797e-06 -4.276195e+01 -7.967955e+01 9.691937e+00 
4.994022e+05 4.171910e+06 1.816435e+03 -9.401060e-07 2.105212e-07 1.483135e-06 1.768561e-06 -5.699375e+01 -7.737779e+01 1.045074e+01 
4.994027e+05 4.171910e+06 1.816085e+03 -7.171771e-07 1.917148e-07 1.761853e-06 1.911864e-06 -6.715180e+01 -7.503371e+01 1.104767e+01 
4.994034e+05 4.171910e+06 1.815661e+03 -2.777323e-07 1.523606e-07 2.156201e-06 2.179347e-06 -8.164216e+01 -6.125135e+01 1.176211e+01 
4.994041e+05 4.171910e+06 1.815571e+03 3.020486e-07 1.643316e-07 2.198634e-06 2.225361e-06 -8.111117e+01 6.145129e+01 1.242793e+01 
4.994053e+05 4.171910e+06 1.816088e+03 8.542735e-07 3.335184e-07 1.499774e-06 1.757936e-06 -5.855536e+01 6.867375e+01 1.361737e+01 
4.994059e+05 4.171910e+06 1.816333e+03 9.941272e-07 4.099681e-07 1.170563e-06 1.589522e-06 -4.742772e+01 6.758924e+01 1.422192e+01 
4.994070e+05 4.171910e+06 1.816771e+03 1.144838e-06 5.448595e-07 6.099877e-07 1.406987e-06 -2.569255e+01 6.454896e+01 1.533326e+01 
4.994082e+05 4.171910e+06 1.817321e+03 1.115478e-06 6.952474e-07 6.761968e-08 1.316143e-06 -2.944990e+00 5.806583e+01 1.657847e+01 
4.994091e+05 4.171910e+06 1.817651e+03 9.099088e-07 7.932560e-07 -2.367257e-07 1.230133e-06 1.109516e+01 4.891817e+01 1.751830e+01 
4.994095e+05 4.171910e+06 1.817698e+03 8.321302e-07 8.276115e-07 -3.320638e-07 1.219692e-06 1.579833e+01 4.515599e+01 1.795264e+01 
4.994105e+05 4.171910e+06 1.817870e+03 7.088704e-07 9.189932e-07 -4.370004e-07 1.240167e-06 2.063247e+01 3.764499e+01 1.900418e+01 
4.994112e+05 4.171911e+06 1.818017e+03 6.675106e-07 1.006017e-06 -4.999789e-07 1.306759e-06 2.249544e+01 3.356501e+01 1.976192e+01 
4.994121e+05 4.171911e+06 1.818171e+03 5.815496e-07 1.119947e-06 -6.341280e-07 1.412303e-06 2.667972e+01 2.744127e+01 2.065531e+01 
4.994128e+05 4.171911e+06 1.818254e+03 4.661938e-07 1.186949e-06 -7.380925e-07 1.473419e-06 3.006211e+01 2.144325e+01 2.129086e+01 
4.994138e+05 4.171911e+06 1.818441e+03 1.795007e-07 1.245960e-06 -8.310773e-07 1.508418e-06 3.343285e+01 8.197980e+00 2.231826e+01 
