# 1      , 2      , 3      , 4    , 5     , 6      , 7      , 8      ,                    9              , 10  , 11  , 12  , 13    , 14
# IGRF_In, IGRF_Ic, IGRF_Dc, dmeas, height, In_siB0, Ic_siB0, Dc_siB0,                    height m (-poh), In_m, Ic_m, Dc_m, min hP, max hP
4.515083e-05 5.339026e+01 3.316879e+00 0.000000000 1.820616e+03 4.654614e-05 5.365532e+01 6.182577e-01 1.823400e+03 4.746944e+01 5.604727e+01 -4.807355e+00 1.817839e+03 1.821887e+03
4.515083e-05 5.339026e+01 3.316879e+00 0.662248442 1.820365e+03 4.646925e-05 5.355804e+01 6.105922e-01 1.823000e+03 4.681721e+01 5.557415e+01 -5.769810e+00 1.815571e+03 1.820365e+03
4.515083e-05 5.339026e+01 3.316879e+00 1.274521230 1.820190e+03 4.635324e-05 5.346699e+01 6.862493e-01 1.822200e+03 4.615832e+01 5.607340e+01 -6.799400e+00 1.815571e+03 1.820365e+03
4.515083e-05 5.339026e+01 3.316879e+00 2.004906775 1.819921e+03 4.626697e-05 5.339549e+01 7.035463e-01 1.820800e+03 4.432113e+01 5.534460e+01 -5.243746e+00 1.815571e+03 1.820365e+03
4.515083e-05 5.339026e+01 3.316879e+00 2.602772764 1.819714e+03 4.623971e-05 5.336546e+01 7.159934e-01 1.820400e+03 4.449691e+01 5.504238e+01 -4.876545e+00 1.815571e+03 1.820365e+03
4.515083e-05 5.339026e+01 3.316879e+00 3.754312213 1.819431e+03 4.603439e-05 5.333754e+01 7.595891e-01 1.819900e+03 4.507088e+01 5.366508e+01 -3.062213e+00 1.815571e+03 1.820365e+03
4.515083e-05 5.339026e+01 3.316879e+00 4.763520724 1.819145e+03 4.585650e-05 5.335412e+01 7.602056e-01 1.819500e+03 4.523237e+01 5.345031e+01 -2.847010e+00 1.815571e+03 1.820365e+03
4.515083e-05 5.339026e+01 3.316879e+00 5.354792054 1.818979e+03 4.573163e-05 5.335950e+01 7.301644e-01 1.819100e+03 4.558246e+01 5.340557e+01 -2.283571e+00 1.815571e+03 1.820365e+03
4.515083e-05 5.339026e+01 3.316879e+00 6.208276203 1.818724e+03 4.557255e-05 5.334372e+01 6.614477e-01 1.818900e+03 4.741785e+01 5.270390e+01 8.837874e-01 1.815571e+03 1.820365e+03
4.515083e-05 5.339026e+01 3.316879e+00 7.133325977 1.818492e+03 4.555258e-05 5.332198e+01 5.079362e-01 1.818400e+03 4.867481e+01 5.088283e+01 -6.504491e-01 1.815571e+03 1.820365e+03
4.515083e-05 5.339026e+01 3.316879e+00 8.616921884 1.817750e+03 4.513197e-05 5.302027e+01 1.187844e-01 1.818000e+03 4.687509e+01 5.263056e+01 -5.546838e+00 1.815571e+03 1.820365e+03
4.515083e-05 5.339026e+01 3.316879e+00 9.332741233 1.817319e+03 4.481899e-05 5.275374e+01 2.653127e-01 1.817600e+03 4.565859e+01 5.311136e+01 -5.776639e+00 1.815571e+03 1.820365e+03
4.515083e-05 5.339026e+01 3.316879e+00 10.33802159 1.816718e+03 4.436905e-05 5.235527e+01 7.942399e-01 1.817000e+03 4.487170e+01 5.412790e+01 -5.498568e+00 1.815571e+03 1.820365e+03
4.515083e-05 5.339026e+01 3.316879e+00 11.09669465 1.816435e+03 4.407501e-05 5.206039e+01 1.306340e+00 1.816700e+03 4.394814e+01 5.431705e+01 -6.055836e+00 1.815571e+03 1.820365e+03
4.515083e-05 5.339026e+01 3.316879e+00 11.69244276 1.816085e+03 4.384763e-05 5.184966e+01 1.778699e+00 1.815900e+03 4.277740e+01 5.369605e+01 -6.900464e+00 1.815571e+03 1.820365e+03
4.515083e-05 5.339026e+01 3.316879e+00 12.40549296 1.815661e+03 4.352444e-05 5.155187e+01 2.711212e+00 1.815700e+03 4.160666e+01 5.330927e+01 -5.856642e+00 1.815571e+03 1.820365e+03
4.515083e-05 5.339026e+01 3.316879e+00 13.07013689 1.815571e+03 4.351958e-05 5.147016e+01 3.934109e+00 1.815300e+03 4.069463e+01 5.288674e+01 -4.065701e+00 1.815571e+03 1.820365e+03
4.515083e-05 5.339026e+01 3.316879e+00 14.25737152 1.816088e+03 4.419917e-05 5.181951e+01 5.065187e+00 1.814500e+03 3.947764e+01 5.170257e+01 9.676547e-02 1.815571e+03 1.820365e+03
4.515083e-05 5.339026e+01 3.316879e+00 14.86073219 1.816333e+03 4.451306e-05 5.199158e+01 5.342276e+00 1.814600e+03 3.940656e+01 5.115218e+01 3.696779e+00 1.815571e+03 1.820365e+03
4.515083e-05 5.339026e+01 3.316879e+00 15.96999140 1.816771e+03 4.504688e-05 5.228163e+01 5.628139e+00 1.814500e+03 4.086508e+01 5.195963e+01 5.143652e+00 1.815571e+03 1.820365e+03
4.515083e-05 5.339026e+01 3.316879e+00 17.21321809 1.817321e+03 4.556623e-05 5.255282e+01 5.537213e+00 1.813800e+03 4.107350e+01 5.266568e+01 5.506527e+00 1.815571e+03 1.820365e+03
4.515083e-05 5.339026e+01 3.316879e+00 18.15124532 1.817651e+03 4.585578e-05 5.270613e+01 5.095765e+00 1.813900e+03 4.246257e+01 5.207949e+01 6.425060e+00 1.815571e+03 1.820365e+03
4.515083e-05 5.339026e+01 3.316879e+00 18.58467505 1.817698e+03 4.594826e-05 5.275095e+01 4.929877e+00 1.814000e+03 4.301834e+01 5.139013e+01 6.959519e+00 1.815571e+03 1.820365e+03
4.515083e-05 5.339026e+01 3.316879e+00 19.63424398 1.817870e+03 4.608067e-05 5.274999e+01 4.661484e+00 1.814300e+03 4.393786e+01 5.142734e+01 7.727358e+00 1.815571e+03 1.820365e+03
4.515083e-05 5.339026e+01 3.316879e+00 20.39105361 1.818017e+03 4.618130e-05 5.271491e+01 4.562573e+00 1.813600e+03 4.534653e+01 5.197725e+01 8.564746e+00 1.815571e+03 1.820365e+03
4.515083e-05 5.339026e+01 3.316879e+00 21.28272959 1.818171e+03 4.635278e-05 5.271024e+01 4.369255e+00 1.814000e+03 4.592887e+01 5.290735e+01 6.951349e+00 1.815571e+03 1.820365e+03
4.515083e-05 5.339026e+01 3.316879e+00 21.91712124 1.818254e+03 4.647080e-05 5.273073e+01 4.124677e+00 1.814500e+03 4.681485e+01 5.320182e+01 5.529106e+00 1.815571e+03 1.820365e+03
4.515083e-05 5.339026e+01 3.316879e+00 22.94263888 1.818441e+03 4.656887e-05 5.276111e+01 3.534654e+00 1.815400e+03 4.648705e+01 5.382114e+01 1.922309e+00 1.815571e+03 1.820365e+03
