# 1    , 2      , 3      , 4      , 5      , 6      , 7       
# dmeas, Bx_siB0, By_siB0, Bz_siB0, In_siB0, Ic_siB0, Dc_siB0 
0.000000e+00 2.728527e-05 5.032390e-07 3.512431e-05 4.447984e-05 5.215450e+01 1.056621e+00 
1.001238e+00 2.728292e-05 5.030308e-07 3.501915e-05 4.439541e-05 5.207363e+01 1.056275e+00 
2.277996e+00 2.730803e-05 5.063714e-07 3.489610e-05 4.431391e-05 5.195017e+01 1.062311e+00 
3.929807e+00 2.725353e-05 5.166056e-07 3.469752e-05 4.412413e-05 5.184676e+01 1.085943e+00 
5.283244e+00 2.718859e-05 5.474349e-07 3.454416e-05 4.396383e-05 5.178922e+01 1.153479e+00 
6.821212e+00 2.713236e-05 6.611349e-07 3.432251e-05 4.375657e-05 5.166493e+01 1.395851e+00 
8.087292e+00 2.704907e-05 8.294755e-07 3.416092e-05 4.358106e-05 5.161425e+01 1.756458e+00 
9.087291e+00 2.693800e-05 1.013345e-06 3.410909e-05 4.347543e-05 5.168003e+01 2.154318e+00 
1.070094e+01 2.679834e-05 1.254246e-06 3.414469e-05 4.342331e-05 5.184308e+01 2.679666e+00 
1.176771e+01 2.664539e-05 1.436807e-06 3.423057e-05 4.340246e-05 5.206216e+01 3.086586e+00 
1.327204e+01 2.643426e-05 1.621260e-06 3.443445e-05 4.344111e-05 5.243571e+01 3.509657e+00 
1.384197e+01 2.636838e-05 1.652984e-06 3.452344e-05 4.347289e-05 5.257384e+01 3.587069e+00 
1.494578e+01 2.626181e-05 1.687266e-06 3.470631e-05 4.355522e-05 5.282889e+01 3.676080e+00 
1.570834e+01 2.620657e-05 1.689840e-06 3.482871e-05 4.361971e-05 5.298355e+01 3.689412e+00 
1.700880e+01 2.615262e-05 1.689778e-06 3.498957e-05 4.371595e-05 5.316683e+01 3.696868e+00 
1.779005e+01 2.612148e-05 1.674404e-06 3.507858e-05 4.376805e-05 5.327028e+01 3.667679e+00 
1.908391e+01 2.609638e-05 1.668053e-06 3.520314e-05 4.385276e-05 5.339426e+01 3.657310e+00 
2.032991e+01 2.610924e-05 1.678510e-06 3.527344e-05 4.391726e-05 5.343480e+01 3.678368e+00 
2.119324e+01 2.607708e-05 1.669377e-06 3.534892e-05 4.395847e-05 5.352762e+01 3.662907e+00 
2.231966e+01 2.605702e-05 1.669313e-06 3.543489e-05 4.401575e-05 5.361511e+01 3.665578e+00 
2.345053e+01 2.603015e-05 1.650348e-06 3.553382e-05 4.407885e-05 5.372071e+01 3.627778e+00 
2.430116e+01 2.601215e-05 1.610798e-06 3.562144e-05 4.413744e-05 5.380941e+01 3.543508e+00 
2.544391e+01 2.598613e-05 1.515744e-06 3.573101e-05 4.420726e-05 5.392639e+01 3.338221e+00 
2.676180e+01 2.598720e-05 1.417695e-06 3.581861e-05 4.427547e-05 5.399780e+01 3.122595e+00 
2.754751e+01 2.599841e-05 1.369530e-06 3.584966e-05 4.430566e-05 5.401240e+01 3.015409e+00 
2.812464e+01 2.600786e-05 1.341295e-06 3.586582e-05 4.432341e-05 5.401634e+01 2.952281e+00 
2.916586e+01 2.600914e-05 1.279465e-06 3.588884e-05 4.434097e-05 5.403572e+01 2.816274e+00 
3.055242e+01 2.599492e-05 1.191103e-06 3.590815e-05 4.434580e-05 5.406962e+01 2.623492e+00 
3.187036e+01 2.595824e-05 1.075680e-06 3.591868e-05 4.432989e-05 5.412122e+01 2.372915e+00 
3.310212e+01 2.591716e-05 9.546395e-07 3.589743e-05 4.428584e-05 5.415310e+01 2.109494e+00 
3.383773e+01 2.587454e-05 8.522771e-07 3.585113e-05 4.422129e-05 5.416645e+01 1.886574e+00 
3.495332e+01 2.583174e-05 7.313864e-07 3.575051e-05 4.411250e-05 5.413888e+01 1.621809e+00 
3.586815e+01 2.583356e-05 7.220349e-07 3.574087e-05 4.410561e-05 5.412991e+01 1.600971e+00 
3.651453e+01 2.581936e-05 6.883728e-07 3.568805e-05 4.405394e-05 5.410558e+01 1.527207e+00 
3.725766e+01 2.580353e-05 6.679238e-07 3.562839e-05 4.399603e-05 5.407730e+01 1.482769e+00 
3.812082e+01 2.578304e-05 6.513942e-07 3.557387e-05 4.393961e-05 5.405767e+01 1.447238e+00 
3.884436e+01 2.578657e-05 6.963380e-07 3.564707e-05 4.400166e-05 5.410866e+01 1.546834e+00 
3.964639e+01 2.578232e-05 7.535533e-07 3.571192e-05 4.405266e-05 5.416089e+01 1.674137e+00 
4.138323e+01 2.574648e-05 7.707181e-07 3.578904e-05 4.409456e-05 5.425676e+01 1.714631e+00 
4.258464e+01 2.574655e-05 6.800430e-07 3.576491e-05 4.407353e-05 5.424105e+01 1.513000e+00 
4.356225e+01 2.577086e-05 6.190076e-07 3.570757e-05 4.404033e-05 5.417342e+01 1.375961e+00 
4.452728e+01 2.580477e-05 5.813013e-07 3.568973e-05 4.404521e-05 5.412501e+01 1.290478e+00 
4.543889e+01 2.584477e-05 5.574022e-07 3.561134e-05 4.400489e-05 5.402356e+01 1.235524e+00 
4.680617e+01 2.589899e-05 5.456119e-07 3.555548e-05 4.399145e-05 5.392396e+01 1.206867e+00 
4.797632e+01 2.594047e-05 5.593678e-07 3.548448e-05 4.395872e-05 5.382546e+01 1.235307e+00 
4.955258e+01 2.597838e-05 5.960018e-07 3.545000e-05 4.395377e-05 5.375820e+01 1.314262e+00 
5.072523e+01 2.595247e-05 7.101240e-07 3.534646e-05 4.385667e-05 5.370250e+01 1.567363e+00 
5.168726e+01 2.590368e-05 8.152463e-07 3.531713e-05 4.380599e-05 5.372794e+01 1.802631e+00 
5.273093e+01 2.581577e-05 9.276731e-07 3.530738e-05 4.374844e-05 5.380915e+01 2.058001e+00 
5.388018e+01 2.576907e-05 1.028261e-06 3.539641e-05 4.379507e-05 5.392318e+01 2.285057e+00 
5.443101e+01 2.574606e-05 1.067994e-06 3.543218e-05 4.381141e-05 5.397332e+01 2.375373e+00 
5.559399e+01 2.572470e-05 1.135392e-06 3.551090e-05 4.386427e-05 5.405330e+01 2.527180e+00 
5.664905e+01 2.568782e-05 1.181871e-06 3.556322e-05 4.388626e-05 5.413013e+01 2.634263e+00 
5.763720e+01 2.566092e-05 1.221460e-06 3.562131e-05 4.391870e-05 5.420098e+01 2.725223e+00 
5.829165e+01 2.564142e-05 1.242890e-06 3.565736e-05 4.393717e-05 5.424799e+01 2.775068e+00 
