# 1      , 2      , 3      , 4    , 5     , 6      , 7      , 8      ,                    9              , 10  , 11  , 12  , 13    , 14      
# IGRF_In, IGRF_Ic, IGRF_Dc, dmeas, height, In_siB0, Ic_siB0, Dc_siB0,                    height m (-poh), In_m, Ic_m, Dc_m, min hP, max hP  
4.523725e-05 5.359193e+01 3.342151e+00 0.000000e+00 8.534885e+02 4.447984e-05 5.215450e+01 1.056621e+00 8.546000e+02 4.574660e+01 5.522404e+01 -1.714054e+00 8.515940e+02 8.570578e+02 
4.523725e-05 5.359193e+01 3.342151e+00 1.001238e+00 8.531915e+02 4.439541e-05 5.207363e+01 1.056275e+00 8.544000e+02 4.603179e+01 5.537710e+01 -2.206429e+00 8.515940e+02 8.570578e+02 
4.523725e-05 5.359193e+01 3.342151e+00 2.277996e+00 8.527141e+02 4.431391e-05 5.195017e+01 1.062311e+00 8.536000e+02 4.615690e+01 5.516472e+01 -3.359826e+00 8.515940e+02 8.570578e+02 
4.523725e-05 5.359193e+01 3.342151e+00 3.929807e+00 8.523996e+02 4.412413e-05 5.184676e+01 1.085943e+00 8.525000e+02 4.604553e+01 5.456988e+01 -4.955716e+00 8.515940e+02 8.570578e+02 
4.523725e-05 5.359193e+01 3.342151e+00 5.283244e+00 8.522613e+02 4.396383e-05 5.178922e+01 1.153479e+00 8.522000e+02 4.602979e+01 5.387264e+01 -6.277018e+00 8.515940e+02 8.570578e+02 
4.523725e-05 5.359193e+01 3.342151e+00 6.821212e+00 8.518762e+02 4.375657e-05 5.166493e+01 1.395851e+00 8.515000e+02 4.576760e+01 5.309357e+01 -5.984963e+00 8.515940e+02 8.570578e+02 
4.523725e-05 5.359193e+01 3.342151e+00 8.087292e+00 8.515940e+02 4.358106e-05 5.161425e+01 1.756458e+00 8.507000e+02 4.559702e+01 5.279970e+01 -5.962855e+00 8.515940e+02 8.570578e+02 
4.523725e-05 5.359193e+01 3.342151e+00 9.087291e+00 8.516208e+02 4.347543e-05 5.168003e+01 2.154318e+00 8.501000e+02 4.542407e+01 5.192706e+01 -6.362446e+00 8.515940e+02 8.570578e+02 
4.523725e-05 5.359193e+01 3.342151e+00 1.070094e+01 8.520744e+02 4.342331e-05 5.184308e+01 2.679666e+00 8.496000e+02 4.533086e+01 5.153063e+01 -6.904529e+00 8.515940e+02 8.570578e+02 
4.523725e-05 5.359193e+01 3.342151e+00 1.176771e+01 8.523522e+02 4.340246e-05 5.206216e+01 3.086586e+00 8.490000e+02 4.516622e+01 5.120256e+01 -7.402820e+00 8.515940e+02 8.570578e+02 
4.523725e-05 5.359193e+01 3.342151e+00 1.327204e+01 8.528840e+02 4.344111e-05 5.243571e+01 3.509657e+00 8.485000e+02 4.466409e+01 5.006297e+01 nan 8.515940e+02 8.570578e+02 
4.523725e-05 5.359193e+01 3.342151e+00 1.384197e+01 8.530181e+02 4.347289e-05 5.257384e+01 3.587069e+00 8.483000e+02 4.433641e+01 4.917066e+01 nan 8.515940e+02 8.570578e+02 
4.523725e-05 5.359193e+01 3.342151e+00 1.494578e+01 8.533103e+02 4.355522e-05 5.282889e+01 3.676080e+00 8.484000e+02 4.362095e+01 4.909250e+01 nan 8.515940e+02 8.570578e+02 
4.523725e-05 5.359193e+01 3.342151e+00 1.570834e+01 8.535277e+02 4.361971e-05 5.298355e+01 3.689412e+00 8.483000e+02 4.344342e+01 5.002822e+01 -2.845686e+00 8.515940e+02 8.570578e+02 
4.523725e-05 5.359193e+01 3.342151e+00 1.700880e+01 8.539947e+02 4.371595e-05 5.316683e+01 3.696868e+00 8.483000e+02 4.355046e+01 5.058302e+01 -1.658198e+00 8.515940e+02 8.570578e+02 
4.523725e-05 5.359193e+01 3.342151e+00 1.779005e+01 8.541327e+02 4.376805e-05 5.327028e+01 3.667679e+00 8.488000e+02 4.359033e+01 5.102559e+01 -7.146344e-01 8.515940e+02 8.570578e+02 
4.523725e-05 5.359193e+01 3.342151e+00 1.908391e+01 8.544865e+02 4.385276e-05 5.339426e+01 3.657310e+00 8.492000e+02 4.358816e+01 5.128994e+01 -7.708606e-01 8.515940e+02 8.570578e+02 
4.523725e-05 5.359193e+01 3.342151e+00 2.032991e+01 8.548314e+02 4.391726e-05 5.343480e+01 3.678368e+00 8.495000e+02 4.361868e+01 5.154491e+01 -2.984803e-01 8.515940e+02 8.570578e+02 
4.523725e-05 5.359193e+01 3.342151e+00 2.119324e+01 8.549153e+02 4.395847e-05 5.352762e+01 3.662907e+00 8.496000e+02 4.363162e+01 5.115261e+01 -2.043657e-01 8.515940e+02 8.570578e+02 
4.523725e-05 5.359193e+01 3.342151e+00 2.231966e+01 8.551909e+02 4.401575e-05 5.361511e+01 3.665578e+00 8.499000e+02 4.365210e+01 5.122995e+01 -9.446561e-02 8.515940e+02 8.570578e+02 
4.523725e-05 5.359193e+01 3.342151e+00 2.345053e+01 8.554746e+02 4.407885e-05 5.372071e+01 3.627778e+00 8.505000e+02 4.372121e+01 5.178544e+01 8.253597e-01 8.515940e+02 8.570578e+02 
4.523725e-05 5.359193e+01 3.342151e+00 2.430116e+01 8.556569e+02 4.413744e-05 5.380941e+01 3.543508e+00 8.507000e+02 4.366419e+01 5.193670e+01 -2.966869e-01 8.515940e+02 8.570578e+02 
4.523725e-05 5.359193e+01 3.342151e+00 2.544391e+01 8.557556e+02 4.420726e-05 5.392639e+01 3.338221e+00 8.505000e+02 4.384479e+01 5.189735e+01 5.901848e-01 8.515940e+02 8.570578e+02 
4.523725e-05 5.359193e+01 3.342151e+00 2.676180e+01 8.559374e+02 4.427547e-05 5.399780e+01 3.122595e+00 8.505000e+02 4.391718e+01 5.208288e+01 -4.287453e-01 8.515940e+02 8.570578e+02 
4.523725e-05 5.359193e+01 3.342151e+00 2.754751e+01 8.560614e+02 4.430566e-05 5.401240e+01 3.015409e+00 8.506000e+02 4.366287e+01 5.135468e+01 4.037644e-01 8.515940e+02 8.570578e+02 
4.523725e-05 5.359193e+01 3.342151e+00 2.812464e+01 8.561294e+02 4.432341e-05 5.401634e+01 2.952281e+00 8.503000e+02 4.345370e+01 5.137744e+01 3.820358e-01 8.515940e+02 8.570578e+02 
4.523725e-05 5.359193e+01 3.342151e+00 2.916586e+01 8.562278e+02 4.434097e-05 5.403572e+01 2.816274e+00 8.509000e+02 4.300601e+01 5.253809e+01 2.028837e+00 8.515940e+02 8.570578e+02 
4.523725e-05 5.359193e+01 3.342151e+00 3.055242e+01 8.563601e+02 4.434580e-05 5.406962e+01 2.623492e+00 8.524000e+02 4.279233e+01 5.153066e+01 nan 8.515940e+02 8.570578e+02 
4.523725e-05 5.359193e+01 3.342151e+00 3.187036e+01 8.564030e+02 4.432989e-05 5.412122e+01 2.372915e+00 8.535000e+02 4.295878e+01 5.184069e+01 nan 8.515940e+02 8.570578e+02 
4.523725e-05 5.359193e+01 3.342151e+00 3.310212e+01 8.563966e+02 4.428584e-05 5.415310e+01 2.109494e+00 8.541000e+02 4.342843e+01 5.320787e+01 3.902787e+00 8.515940e+02 8.570578e+02 
4.523725e-05 5.359193e+01 3.342151e+00 3.383773e+01 8.562670e+02 4.422129e-05 5.416645e+01 1.886574e+00 8.542000e+02 4.373653e+01 5.407364e+01 4.405324e+00 8.515940e+02 8.570578e+02 
4.523725e-05 5.359193e+01 3.342151e+00 3.495332e+01 8.561095e+02 4.411250e-05 5.413888e+01 1.621809e+00 8.549000e+02 4.440659e+01 5.632281e+01 1.950985e+00 8.515940e+02 8.570578e+02 
4.523725e-05 5.359193e+01 3.342151e+00 3.586815e+01 8.561980e+02 4.410561e-05 5.412991e+01 1.600971e+00 8.560000e+02 4.500411e+01 5.643801e+01 6.923533e-01 8.515940e+02 8.570578e+02 
4.523725e-05 5.359193e+01 3.342151e+00 3.651453e+01 8.561137e+02 4.405394e-05 5.410558e+01 1.527207e+00 8.564000e+02 4.542400e+01 5.638764e+01 -1.264065e+00 8.515940e+02 8.570578e+02 
4.523725e-05 5.359193e+01 3.342151e+00 3.725766e+01 8.560435e+02 4.399603e-05 5.407730e+01 1.482769e+00 8.561000e+02 4.595953e+01 5.688210e+01 -3.069149e+00 8.515940e+02 8.570578e+02 
4.523725e-05 5.359193e+01 3.342151e+00 3.812082e+01 8.559486e+02 4.393961e-05 5.405767e+01 1.447238e+00 8.553000e+02 4.651107e+01 5.493604e+01 -5.305398e+00 8.515940e+02 8.570578e+02 
4.523725e-05 5.359193e+01 3.342151e+00 3.884436e+01 8.562495e+02 4.400166e-05 5.410866e+01 1.546834e+00 8.550000e+02 4.646428e+01 5.340802e+01 -4.293252e+00 8.515940e+02 8.570578e+02 
4.523725e-05 5.359193e+01 3.342151e+00 3.964639e+01 8.565838e+02 4.405266e-05 5.416089e+01 1.674137e+00 8.547000e+02 4.574667e+01 5.357590e+01 -4.711608e+00 8.515940e+02 8.570578e+02 
4.523725e-05 5.359193e+01 3.342151e+00 4.138323e+01 8.570578e+02 4.409456e-05 5.425676e+01 1.714631e+00 8.537000e+02 4.530903e+01 5.232021e+01 -5.220756e+00 8.515940e+02 8.570578e+02 
4.523725e-05 5.359193e+01 3.342151e+00 4.258464e+01 8.569604e+02 4.407353e-05 5.424105e+01 1.513000e+00 8.533000e+02 4.424705e+01 5.148667e+01 -3.680970e+00 8.515940e+02 8.570578e+02 
4.523725e-05 5.359193e+01 3.342151e+00 4.356225e+01 8.567764e+02 4.404033e-05 5.417342e+01 1.375961e+00 8.534000e+02 4.382466e+01 5.253312e+01 -2.193504e+00 8.515940e+02 8.570578e+02 
4.523725e-05 5.359193e+01 3.342151e+00 4.452728e+01 8.567775e+02 4.404521e-05 5.412501e+01 1.290478e+00 8.537000e+02 4.375632e+01 5.350316e+01 -1.548674e+00 8.515940e+02 8.570578e+02 
4.523725e-05 5.359193e+01 3.342151e+00 4.543889e+01 8.565268e+02 4.400489e-05 5.402356e+01 1.235524e+00 8.541000e+02 4.385355e+01 5.440371e+01 -1.694565e+00 8.515940e+02 8.570578e+02 
4.523725e-05 5.359193e+01 3.342151e+00 4.680617e+01 8.565357e+02 4.399145e-05 5.392396e+01 1.206867e+00 8.543000e+02 4.415244e+01 5.398519e+01 5.417212e-01 8.515940e+02 8.570578e+02 
4.523725e-05 5.359193e+01 3.342151e+00 4.797632e+01 8.564885e+02 4.395872e-05 5.382546e+01 1.235307e+00 8.547000e+02 4.452047e+01 5.453157e+01 -1.400252e+00 8.515940e+02 8.570578e+02 
4.523725e-05 5.359193e+01 3.342151e+00 4.955258e+01 8.566971e+02 4.395377e-05 5.375820e+01 1.314262e+00 8.552000e+02 4.493391e+01 5.444322e+01 -1.516195e+00 8.515940e+02 8.570578e+02 
4.523725e-05 5.359193e+01 3.342151e+00 5.072523e+01 8.565261e+02 4.385667e-05 5.370250e+01 1.567363e+00 8.554000e+02 4.514584e+01 5.418993e+01 -2.166624e+00 8.515940e+02 8.570578e+02 
4.523725e-05 5.359193e+01 3.342151e+00 5.168726e+01 8.565429e+02 4.380599e-05 5.372794e+01 1.802631e+00 8.553000e+02 4.508495e+01 5.405492e+01 -2.526162e+00 8.515940e+02 8.570578e+02 
4.523725e-05 5.359193e+01 3.342151e+00 5.273093e+01 8.565022e+02 4.374844e-05 5.380915e+01 2.058001e+00 8.549000e+02 4.508164e+01 5.394811e+01 -4.207610e+00 8.515940e+02 8.570578e+02 
4.523725e-05 5.359193e+01 3.342151e+00 5.388018e+01 8.567533e+02 4.379507e-05 5.392318e+01 2.285057e+00 8.542000e+02 4.472584e+01 5.298442e+01 -2.726513e+00 8.515940e+02 8.570578e+02 
4.523725e-05 5.359193e+01 3.342151e+00 5.443101e+01 8.568027e+02 4.381141e-05 5.397332e+01 2.375373e+00 8.537000e+02 4.455206e+01 5.263797e+01 -2.498363e+00 8.515940e+02 8.570578e+02 
4.523725e-05 5.359193e+01 3.342151e+00 5.559399e+01 8.569660e+02 4.386427e-05 5.405330e+01 2.527180e+00 8.529000e+02 4.410102e+01 5.212415e+01 -3.386886e+00 8.515940e+02 8.570578e+02 
4.523725e-05 5.359193e+01 3.342151e+00 5.664905e+01 8.569890e+02 4.388626e-05 5.413013e+01 2.634263e+00 8.525000e+02 4.396846e+01 5.322683e+01 -2.077668e+00 8.515940e+02 8.570578e+02 
4.523725e-05 5.359193e+01 3.342151e+00 5.763720e+01 8.570356e+02 4.391870e-05 5.420098e+01 2.725223e+00 8.525000e+02 4.401323e+01 5.363837e+01 -1.286660e+00 8.515940e+02 8.570578e+02 
4.523725e-05 5.359193e+01 3.342151e+00 5.829165e+01 8.570252e+02 4.393717e-05 5.424799e+01 2.775068e+00 8.525000e+02 4.411922e+01 5.363970e+01 -1.461770e+00 8.515940e+02 8.570578e+02 
