# 1, 2, 3, 4   , 5   , 6   , 7   , 8   , 9   , 10  
# x, y, z, Bx_si, By_si, Bz_si, In_si, Ic_si, Dc_si, dmeas 
5.071444e+05 4.188654e+06 8.534885e+02 -1.062061e-06 4.811712e-07 1.283088e-06 1.733729e-06 -4.773776e+01 -6.562690e+01 0.000000e+00 
5.071452e+05 4.188653e+06 8.531915e+02 -1.062269e-06 4.788226e-07 1.388247e-06 1.812434e-06 -4.999223e+01 -6.573632e+01 1.001238e+00 
5.071464e+05 4.188653e+06 8.527141e+02 -1.058929e-06 5.039314e-07 1.511298e-06 1.912929e-06 -5.218962e+01 -6.455078e+01 2.277996e+00 
5.071473e+05 4.188651e+06 8.523996e+02 -1.048694e-06 4.494286e-07 1.709885e-06 2.055591e-06 -5.628634e+01 -6.680196e+01 3.929807e+00 
5.071478e+05 4.188650e+06 8.522613e+02 -1.017865e-06 3.844901e-07 1.863238e-06 2.157669e-06 -5.971662e+01 -6.930636e+01 5.283244e+00 
5.071490e+05 4.188649e+06 8.518762e+02 -9.041651e-07 3.282600e-07 2.084886e-06 2.296088e-06 -6.523270e+01 -7.004641e+01 6.821212e+00 
5.071502e+05 4.188648e+06 8.515940e+02 -7.358245e-07 2.449686e-07 2.246475e-06 2.376573e-06 -7.095425e+01 -7.158652e+01 8.087292e+00 
5.071509e+05 4.188648e+06 8.516208e+02 -5.519551e-07 1.338998e-07 2.298306e-06 2.367444e-06 -7.611900e+01 -7.636394e+01 9.087291e+00 
5.071513e+05 4.188646e+06 8.520744e+02 -3.110540e-07 -5.762278e-09 2.262714e-06 2.284002e-06 -8.217132e+01 -9.106128e+01 1.070094e+01 
5.071522e+05 4.188646e+06 8.523522e+02 -1.284935e-07 -1.587074e-07 2.176829e-06 2.186385e-06 -8.464092e+01 -1.410055e+02 1.176771e+01 
5.071535e+05 4.188645e+06 8.528840e+02 5.596030e-08 -3.698431e-07 1.972946e-06 2.008091e-06 -7.926465e+01 1.713959e+02 1.327204e+01 
5.071540e+05 4.188645e+06 8.530181e+02 8.768380e-08 -4.357151e-07 1.883962e-06 1.935678e-06 -7.672591e+01 1.686217e+02 1.384197e+01 
5.071551e+05 4.188644e+06 8.533103e+02 1.219657e-07 -5.422927e-07 1.701088e-06 1.789597e-06 -7.190494e+01 1.673247e+02 1.494578e+01 
5.071558e+05 4.188644e+06 8.535277e+02 1.245396e-07 -5.975305e-07 1.578688e-06 1.692574e-06 -6.886191e+01 1.682267e+02 1.570834e+01 
5.071564e+05 4.188643e+06 8.539947e+02 1.244782e-07 -6.514847e-07 1.417834e-06 1.565306e-06 -6.492957e+01 1.691830e+02 1.700880e+01 
5.071572e+05 4.188643e+06 8.541327e+02 1.091038e-07 -6.826243e-07 1.328818e-06 1.497878e-06 -6.251529e+01 1.709192e+02 1.779005e+01 
5.071580e+05 4.188642e+06 8.544865e+02 1.027528e-07 -7.077200e-07 1.204256e-06 1.400592e-06 -5.929630e+01 1.717390e+02 1.908391e+01 
5.071584e+05 4.188640e+06 8.548314e+02 1.132103e-07 -6.948578e-07 1.133956e-06 1.334729e-06 -5.816581e+01 1.707463e+02 2.032991e+01 
5.071593e+05 4.188640e+06 8.549153e+02 1.040772e-07 -7.270154e-07 1.058479e-06 1.288317e-06 -5.524509e+01 1.718531e+02 2.119324e+01 
5.071600e+05 4.188640e+06 8.551909e+02 1.040127e-07 -7.470791e-07 9.725055e-07 1.230737e-06 -5.220249e+01 1.720739e+02 2.231966e+01 
5.071608e+05 4.188639e+06 8.554746e+02 8.504841e-08 -7.739488e-07 8.735791e-07 1.170201e-06 -4.828987e+01 1.737290e+02 2.345053e+01 
5.071616e+05 4.188638e+06 8.556569e+02 4.549837e-08 -7.919519e-07 7.859601e-07 1.116688e-06 -4.473523e+01 1.767119e+02 2.430116e+01 
5.071627e+05 4.188638e+06 8.557556e+02 -4.955588e-08 -8.179667e-07 6.763898e-07 1.062558e-06 -3.953636e+01 -1.765330e+02 2.544391e+01 
5.071638e+05 4.188637e+06 8.559374e+02 -1.476048e-07 -8.168957e-07 5.887874e-07 1.017731e-06 -3.534718e+01 -1.697577e+02 2.676180e+01 
5.071643e+05 4.188637e+06 8.560614e+02 -1.957698e-07 -8.056934e-07 5.577350e-07 9.992678e-07 -3.392752e+01 -1.663428e+02 2.754751e+01 
5.071647e+05 4.188636e+06 8.561294e+02 -2.240053e-07 -7.962406e-07 5.415767e-07 9.886773e-07 -3.321478e+01 -1.642872e+02 2.812464e+01 
5.071655e+05 4.188636e+06 8.562278e+02 -2.858353e-07 -7.949577e-07 5.185614e-07 9.912444e-07 -3.154324e+01 -1.602234e+02 2.916586e+01 
5.071666e+05 4.188635e+06 8.563601e+02 -3.741971e-07 -8.091771e-07 4.992455e-07 1.021781e-06 -2.924881e+01 -1.551822e+02 3.055242e+01 
5.071678e+05 4.188634e+06 8.564030e+02 -4.896197e-07 -8.458590e-07 4.887191e-07 1.092726e-06 -2.656722e+01 -1.499359e+02 3.187036e+01 
5.071689e+05 4.188634e+06 8.563966e+02 -6.106605e-07 -8.869399e-07 5.099701e-07 1.191486e-06 -2.534146e+01 -1.454525e+02 3.310212e+01 
5.071697e+05 4.188634e+06 8.562670e+02 -7.130229e-07 -9.295571e-07 5.562674e-07 1.296885e-06 -2.539940e+01 -1.425098e+02 3.383773e+01 
5.071707e+05 4.188634e+06 8.561095e+02 -8.339136e-07 -9.723562e-07 6.568919e-07 1.439582e-06 -2.714909e+01 -1.393829e+02 3.495332e+01 
5.071712e+05 4.188633e+06 8.561980e+02 -8.432651e-07 -9.705369e-07 6.665254e-07 1.448204e-06 -2.740278e+01 -1.390138e+02 3.586815e+01 
5.071718e+05 4.188633e+06 8.561137e+02 -8.769272e-07 -9.847372e-07 7.193539e-07 1.502058e-06 -2.861438e+01 -1.383143e+02 3.651453e+01 
5.071724e+05 4.188632e+06 8.560435e+02 -8.973762e-07 -1.000574e-06 7.790065e-07 1.553474e-06 -3.009669e+01 -1.381123e+02 3.725766e+01 
5.071731e+05 4.188632e+06 8.559486e+02 -9.139058e-07 -1.021065e-06 8.335263e-07 1.603921e-06 -3.131081e+01 -1.381698e+02 3.812082e+01 
5.071728e+05 4.188631e+06 8.562495e+02 -8.689620e-07 -1.017531e-06 7.603274e-07 1.539013e-06 -2.960618e+01 -1.395030e+02 3.884436e+01 
5.071725e+05 4.188630e+06 8.565838e+02 -8.117467e-07 -1.021781e-06 6.954790e-07 1.478736e-06 -2.805507e+01 -1.415349e+02 3.964639e+01 
5.071726e+05 4.188629e+06 8.570578e+02 -7.945819e-07 -1.057623e-06 6.183621e-07 1.460240e-06 -2.505362e+01 -1.430828e+02 4.138323e+01 
5.071735e+05 4.188628e+06 8.569604e+02 -8.852570e-07 -1.057550e-06 6.424920e-07 1.521475e-06 -2.497875e+01 -1.400679e+02 4.258464e+01 
5.071744e+05 4.188627e+06 8.567764e+02 -9.462924e-07 -1.033235e-06 6.998330e-07 1.566145e-06 -2.654181e+01 -1.375149e+02 4.356225e+01 
5.071748e+05 4.188627e+06 8.567775e+02 -9.839987e-07 -9.993314e-07 7.176719e-07 1.575427e-06 -2.709976e+01 -1.354429e+02 4.452728e+01 
5.071756e+05 4.188626e+06 8.565268e+02 -1.007898e-06 -9.593300e-07 7.960635e-07 1.603087e-06 -2.977409e+01 -1.335857e+02 4.543889e+01 
5.071761e+05 4.188625e+06 8.565357e+02 -1.019688e-06 -9.051124e-07 8.519156e-07 1.607717e-06 -3.199814e+01 -1.315934e+02 4.680617e+01 
5.071766e+05 4.188624e+06 8.564885e+02 -1.005932e-06 -8.636273e-07 9.229197e-07 1.615405e-06 -3.484261e+01 -1.306472e+02 4.797632e+01 
5.071766e+05 4.188622e+06 8.566971e+02 -9.692982e-07 -8.257231e-07 9.574021e-07 1.593103e-06 -3.693918e+01 -1.304269e+02 4.955258e+01 
5.071775e+05 4.188621e+06 8.565261e+02 -8.551760e-07 -8.516285e-07 1.060936e-06 1.606917e-06 -4.131746e+01 -1.348809e+02 5.072523e+01 
5.071781e+05 4.188621e+06 8.565429e+02 -7.500537e-07 -9.004236e-07 1.090274e-06 1.600637e-06 -4.293355e+01 -1.402057e+02 5.168726e+01 
5.071790e+05 4.188620e+06 8.565022e+02 -6.376269e-07 -9.883276e-07 1.100022e-06 1.610406e-06 -4.308412e+01 -1.471716e+02 5.273093e+01 
5.071794e+05 4.188619e+06 8.567533e+02 -5.370387e-07 -1.035029e-06 1.010989e-06 1.543306e-06 -4.092572e+01 -1.525768e+02 5.388018e+01 
5.071798e+05 4.188619e+06 8.568027e+02 -4.973060e-07 -1.058039e-06 9.752199e-07 1.522436e-06 -3.983398e+01 -1.548252e+02 5.443101e+01 
5.071804e+05 4.188618e+06 8.569660e+02 -4.299084e-07 -1.079395e-06 8.964961e-07 1.467522e-06 -3.765396e+01 -1.582833e+02 5.559399e+01 
5.071813e+05 4.188617e+06 8.569890e+02 -3.834295e-07 -1.116283e-06 8.441778e-07 1.451118e-06 -3.557324e+01 -1.610430e+02 5.664905e+01 
5.071822e+05 4.188617e+06 8.570356e+02 -3.438400e-07 -1.143181e-06 7.860874e-07 1.429344e-06 -3.336454e+01 -1.632600e+02 5.763720e+01 
5.071828e+05 4.188616e+06 8.570252e+02 -3.224097e-07 -1.162681e-06 7.500352e-07 1.420678e-06 -3.186648e+01 -1.645014e+02 5.829165e+01 
