# 1, 2, 3, 4   , 5   , 6   , 7   , 8   , 9   , 10  
# x, y, z, Bx_si, By_si, Bz_si, In_si, Ic_si, Dc_si, dmeas 
5.071444e+05 4.188654e+06 8.572499e+02 -4.747488e-07 -2.135642e-08 1.218257e-06 1.307667e-06 6.868979e+01 -1.774243e+02 0.000000e+00 
5.071452e+05 4.188653e+06 8.572499e+02 -4.721987e-07 -2.263024e-08 1.218780e-06 1.307252e-06 6.879971e+01 -1.772562e+02 1.001238e+00 
5.071464e+05 4.188653e+06 8.572499e+02 -4.704235e-07 -2.456608e-08 1.219773e-06 1.307574e-06 6.888393e+01 -1.770107e+02 2.277996e+00 
5.071473e+05 4.188651e+06 8.572499e+02 -4.653975e-07 -2.631418e-08 1.220514e-06 1.306499e-06 6.909705e+01 -1.767639e+02 3.929807e+00 
5.071478e+05 4.188650e+06 8.572499e+02 -4.610855e-07 -2.749354e-08 1.221022e-06 1.305470e-06 6.927871e+01 -1.765876e+02 5.283244e+00 
5.071490e+05 4.188649e+06 8.572499e+02 -4.575644e-07 -2.967917e-08 1.222256e-06 1.305433e-06 6.943655e+01 -1.762888e+02 6.821212e+00 
5.071502e+05 4.188648e+06 8.572499e+02 -4.554888e-07 -3.171857e-08 1.223517e-06 1.305937e-06 6.953545e+01 -1.760166e+02 8.087292e+00 
5.071509e+05 4.188648e+06 8.572499e+02 -4.533135e-07 -3.322866e-08 1.224467e-06 1.306107e-06 6.963476e+01 -1.758076e+02 9.087291e+00 
5.071513e+05 4.188646e+06 8.572499e+02 -4.483563e-07 -3.439134e-08 1.225155e-06 1.305071e-06 6.984515e+01 -1.756137e+02 1.070094e+01 
5.071522e+05 4.188646e+06 8.572499e+02 -4.463334e-07 -3.612631e-08 1.226336e-06 1.305533e-06 6.994047e+01 -1.753726e+02 1.176771e+01 
5.071535e+05 4.188645e+06 8.572499e+02 -4.433015e-07 -3.856113e-08 1.228055e-06 1.306186e-06 7.008244e+01 -1.750286e+02 1.327204e+01 
5.071540e+05 4.188645e+06 8.572499e+02 -4.428494e-07 -3.959797e-08 1.228810e-06 1.306774e-06 7.010853e+01 -1.748904e+02 1.384197e+01 
5.071551e+05 4.188644e+06 8.572499e+02 -4.415380e-07 -4.162330e-08 1.230317e-06 1.307810e-06 7.017715e+01 -1.746147e+02 1.494578e+01 
5.071558e+05 4.188644e+06 8.572499e+02 -4.403263e-07 -4.300564e-08 1.231367e-06 1.308434e-06 7.023699e+01 -1.744217e+02 1.570834e+01 
5.071564e+05 4.188643e+06 8.572499e+02 -4.368995e-07 -4.465917e-08 1.232654e-06 1.308553e-06 7.038978e+01 -1.741636e+02 1.700880e+01 
5.071572e+05 4.188643e+06 8.572499e+02 -4.358450e-07 -4.614736e-08 1.233827e-06 1.309358e-06 7.044389e+01 -1.739560e+02 1.779005e+01 
5.071580e+05 4.188642e+06 8.572499e+02 -4.328029e-07 -4.814521e-08 1.235457e-06 1.309958e-06 7.058353e+01 -1.736525e+02 1.908391e+01 
5.071584e+05 4.188640e+06 8.572499e+02 -4.294914e-07 -4.942816e-08 1.236582e-06 1.309978e-06 7.072967e+01 -1.734350e+02 2.032991e+01 
5.071593e+05 4.188640e+06 8.572499e+02 -4.290217e-07 -5.115436e-08 1.237983e-06 1.311212e-06 7.076082e+01 -1.732004e+02 2.119324e+01 
5.071600e+05 4.188640e+06 8.572499e+02 -4.265818e-07 -5.307160e-08 1.239643e-06 1.312061e-06 7.087501e+01 -1.729082e+02 2.231966e+01 
5.071608e+05 4.188639e+06 8.572499e+02 -4.241964e-07 -5.505560e-08 1.241394e-06 1.313024e-06 7.098729e+01 -1.726050e+02 2.345053e+01 
5.071616e+05 4.188638e+06 8.572499e+02 -4.226865e-07 -5.673046e-08 1.242870e-06 1.314004e-06 7.106093e+01 -1.723558e+02 2.430116e+01 
5.071627e+05 4.188638e+06 8.572499e+02 -4.218442e-07 -5.919093e-08 1.244987e-06 1.315845e-06 7.111144e+01 -1.720127e+02 2.544391e+01 
5.071638e+05 4.188637e+06 8.572499e+02 -4.194337e-07 -6.185275e-08 1.247408e-06 1.317489e-06 7.122810e+01 -1.716112e+02 2.676180e+01 
5.071643e+05 4.188637e+06 8.572499e+02 -4.178037e-07 -6.332142e-08 1.248785e-06 1.318345e-06 7.130475e+01 -1.713820e+02 2.754751e+01 
5.071647e+05 4.188636e+06 8.572499e+02 -4.165650e-07 -6.435618e-08 1.249774e-06 1.318940e-06 7.136246e+01 -1.712177e+02 2.812464e+01 
5.071655e+05 4.188636e+06 8.572499e+02 -4.146041e-07 -6.648414e-08 1.251785e-06 1.320334e-06 7.145640e+01 -1.708899e+02 2.916586e+01 
5.071666e+05 4.188635e+06 8.572499e+02 -4.121465e-07 -6.946363e-08 1.254620e-06 1.322408e-06 7.157523e+01 -1.704332e+02 3.055242e+01 
5.071678e+05 4.188634e+06 8.572499e+02 -4.103167e-07 -7.257653e-08 1.257554e-06 1.324790e-06 7.166757e+01 -1.699693e+02 3.187036e+01 
5.071689e+05 4.188634e+06 8.572499e+02 -4.086040e-07 -7.555637e-08 1.260395e-06 1.327125e-06 7.175348e+01 -1.695236e+02 3.310212e+01 
5.071697e+05 4.188634e+06 8.572499e+02 -4.084077e-07 -7.730094e-08 1.261988e-06 1.328678e-06 7.176975e+01 -1.692822e+02 3.383773e+01 
5.071707e+05 4.188634e+06 8.572499e+02 -4.072883e-07 -8.015465e-08 1.264700e-06 1.331080e-06 7.182910e+01 -1.688664e+02 3.495332e+01 
5.071712e+05 4.188633e+06 8.572499e+02 -4.053134e-07 -8.182260e-08 1.266435e-06 1.332228e-06 7.191819e+01 -1.685868e+02 3.586815e+01 
5.071718e+05 4.188633e+06 8.572499e+02 -4.042805e-07 -8.343895e-08 1.268035e-06 1.333535e-06 7.196765e+01 -1.683385e+02 3.651453e+01 
5.071724e+05 4.188632e+06 8.572499e+02 -4.030851e-07 -8.531549e-08 1.269902e-06 1.335068e-06 7.202454e+01 -1.680494e+02 3.725766e+01 
5.071731e+05 4.188632e+06 8.572499e+02 -4.016186e-07 -8.747181e-08 1.272073e-06 1.336832e-06 7.209325e+01 -1.677130e+02 3.812082e+01 
5.071728e+05 4.188631e+06 8.572499e+02 -4.004324e-07 -8.703468e-08 1.271843e-06 1.336229e-06 7.214131e+01 -1.677374e+02 3.884436e+01 
5.071725e+05 4.188630e+06 8.572499e+02 -3.991570e-07 -8.651691e-08 1.271590e-06 1.335572e-06 7.219336e+01 -1.677704e+02 3.964639e+01 
5.071726e+05 4.188629e+06 8.572499e+02 -3.956335e-07 -8.788792e-08 1.273548e-06 1.336478e-06 7.234750e+01 -1.674754e+02 4.138323e+01 
5.071735e+05 4.188628e+06 8.572499e+02 -3.935809e-07 -9.078522e-08 1.276604e-06 1.338979e-06 7.244270e+01 -1.670111e+02 4.258464e+01 
5.071744e+05 4.188627e+06 8.572499e+02 -3.921809e-07 -9.342848e-08 1.279298e-06 1.341320e-06 7.250836e+01 -1.666003e+02 4.356225e+01 
5.071748e+05 4.188627e+06 8.572499e+02 -3.903290e-07 -9.519874e-08 1.281378e-06 1.342888e-06 7.259141e+01 -1.662935e+02 4.452728e+01 
5.071756e+05 4.188626e+06 8.572499e+02 -3.890101e-07 -9.771557e-08 1.283980e-06 1.345170e-06 7.265203e+01 -1.658996e+02 4.543889e+01 
5.071761e+05 4.188625e+06 8.572499e+02 -3.864408e-07 -9.992062e-08 1.286756e-06 1.347242e-06 7.276619e+01 -1.655027e+02 4.680617e+01 
5.071766e+05 4.188624e+06 8.572499e+02 -3.843080e-07 -1.019970e-07 1.289351e-06 1.349267e-06 7.286116e+01 -1.651361e+02 4.797632e+01 
5.071766e+05 4.188622e+06 8.572499e+02 -3.816457e-07 -1.031417e-07 1.291489e-06 1.350643e-06 7.298014e+01 -1.648768e+02 4.955258e+01 
5.071775e+05 4.188621e+06 8.572499e+02 -3.798806e-07 -1.063188e-07 1.294999e-06 1.353748e-06 7.305840e+01 -1.643644e+02 5.072523e+01 
5.071781e+05 4.188621e+06 8.572499e+02 -3.782890e-07 -1.084659e-07 1.297611e-06 1.355973e-06 7.312880e+01 -1.640009e+02 5.168726e+01 
5.071790e+05 4.188620e+06 8.572499e+02 -3.769041e-07 -1.116109e-07 1.300965e-06 1.359052e-06 7.318797e+01 -1.635046e+02 5.273093e+01 
5.071794e+05 4.188619e+06 8.572499e+02 -3.750206e-07 -1.138140e-07 1.303882e-06 1.361508e-06 7.327068e+01 -1.631176e+02 5.388018e+01 
5.071798e+05 4.188619e+06 8.572499e+02 -3.741869e-07 -1.152891e-07 1.305602e-06 1.363049e-06 7.330621e+01 -1.628756e+02 5.443101e+01 
5.071804e+05 4.188618e+06 8.572499e+02 -3.723592e-07 -1.179340e-07 1.308947e-06 1.365980e-06 7.338493e+01 -1.624259e+02 5.559399e+01 
5.071813e+05 4.188617e+06 8.572499e+02 -3.709912e-07 -1.212805e-07 1.312577e-06 1.369380e-06 7.343947e+01 -1.618969e+02 5.664905e+01 
5.071822e+05 4.188617e+06 8.572499e+02 -3.696693e-07 -1.244018e-07 1.316024e-06 1.372607e-06 7.349136e+01 -1.614008e+02 5.763720e+01 
5.071828e+05 4.188616e+06 8.572499e+02 -3.689553e-07 -1.266745e-07 1.318358e-06 1.374861e-06 7.351678e+01 -1.610510e+02 5.829165e+01 
