# 1,2,3, 4    , 5    , 6    , 7    , 8    , 9     
# x,y,z, Bx_si, By_si, Bz_si, Bx_th, By_th, Bz_th 
2.252300e+02 2.497790e+02 1.000000e+00 1.752148e-07 -1.239247e-06 -3.834347e-06 0.000000e+00 0.000000e+00 0.000000e+00 
2.262943e+02 2.497790e+02 1.000000e+00 1.676097e-07 -1.239581e-06 -3.834350e-06 0.000000e+00 0.000000e+00 0.000000e+00 
2.273587e+02 2.497790e+02 1.000000e+00 1.600147e-07 -1.239901e-06 -3.834352e-06 0.000000e+00 0.000000e+00 0.000000e+00 
2.284230e+02 2.497790e+02 1.000000e+00 1.524293e-07 -1.240206e-06 -3.834355e-06 0.000000e+00 0.000000e+00 0.000000e+00 
2.294874e+02 2.497790e+02 1.000000e+00 1.448531e-07 -1.240497e-06 -3.834357e-06 0.000000e+00 0.000000e+00 0.000000e+00 
2.305517e+02 2.497790e+02 1.000000e+00 1.372856e-07 -1.240772e-06 -3.834359e-06 0.000000e+00 0.000000e+00 0.000000e+00 
2.316161e+02 2.497790e+02 1.000000e+00 1.297263e-07 -1.241034e-06 -3.834361e-06 0.000000e+00 0.000000e+00 0.000000e+00 
2.326804e+02 2.497790e+02 1.000000e+00 1.221749e-07 -1.241280e-06 -3.834363e-06 0.000000e+00 0.000000e+00 0.000000e+00 
2.337448e+02 2.497790e+02 1.000000e+00 1.146308e-07 -1.241512e-06 -3.834365e-06 0.000000e+00 0.000000e+00 0.000000e+00 
2.348091e+02 2.497790e+02 1.000000e+00 1.070935e-07 -1.241729e-06 -3.834367e-06 0.000000e+00 0.000000e+00 0.000000e+00 
2.358735e+02 2.497790e+02 1.000000e+00 9.956271e-08 -1.241931e-06 -3.834368e-06 0.000000e+00 0.000000e+00 0.000000e+00 
2.369378e+02 2.497790e+02 1.000000e+00 9.203785e-08 -1.242118e-06 -3.834370e-06 0.000000e+00 0.000000e+00 0.000000e+00 
2.380022e+02 2.497790e+02 1.000000e+00 8.451850e-08 -1.242291e-06 -3.834371e-06 0.000000e+00 0.000000e+00 0.000000e+00 
2.390665e+02 2.497790e+02 1.000000e+00 7.700420e-08 -1.242450e-06 -3.834372e-06 0.000000e+00 0.000000e+00 0.000000e+00 
2.401309e+02 2.497790e+02 1.000000e+00 6.949451e-08 -1.242593e-06 -3.834374e-06 0.000000e+00 0.000000e+00 0.000000e+00 
2.411952e+02 2.497790e+02 1.000000e+00 6.198897e-08 -1.242722e-06 -3.834375e-06 0.000000e+00 0.000000e+00 0.000000e+00 
2.422596e+02 2.497790e+02 1.000000e+00 5.448714e-08 -1.242836e-06 -3.834375e-06 0.000000e+00 0.000000e+00 0.000000e+00 
2.433239e+02 2.497790e+02 1.000000e+00 4.698856e-08 -1.242936e-06 -3.834376e-06 0.000000e+00 0.000000e+00 0.000000e+00 
2.443883e+02 2.497790e+02 1.000000e+00 3.949278e-08 -1.243020e-06 -3.834377e-06 0.000000e+00 0.000000e+00 0.000000e+00 
2.454526e+02 2.497790e+02 1.000000e+00 3.199937e-08 -1.243090e-06 -3.834377e-06 0.000000e+00 0.000000e+00 0.000000e+00 
2.465170e+02 2.497790e+02 1.000000e+00 2.450786e-08 -1.243146e-06 -3.834378e-06 0.000000e+00 0.000000e+00 0.000000e+00 
2.475813e+02 2.497790e+02 1.000000e+00 1.701781e-08 -1.243187e-06 -3.834378e-06 0.000000e+00 0.000000e+00 0.000000e+00 
2.486457e+02 2.497790e+02 1.000000e+00 9.528783e-09 -1.243213e-06 -3.834378e-06 0.000000e+00 0.000000e+00 0.000000e+00 
2.497100e+02 2.497790e+02 1.000000e+00 2.040321e-09 -1.243224e-06 -3.834378e-06 0.000000e+00 0.000000e+00 0.000000e+00 
2.507743e+02 2.497790e+02 1.000000e+00 -5.448019e-09 -1.243221e-06 -3.834378e-06 0.000000e+00 0.000000e+00 0.000000e+00 
2.518387e+02 2.497790e+02 1.000000e+00 -1.293668e-08 -1.243203e-06 -3.834378e-06 0.000000e+00 0.000000e+00 0.000000e+00 
2.529030e+02 2.497790e+02 1.000000e+00 -2.042612e-08 -1.243170e-06 -3.834378e-06 0.000000e+00 0.000000e+00 0.000000e+00 
2.539674e+02 2.497790e+02 1.000000e+00 -2.791678e-08 -1.243122e-06 -3.834378e-06 0.000000e+00 0.000000e+00 0.000000e+00 
2.550317e+02 2.497790e+02 1.000000e+00 -3.540910e-08 -1.243060e-06 -3.834377e-06 0.000000e+00 0.000000e+00 0.000000e+00 
2.560961e+02 2.497790e+02 1.000000e+00 -4.290353e-08 -1.242984e-06 -3.834377e-06 0.000000e+00 0.000000e+00 0.000000e+00 
2.571604e+02 2.497790e+02 1.000000e+00 -5.040053e-08 -1.242892e-06 -3.834376e-06 0.000000e+00 0.000000e+00 0.000000e+00 
2.582248e+02 2.497790e+02 1.000000e+00 -5.790053e-08 -1.242786e-06 -3.834375e-06 0.000000e+00 0.000000e+00 0.000000e+00 
2.592891e+02 2.497790e+02 1.000000e+00 -6.540400e-08 -1.242665e-06 -3.834374e-06 0.000000e+00 0.000000e+00 0.000000e+00 
2.603535e+02 2.497790e+02 1.000000e+00 -7.291137e-08 -1.242530e-06 -3.834373e-06 0.000000e+00 0.000000e+00 0.000000e+00 
2.614178e+02 2.497790e+02 1.000000e+00 -8.042310e-08 -1.242379e-06 -3.834372e-06 0.000000e+00 0.000000e+00 0.000000e+00 
2.624822e+02 2.497790e+02 1.000000e+00 -8.793964e-08 -1.242214e-06 -3.834371e-06 0.000000e+00 0.000000e+00 0.000000e+00 
2.635465e+02 2.497790e+02 1.000000e+00 -9.546144e-08 -1.242035e-06 -3.834369e-06 0.000000e+00 0.000000e+00 0.000000e+00 
2.646109e+02 2.497790e+02 1.000000e+00 -1.029890e-07 -1.241841e-06 -3.834368e-06 0.000000e+00 0.000000e+00 0.000000e+00 
2.656752e+02 2.497790e+02 1.000000e+00 -1.105227e-07 -1.241632e-06 -3.834366e-06 0.000000e+00 0.000000e+00 0.000000e+00 
2.667396e+02 2.497790e+02 1.000000e+00 -1.180630e-07 -1.241408e-06 -3.834364e-06 0.000000e+00 0.000000e+00 0.000000e+00 
2.678039e+02 2.497790e+02 1.000000e+00 -1.256104e-07 -1.241170e-06 -3.834362e-06 0.000000e+00 0.000000e+00 0.000000e+00 
2.688683e+02 2.497790e+02 1.000000e+00 -1.331653e-07 -1.240917e-06 -3.834360e-06 0.000000e+00 0.000000e+00 0.000000e+00 
2.699326e+02 2.497790e+02 1.000000e+00 -1.407282e-07 -1.240649e-06 -3.834358e-06 0.000000e+00 0.000000e+00 0.000000e+00 
2.709970e+02 2.497790e+02 1.000000e+00 -1.482996e-07 -1.240366e-06 -3.834356e-06 0.000000e+00 0.000000e+00 0.000000e+00 
2.720613e+02 2.497790e+02 1.000000e+00 -1.558800e-07 -1.240069e-06 -3.834354e-06 0.000000e+00 0.000000e+00 0.000000e+00 
2.731257e+02 2.497790e+02 1.000000e+00 -1.634697e-07 -1.239758e-06 -3.834351e-06 0.000000e+00 0.000000e+00 0.000000e+00 
2.741900e+02 2.497790e+02 1.000000e+00 -1.710692e-07 -1.239431e-06 -3.834348e-06 0.000000e+00 0.000000e+00 0.000000e+00 
