# 1      , 2      , 3      , 4    , 5     , 6      , 7      , 8      ,                    9              , 10  , 11  , 12  , 13    , 14
# IGRF_In, IGRF_Ic, IGRF_Dc, dmeas, height, In_siB0, Ic_siB0, Dc_siB0,                    height m (-poh), In_m, Ic_m, Dc_m, min hP, max hP
4.515490e-05 5.338396e+01 3.320776e+00 0.000000e+00 1.618161e+03 4.614133e-05 5.390834e+01 2.016201e+00 1.616300e+03 4.742382e+01 5.569061e+01 1.954833e+00 1.612300e+03 1.618161e+03
4.515490e-05 5.338396e+01 3.320776e+00 1.623747e+00 1.618142e+03 4.641571e-05 5.383041e+01 2.156111e+00 1.615600e+03 4.783093e+01 5.404718e+01 3.012032e+00 1.612300e+03 1.618161e+03
4.515490e-05 5.338396e+01 3.320776e+00 3.150999e+00 1.618101e+03 4.669572e-05 5.363195e+01 2.378206e+00 1.614600e+03 4.745797e+01 5.224035e+01 4.243249e+00 1.612300e+03 1.618161e+03
4.515490e-05 5.338396e+01 3.320776e+00 4.527716e+00 1.617607e+03 4.693260e-05 5.322122e+01 2.558443e+00 1.613000e+03 4.573421e+01 5.007037e+01 nan 1.612300e+03 1.618161e+03
4.515490e-05 5.338396e+01 3.320776e+00 6.137337e+00 1.616980e+03 4.704617e-05 5.255770e+01 3.000868e+00 1.612200e+03 4.487955e+01 5.400272e+01 nan 1.612300e+03 1.618161e+03
4.515490e-05 5.338396e+01 3.320776e+00 9.489089e+00 1.615030e+03 4.610693e-05 5.171969e+01 4.024775e+00 1.610700e+03 4.536439e+01 5.369634e+01 nan 1.612300e+03 1.618161e+03
4.515490e-05 5.338396e+01 3.320776e+00 1.138386e+01 1.614259e+03 4.572085e-05 5.167645e+01 4.272093e+00 1.609900e+03 4.411000e+01 5.337727e+01 nan 1.612300e+03 1.618161e+03
4.515490e-05 5.338396e+01 3.320776e+00 1.317733e+01 1.613585e+03 4.547603e-05 5.163784e+01 4.264774e+00 1.609800e+03 4.389548e+01 5.367154e+01 nan 1.612300e+03 1.618161e+03
4.515490e-05 5.338396e+01 3.320776e+00 1.500425e+01 1.612928e+03 4.526409e-05 5.161129e+01 4.205058e+00 1.610200e+03 4.404913e+01 5.366723e+01 nan 1.612300e+03 1.618161e+03
4.515490e-05 5.338396e+01 3.320776e+00 1.684531e+01 1.612598e+03 4.493902e-05 5.164272e+01 3.905829e+00 1.611000e+03 4.453185e+01 5.289471e+01 nan 1.612300e+03 1.618161e+03
4.515490e-05 5.338396e+01 3.320776e+00 1.943922e+01 1.612300e+03 4.477918e-05 5.200616e+01 3.128392e+00 1.610800e+03 4.419592e+01 5.454391e+01 1.063309e+00 1.612300e+03 1.618161e+03
4.515490e-05 5.338396e+01 3.320776e+00 2.220056e+01 1.612689e+03 4.483489e-05 5.236162e+01 2.625644e+00 1.611000e+03 4.452453e+01 5.498824e+01 1.914017e+00 1.612300e+03 1.618161e+03
4.515490e-05 5.338396e+01 3.320776e+00 2.454997e+01 1.613075e+03 4.497249e-05 5.252448e+01 2.497520e+00 1.610800e+03 4.478542e+01 5.487871e+01 1.231894e+00 1.612300e+03 1.618161e+03
4.515490e-05 5.338396e+01 3.320776e+00 2.757029e+01 1.613389e+03 4.505084e-05 5.258543e+01 2.508533e+00 1.611500e+03 4.493814e+01 5.383987e+01 2.029894e+00 1.612300e+03 1.618161e+03
4.515490e-05 5.338396e+01 3.320776e+00 2.944027e+01 1.613220e+03 4.500373e-05 5.247059e+01 2.477750e+00 1.611100e+03 4.371885e+01 5.169838e+01 3.451255e+00 1.612300e+03 1.618161e+03
4.515490e-05 5.338396e+01 3.320776e+00 3.037436e+01 1.613293e+03 4.497995e-05 5.246917e+01 2.438279e+00 1.611000e+03 4.385628e+01 5.384706e+01 3.003526e+00 1.612300e+03 1.618161e+03
4.515490e-05 5.338396e+01 3.320776e+00 3.154682e+01 1.613199e+03 4.481358e-05 5.240851e+01 2.442963e+00 1.611500e+03 4.404374e+01 5.532059e+01 2.551288e+00 1.612300e+03 1.618161e+03
4.515490e-05 5.338396e+01 3.320776e+00 3.298924e+01 1.613288e+03 4.446641e-05 5.267944e+01 2.503609e+00 1.611000e+03 4.402118e+01 5.312242e+01 nan 1.612300e+03 1.618161e+03
4.515490e-05 5.338396e+01 3.320776e+00 3.467480e+01 1.613981e+03 4.453640e-05 5.345669e+01 2.637355e+00 1.612400e+03 4.443566e+01 5.571776e+01 3.529327e+00 1.612300e+03 1.618161e+03
4.515490e-05 5.338396e+01 3.320776e+00 3.553847e+01 1.614160e+03 4.463446e-05 5.353992e+01 2.821464e+00 1.612200e+03 4.439950e+01 5.437250e+01 nan 1.612300e+03 1.618161e+03
4.515490e-05 5.338396e+01 3.320776e+00 3.818805e+01 1.613816e+03 4.467977e-05 5.309690e+01 3.192762e+00 1.612400e+03 4.353164e+01 5.282039e+01 nan 1.612300e+03 1.618161e+03
4.515490e-05 5.338396e+01 3.320776e+00 4.088087e+01 1.613416e+03 4.471101e-05 5.272846e+01 3.488598e+00 1.611000e+03 4.407048e+01 5.353551e+01 nan 1.612300e+03 1.618161e+03
4.515490e-05 5.338396e+01 3.320776e+00 4.299560e+01 1.613316e+03 4.468493e-05 5.271963e+01 3.392985e+00 1.611500e+03 4.384667e+01 5.512693e+01 nan 1.612300e+03 1.618161e+03
4.515490e-05 5.338396e+01 3.320776e+00 4.569809e+01 1.613380e+03 4.469176e-05 5.274679e+01 3.016446e+00 1.613000e+03 4.335148e+01 5.597957e+01 5.931663e-01 1.612300e+03 1.618161e+03
4.515490e-05 5.338396e+01 3.320776e+00 4.832296e+01 1.613435e+03 4.457017e-05 5.281482e+01 2.565161e+00 1.613900e+03 4.503471e+01 5.643509e+01 -2.207638e-01 1.612300e+03 1.618161e+03
4.515490e-05 5.338396e+01 3.320776e+00 5.104044e+01 1.614286e+03 4.470110e-05 5.323547e+01 1.618952e+00 1.614700e+03 4.530434e+01 5.701953e+01 1.599031e+00 1.612300e+03 1.618161e+03
4.515490e-05 5.338396e+01 3.320776e+00 5.404295e+01 1.614901e+03 4.531094e-05 5.363233e+01 1.296861e+00 1.615100e+03 4.667478e+01 5.586840e+01 -1.360118e-01 1.612300e+03 1.618161e+03
