# 1    , 2      , 3      , 4      , 5      , 6      , 7       
# dmeas, Bx_siB0, By_siB0, Bz_siB0, In_siB0, Ic_siB0, Dc_siB0 
0.000000e+00 2.716405e-05 9.562797e-07 3.728568e-05 4.614133e-05 5.390834e+01 2.016201e+00 
1.623747e+00 2.737410e-05 1.030608e-06 3.747018e-05 4.641571e-05 5.383041e+01 2.156111e+00 
3.150999e+00 2.766531e-05 1.148978e-06 3.760054e-05 4.669572e-05 5.363195e+01 2.378206e+00 
4.527716e+00 2.807181e-05 1.254331e-06 3.759082e-05 4.693260e-05 5.322122e+01 2.558443e+00 
6.137337e+00 2.856307e-05 1.497361e-06 3.735306e-05 4.704617e-05 5.255770e+01 3.000868e+00 
9.489089e+00 2.849323e-05 2.004822e-06 3.619345e-05 4.610693e-05 5.171969e+01 4.024775e+00 
1.138386e+01 2.827279e-05 2.111994e-06 3.586900e-05 4.572085e-05 5.167645e+01 4.272093e+00 
1.317733e+01 2.814565e-05 2.098880e-06 3.565792e-05 4.547603e-05 5.163784e+01 4.264774e+00 
1.500425e+01 2.803303e-05 2.061105e-06 3.547871e-05 4.526409e-05 5.161129e+01 4.205058e+00 
1.684531e+01 2.782273e-05 1.899607e-06 3.523922e-05 4.493902e-05 5.164272e+01 3.905829e+00 
1.943922e+01 2.752394e-05 1.504323e-06 3.528944e-05 4.477918e-05 5.200616e+01 3.128392e+00 
2.220056e+01 2.735084e-05 1.254261e-06 3.550388e-05 4.483489e-05 5.236162e+01 2.625644e+00 
2.454997e+01 2.733628e-05 1.192342e-06 3.569077e-05 4.497249e-05 5.252448e+01 2.497520e+00 
2.757029e+01 2.734566e-05 1.198018e-06 3.578209e-05 4.505084e-05 5.258543e+01 2.508533e+00 
2.944027e+01 2.738923e-05 1.185183e-06 3.568979e-05 4.500373e-05 5.247059e+01 2.477750e+00 
3.037436e+01 2.737645e-05 1.165736e-06 3.567025e-05 4.497995e-05 5.246917e+01 2.438279e+00 
3.154682e+01 2.731266e-05 1.165257e-06 3.550940e-05 4.481358e-05 5.240851e+01 2.442963e+00 
3.298924e+01 2.693308e-05 1.177623e-06 3.536218e-05 4.446641e-05 5.267944e+01 2.503609e+00 
3.467480e+01 2.649023e-05 1.220221e-06 3.578086e-05 4.453640e-05 5.345669e+01 2.637355e+00 
3.553847e+01 2.649244e-05 1.305645e-06 3.589820e-05 4.463446e-05 5.353992e+01 2.821464e+00 
3.818805e+01 2.678693e-05 1.494227e-06 3.572828e-05 4.467977e-05 5.309690e+01 3.192762e+00 
4.088087e+01 2.702651e-05 1.647614e-06 3.557987e-05 4.471101e-05 5.272846e+01 3.488598e+00 
4.299560e+01 2.701892e-05 1.601900e-06 3.555495e-05 4.468493e-05 5.271963e+01 3.392985e+00 
4.569809e+01 2.701616e-05 1.423633e-06 3.557321e-05 4.469176e-05 5.274679e+01 3.016446e+00 
4.832296e+01 2.691091e-05 1.205621e-06 3.550844e-05 4.457017e-05 5.281482e+01 2.565161e+00 
5.104044e+01 2.674417e-05 7.558857e-07 3.581014e-05 4.470110e-05 5.323547e+01 1.618952e+00 
5.404295e+01 2.686090e-05 6.080869e-07 3.648566e-05 4.531094e-05 5.363233e+01 1.296861e+00 
