# 1, 2, 3, 4   , 5   , 6   , 7   , 8   , 9   , 10  
# x, y, z, Bx_si, By_si, Bz_si, In_si, Ic_si, Dc_si, dmeas 
5.017535e+05 4.171141e+06 1.616316e+03 -5.458588e-07 -3.258130e-08 1.344833e-06 1.451758e-06 6.787257e+01 -1.765842e+02 0.000000e+00 
5.017524e+05 4.171140e+06 1.616316e+03 -5.403886e-07 -3.086222e-08 1.344054e-06 1.448950e-06 6.806468e+01 -1.767313e+02 1.623747e+00 
5.017514e+05 4.171139e+06 1.616316e+03 -5.356144e-07 -2.908911e-08 1.343397e-06 1.446529e-06 6.823372e+01 -1.768913e+02 3.150999e+00 
5.017514e+05 4.171138e+06 1.616316e+03 -5.294476e-07 -2.961047e-08 1.344071e-06 1.444894e-06 6.846933e+01 -1.767989e+02 4.527716e+00 
5.017503e+05 4.171136e+06 1.616316e+03 -5.247295e-07 -2.766436e-08 1.343623e-06 1.442716e-06 6.864074e+01 -1.769821e+02 6.137337e+00 
5.017496e+05 4.171133e+06 1.616316e+03 -5.114839e-07 -2.705734e-08 1.345157e-06 1.439373e-06 6.915453e+01 -1.769719e+02 9.489089e+00 
5.017484e+05 4.171132e+06 1.616316e+03 -5.059287e-07 -2.500463e-08 1.345430e-06 1.437627e-06 6.936895e+01 -1.771706e+02 1.138386e+01 
5.017475e+05 4.171130e+06 1.616316e+03 -5.004725e-07 -2.331967e-08 1.346090e-06 1.436306e-06 6.958470e+01 -1.773322e+02 1.317733e+01 
5.017472e+05 4.171128e+06 1.616316e+03 -4.940425e-07 -2.315947e-08 1.347752e-06 1.435635e-06 6.984836e+01 -1.773161e+02 1.500425e+01 
5.017456e+05 4.171127e+06 1.616316e+03 -4.912829e-07 -1.982453e-08 1.347671e-06 1.434562e-06 6.995606e+01 -1.776892e+02 1.684531e+01 
5.017448e+05 4.171125e+06 1.616316e+03 -4.832164e-07 -1.846972e-08 1.350217e-06 1.434199e-06 7.029543e+01 -1.778111e+02 1.943922e+01 
5.017422e+05 4.171124e+06 1.616316e+03 -4.804545e-07 -1.290310e-08 1.350321e-06 1.433308e-06 7.040754e+01 -1.784616e+02 2.220056e+01 
5.017399e+05 4.171124e+06 1.616316e+03 -4.794756e-07 -7.836129e-09 1.350135e-06 1.432768e-06 7.044603e+01 -1.790637e+02 2.454997e+01 
5.017370e+05 4.171123e+06 1.616316e+03 -4.770812e-07 -1.470457e-09 1.350899e-06 1.432668e-06 7.054882e+01 -1.798234e+02 2.757029e+01 
5.017368e+05 4.171121e+06 1.616316e+03 -4.714974e-07 -1.159145e-09 1.353747e-06 1.433507e-06 7.079719e+01 -1.798591e+02 2.944027e+01 
5.017360e+05 4.171121e+06 1.616316e+03 -4.704639e-07 7.770845e-10 1.354314e-06 1.433703e-06 7.084369e+01 1.799054e+02 3.037436e+01 
5.017358e+05 4.171119e+06 1.616316e+03 -4.671296e-07 1.083773e-09 1.356261e-06 1.434453e-06 7.099499e+01 1.798671e+02 3.154682e+01 
5.017358e+05 4.171118e+06 1.616316e+03 -4.631341e-07 1.176513e-09 1.358809e-06 1.435569e-06 7.117887e+01 1.798545e+02 3.298924e+01 
5.017351e+05 4.171116e+06 1.616316e+03 -4.590339e-07 2.827840e-09 1.361727e-06 1.437018e-06 7.137087e+01 1.796470e+02 3.467480e+01 
5.017343e+05 4.171116e+06 1.616316e+03 -4.584574e-07 4.781195e-09 1.362226e-06 1.437312e-06 7.139839e+01 1.794025e+02 3.553847e+01 
5.017316e+05 4.171116e+06 1.616316e+03 -4.586972e-07 1.093928e-08 1.362501e-06 1.437683e-06 7.138884e+01 1.786338e+02 3.818805e+01 
5.017292e+05 4.171115e+06 1.616316e+03 -4.556546e-07 1.687145e-08 1.365581e-06 1.439693e-06 7.153586e+01 1.778795e+02 4.088087e+01 
5.017279e+05 4.171114e+06 1.616316e+03 -4.512443e-07 2.013312e-08 1.369772e-06 1.442325e-06 7.174962e+01 1.774453e+02 4.299560e+01 
5.017260e+05 4.171112e+06 1.616316e+03 -4.463733e-07 2.513853e-08 1.375209e-06 1.446057e-06 7.199065e+01 1.767767e+02 4.569809e+01 
5.017246e+05 4.171109e+06 1.616316e+03 -4.410115e-07 2.895950e-08 1.381607e-06 1.450575e-06 7.226109e+01 1.762430e+02 4.832296e+01 
5.017219e+05 4.171109e+06 1.616316e+03 -4.401701e-07 3.594894e-08 1.384146e-06 1.452895e-06 7.230382e+01 1.753310e+02 5.104044e+01 
5.017204e+05 4.171107e+06 1.616316e+03 -4.342368e-07 4.055274e-08 1.392470e-06 1.459171e-06 7.260927e+01 1.746647e+02 5.404295e+01 
