# 1, 2, 3, 4   , 5   , 6   , 7   , 8   , 9   , 10  
# x, y, z, Bx_si, By_si, Bz_si, In_si, Ic_si, Dc_si, dmeas 
5.017535e+05 4.171141e+06 1.618161e+03 -6.038203e-07 2.766484e-07 -1.042084e-06 1.235748e-06 5.748835e+01 -6.538448e+01 0.000000e+00 
5.017524e+05 4.171140e+06 1.618142e+03 -5.294922e-07 4.867010e-07 -1.226579e-06 1.421878e-06 5.961515e+01 -4.741126e+01 1.623747e+00 
5.017514e+05 4.171139e+06 1.618101e+03 -4.111217e-07 7.779060e-07 -1.356940e-06 1.617234e-06 5.703995e+01 -2.785636e+01 3.150999e+00 
5.017514e+05 4.171138e+06 1.617607e+03 -3.057686e-07 1.184411e-06 -1.347216e-06 1.819702e-06 4.776123e+01 -1.447548e+01 4.527716e+00 
5.017503e+05 4.171136e+06 1.616980e+03 -6.273889e-08 1.675669e-06 -1.109455e-06 2.010645e-06 3.348995e+01 -2.144215e+00 6.137337e+00 
5.017496e+05 4.171133e+06 1.615030e+03 4.447220e-07 1.605833e-06 5.015193e-08 1.667031e-06 -1.723980e+00 1.547963e+01 9.489089e+00 
5.017484e+05 4.171132e+06 1.614259e+03 5.518939e-07 1.385393e-06 3.746045e-07 1.537605e-06 -1.410080e+01 2.172066e+01 1.138386e+01 
5.017475e+05 4.171130e+06 1.613585e+03 5.387804e-07 1.258246e-06 5.856837e-07 1.488789e-06 -2.316597e+01 2.318058e+01 1.317733e+01 
5.017472e+05 4.171128e+06 1.612928e+03 5.010047e-07 1.145625e-06 7.648908e-07 1.465783e-06 -3.145514e+01 2.362072e+01 1.500425e+01 
5.017456e+05 4.171127e+06 1.612598e+03 3.395072e-07 9.353288e-07 1.004381e-06 1.413820e-06 -4.526768e+01 1.994997e+01 1.684531e+01 
5.017448e+05 4.171125e+06 1.612300e+03 -5.577722e-08 6.365395e-07 9.541627e-07 1.148355e-06 -5.619078e+01 -5.007791e+00 1.943922e+01 
5.017422e+05 4.171124e+06 1.612689e+03 -3.058388e-07 4.634381e-07 7.397160e-07 9.249281e-07 -5.310673e+01 -3.342220e+01 2.220056e+01 
5.017399e+05 4.171124e+06 1.613075e+03 -3.677580e-07 4.488768e-07 5.528320e-07 8.014734e-07 -4.361188e+01 -3.932724e+01 2.454997e+01 
5.017370e+05 4.171123e+06 1.613389e+03 -3.620822e-07 4.582622e-07 4.615140e-07 7.443809e-07 -3.831592e+01 -3.831297e+01 2.757029e+01 
5.017368e+05 4.171121e+06 1.613220e+03 -3.749170e-07 5.018251e-07 5.538107e-07 8.361205e-07 -4.147992e+01 -3.676367e+01 2.944027e+01 
5.017360e+05 4.171121e+06 1.613293e+03 -3.943642e-07 4.890497e-07 5.733462e-07 8.505402e-07 -4.238403e+01 -3.888231e+01 3.037436e+01 
5.017358e+05 4.171119e+06 1.613199e+03 -3.948433e-07 4.252648e-07 7.342049e-07 9.358463e-07 -5.167777e+01 -4.287561e+01 3.154682e+01 
5.017358e+05 4.171118e+06 1.613288e+03 -3.824766e-07 4.568396e-08 8.814218e-07 9.619146e-07 -6.639391e+01 -8.318872e+01 3.298924e+01 
5.017351e+05 4.171116e+06 1.613981e+03 -3.398787e-07 -3.971672e-07 4.627436e-07 6.981339e-07 -4.151601e+01 -1.394445e+02 3.467480e+01 
5.017343e+05 4.171116e+06 1.614160e+03 -2.544553e-07 -3.949633e-07 3.453971e-07 5.831318e-07 -3.632139e+01 -1.472083e+02 3.553847e+01 
5.017316e+05 4.171116e+06 1.613816e+03 -6.587260e-08 -1.004722e-07 5.153208e-07 5.291402e-07 -7.687658e+01 -1.467499e+02 3.818805e+01 
5.017292e+05 4.171115e+06 1.613416e+03 8.751355e-08 1.391073e-07 6.637259e-07 6.837701e-07 -7.609267e+01 3.217433e+01 4.088087e+01 
5.017279e+05 4.171114e+06 1.613316e+03 4.180005e-08 1.315240e-07 6.886518e-07 7.023440e-07 -7.866797e+01 1.763094e+01 4.299560e+01 
5.017260e+05 4.171112e+06 1.613380e+03 -1.364668e-07 1.287624e-07 6.703872e-07 6.961480e-07 -7.436440e+01 -4.666386e+01 4.569809e+01 
5.017246e+05 4.171109e+06 1.613435e+03 -3.544793e-07 2.351003e-08 7.351604e-07 8.164981e-07 -6.420836e+01 -8.620554e+01 4.832296e+01 
5.017219e+05 4.171109e+06 1.614286e+03 -8.042143e-07 -1.432301e-07 4.334599e-07 9.247502e-07 -2.795201e+01 -1.000985e+02 5.104044e+01 
5.017204e+05 4.171107e+06 1.614901e+03 -9.520131e-07 -2.649889e-08 -2.420614e-07 9.826621e-07 1.426058e+01 -9.159439e+01 5.404295e+01 
