# 1,2,3, 4    , 5    , 6    , 7    , 8    , 9     
# x,y,z, Bx_si, By_si, Bz_si, Bx_th, By_th, Bz_th 
2.523000e+01 4.977900e+01 1.000000e+00 9.557117e-07 -1.039123e-06 -3.517861e-06 0.000000e+00 0.000000e+00 0.000000e+00 
2.629435e+01 4.977900e+01 1.000000e+00 9.019216e-07 -1.046978e-06 -3.518260e-06 0.000000e+00 0.000000e+00 0.000000e+00 
2.735870e+01 4.977900e+01 1.000000e+00 8.501200e-07 -1.054505e-06 -3.518550e-06 0.000000e+00 0.000000e+00 0.000000e+00 
2.842304e+01 4.977900e+01 1.000000e+00 8.001339e-07 -1.061701e-06 -3.518747e-06 0.000000e+00 0.000000e+00 0.000000e+00 
2.948739e+01 4.977900e+01 1.000000e+00 7.518070e-07 -1.068563e-06 -3.518869e-06 0.000000e+00 0.000000e+00 0.000000e+00 
3.055174e+01 4.977900e+01 1.000000e+00 7.049972e-07 -1.075087e-06 -3.518927e-06 0.000000e+00 0.000000e+00 0.000000e+00 
3.161609e+01 4.977900e+01 1.000000e+00 6.595749e-07 -1.081272e-06 -3.518935e-06 0.000000e+00 0.000000e+00 0.000000e+00 
3.268043e+01 4.977900e+01 1.000000e+00 6.154211e-07 -1.087115e-06 -3.518901e-06 0.000000e+00 0.000000e+00 0.000000e+00 
3.374478e+01 4.977900e+01 1.000000e+00 5.724261e-07 -1.092615e-06 -3.518834e-06 0.000000e+00 0.000000e+00 0.000000e+00 
3.480913e+01 4.977900e+01 1.000000e+00 5.304881e-07 -1.097770e-06 -3.518743e-06 0.000000e+00 0.000000e+00 0.000000e+00 
3.587348e+01 4.977900e+01 1.000000e+00 4.895124e-07 -1.102579e-06 -3.518634e-06 0.000000e+00 0.000000e+00 0.000000e+00 
3.693783e+01 4.977900e+01 1.000000e+00 4.494102e-07 -1.107041e-06 -3.518512e-06 0.000000e+00 0.000000e+00 0.000000e+00 
3.800217e+01 4.977900e+01 1.000000e+00 4.100983e-07 -1.111155e-06 -3.518383e-06 0.000000e+00 0.000000e+00 0.000000e+00 
3.906652e+01 4.977900e+01 1.000000e+00 3.714978e-07 -1.114922e-06 -3.518252e-06 0.000000e+00 0.000000e+00 0.000000e+00 
4.013087e+01 4.977900e+01 1.000000e+00 3.335340e-07 -1.118339e-06 -3.518122e-06 0.000000e+00 0.000000e+00 0.000000e+00 
4.119522e+01 4.977900e+01 1.000000e+00 2.961357e-07 -1.121407e-06 -3.517996e-06 0.000000e+00 0.000000e+00 0.000000e+00 
4.225957e+01 4.977900e+01 1.000000e+00 2.592347e-07 -1.124126e-06 -3.517878e-06 0.000000e+00 0.000000e+00 0.000000e+00 
4.332391e+01 4.977900e+01 1.000000e+00 2.227653e-07 -1.126495e-06 -3.517770e-06 0.000000e+00 0.000000e+00 0.000000e+00 
4.438826e+01 4.977900e+01 1.000000e+00 1.866642e-07 -1.128515e-06 -3.517675e-06 0.000000e+00 0.000000e+00 0.000000e+00 
4.545261e+01 4.977900e+01 1.000000e+00 1.508698e-07 -1.130184e-06 -3.517593e-06 0.000000e+00 0.000000e+00 0.000000e+00 
4.651696e+01 4.977900e+01 1.000000e+00 1.153221e-07 -1.131504e-06 -3.517527e-06 0.000000e+00 0.000000e+00 0.000000e+00 
4.758130e+01 4.977900e+01 1.000000e+00 7.996209e-08 -1.132474e-06 -3.517478e-06 0.000000e+00 0.000000e+00 0.000000e+00 
4.864565e+01 4.977900e+01 1.000000e+00 4.473192e-08 -1.133094e-06 -3.517446e-06 0.000000e+00 0.000000e+00 0.000000e+00 
4.971000e+01 4.977900e+01 1.000000e+00 9.574240e-09 -1.133365e-06 -3.517432e-06 0.000000e+00 0.000000e+00 0.000000e+00 
5.077435e+01 4.977900e+01 1.000000e+00 -2.556794e-08 -1.133285e-06 -3.517436e-06 0.000000e+00 0.000000e+00 0.000000e+00 
5.183870e+01 4.977900e+01 1.000000e+00 -6.075153e-08 -1.132856e-06 -3.517458e-06 0.000000e+00 0.000000e+00 0.000000e+00 
5.290304e+01 4.977900e+01 1.000000e+00 -9.603363e-08 -1.132076e-06 -3.517498e-06 0.000000e+00 0.000000e+00 0.000000e+00 
5.396739e+01 4.977900e+01 1.000000e+00 -1.314718e-07 -1.130947e-06 -3.517555e-06 0.000000e+00 0.000000e+00 0.000000e+00 
5.503174e+01 4.977900e+01 1.000000e+00 -1.671245e-07 -1.129468e-06 -3.517629e-06 0.000000e+00 0.000000e+00 0.000000e+00 
5.609609e+01 4.977900e+01 1.000000e+00 -2.030509e-07 -1.127639e-06 -3.517717e-06 0.000000e+00 0.000000e+00 0.000000e+00 
5.716043e+01 4.977900e+01 1.000000e+00 -2.393118e-07 -1.125460e-06 -3.517818e-06 0.000000e+00 0.000000e+00 0.000000e+00 
5.822478e+01 4.977900e+01 1.000000e+00 -2.759696e-07 -1.122932e-06 -3.517931e-06 0.000000e+00 0.000000e+00 0.000000e+00 
5.928913e+01 4.977900e+01 1.000000e+00 -3.130887e-07 -1.120054e-06 -3.518053e-06 0.000000e+00 0.000000e+00 0.000000e+00 
6.035348e+01 4.977900e+01 1.000000e+00 -3.507357e-07 -1.116827e-06 -3.518181e-06 0.000000e+00 0.000000e+00 0.000000e+00 
6.141783e+01 4.977900e+01 1.000000e+00 -3.889802e-07 -1.113251e-06 -3.518312e-06 0.000000e+00 0.000000e+00 0.000000e+00 
6.248217e+01 4.977900e+01 1.000000e+00 -4.278949e-07 -1.109326e-06 -3.518443e-06 0.000000e+00 0.000000e+00 0.000000e+00 
6.354652e+01 4.977900e+01 1.000000e+00 -4.675565e-07 -1.105053e-06 -3.518569e-06 0.000000e+00 0.000000e+00 0.000000e+00 
6.461087e+01 4.977900e+01 1.000000e+00 -5.080455e-07 -1.100433e-06 -3.518686e-06 0.000000e+00 0.000000e+00 0.000000e+00 
6.567522e+01 4.977900e+01 1.000000e+00 -5.494478e-07 -1.095467e-06 -3.518787e-06 0.000000e+00 0.000000e+00 0.000000e+00 
6.673957e+01 4.977900e+01 1.000000e+00 -5.918547e-07 -1.090155e-06 -3.518868e-06 0.000000e+00 0.000000e+00 0.000000e+00 
6.780391e+01 4.977900e+01 1.000000e+00 -6.353639e-07 -1.084498e-06 -3.518921e-06 0.000000e+00 0.000000e+00 0.000000e+00 
6.886826e+01 4.977900e+01 1.000000e+00 -6.800808e-07 -1.078500e-06 -3.518937e-06 0.000000e+00 0.000000e+00 0.000000e+00 
6.993261e+01 4.977900e+01 1.000000e+00 -7.261191e-07 -1.072160e-06 -3.518908e-06 0.000000e+00 0.000000e+00 0.000000e+00 
7.099696e+01 4.977900e+01 1.000000e+00 -7.736026e-07 -1.065482e-06 -3.518822e-06 0.000000e+00 0.000000e+00 0.000000e+00 
7.206130e+01 4.977900e+01 1.000000e+00 -8.226661e-07 -1.058468e-06 -3.518668e-06 0.000000e+00 0.000000e+00 0.000000e+00 
7.312565e+01 4.977900e+01 1.000000e+00 -8.734580e-07 -1.051121e-06 -3.518430e-06 0.000000e+00 0.000000e+00 0.000000e+00 
7.419000e+01 4.977900e+01 1.000000e+00 -9.261419e-07 -1.043444e-06 -3.518093e-06 0.000000e+00 0.000000e+00 0.000000e+00 
