# 1,2,3, 4    , 5    , 6    , 7    , 8    , 9     
# x,y,z, Bx_si, By_si, Bz_si, Bx_th, By_th, Bz_th 
1.002300e+02 1.247790e+02 1.000000e+00 1.089924e-09 -4.547276e-08 -1.458019e-07 1.527323e-07 7.267365e+01 1.786270e+02 
1.012943e+02 1.247790e+02 1.000000e+00 1.035172e-09 -4.553032e-08 -1.454837e-07 1.524453e-07 7.261783e+01 1.786976e+02 
1.023587e+02 1.247790e+02 1.000000e+00 9.815358e-10 -4.558533e-08 -1.451817e-07 1.521733e-07 7.256453e+01 1.787665e+02 
1.034230e+02 1.247790e+02 1.000000e+00 9.289474e-10 -4.563778e-08 -1.448956e-07 1.519158e-07 7.251373e+01 1.788339e+02 
1.044874e+02 1.247790e+02 1.000000e+00 8.773424e-10 -4.568768e-08 -1.446251e-07 1.516725e-07 7.246542e+01 1.788999e+02 
1.055517e+02 1.247790e+02 1.000000e+00 8.266590e-10 -4.573503e-08 -1.443700e-07 1.514433e-07 7.241960e+01 1.789645e+02 
1.066161e+02 1.247790e+02 1.000000e+00 7.768376e-10 -4.577984e-08 -1.441299e-07 1.512277e-07 7.237626e+01 1.790278e+02 
1.076804e+02 1.247790e+02 1.000000e+00 7.278203e-10 -4.582211e-08 -1.439046e-07 1.510256e-07 7.233539e+01 1.790900e+02 
1.087448e+02 1.247790e+02 1.000000e+00 6.795514e-10 -4.586183e-08 -1.436939e-07 1.508367e-07 7.229700e+01 1.791511e+02 
1.098091e+02 1.247790e+02 1.000000e+00 6.319768e-10 -4.589903e-08 -1.434975e-07 1.506608e-07 7.226106e+01 1.792112e+02 
1.108735e+02 1.247790e+02 1.000000e+00 5.850444e-10 -4.593369e-08 -1.433153e-07 1.504976e-07 7.222759e+01 1.792703e+02 
1.119378e+02 1.247790e+02 1.000000e+00 5.387030e-10 -4.596582e-08 -1.431471e-07 1.503471e-07 7.219656e+01 1.793285e+02 
1.130022e+02 1.247790e+02 1.000000e+00 4.929032e-10 -4.599543e-08 -1.429927e-07 1.502089e-07 7.216799e+01 1.793860e+02 
1.140665e+02 1.247790e+02 1.000000e+00 4.475964e-10 -4.602251e-08 -1.428519e-07 1.500831e-07 7.214186e+01 1.794428e+02 
1.151309e+02 1.247790e+02 1.000000e+00 4.027356e-10 -4.604707e-08 -1.427246e-07 1.499694e-07 7.211816e+01 1.794989e+02 
1.161952e+02 1.247790e+02 1.000000e+00 3.582744e-10 -4.606911e-08 -1.426107e-07 1.498676e-07 7.209690e+01 1.795544e+02 
1.172596e+02 1.247790e+02 1.000000e+00 3.141676e-10 -4.608864e-08 -1.425100e-07 1.497777e-07 7.207808e+01 1.796094e+02 
1.183239e+02 1.247790e+02 1.000000e+00 2.703704e-10 -4.610565e-08 -1.424225e-07 1.496996e-07 7.206168e+01 1.796640e+02 
1.193883e+02 1.247790e+02 1.000000e+00 2.268392e-10 -4.612014e-08 -1.423481e-07 1.496332e-07 7.204771e+01 1.797182e+02 
1.204526e+02 1.247790e+02 1.000000e+00 1.835304e-10 -4.613212e-08 -1.422867e-07 1.495784e-07 7.203616e+01 1.797721e+02 
1.215170e+02 1.247790e+02 1.000000e+00 1.404014e-10 -4.614159e-08 -1.422382e-07 1.495352e-07 7.202703e+01 1.798257e+02 
1.225813e+02 1.247790e+02 1.000000e+00 9.740972e-11 -4.614855e-08 -1.422026e-07 1.495034e-07 7.202033e+01 1.798791e+02 
1.236457e+02 1.247790e+02 1.000000e+00 5.451312e-11 -4.615300e-08 -1.421799e-07 1.494832e-07 7.201604e+01 1.799323e+02 
1.247100e+02 1.247790e+02 1.000000e+00 1.166967e-11 -4.615494e-08 -1.421700e-07 1.494743e-07 7.201417e+01 1.799855e+02 
1.257743e+02 1.247790e+02 1.000000e+00 -3.116234e-11 -4.615437e-08 -1.421729e-07 1.494769e-07 7.201472e+01 -1.799613e+02 
1.268387e+02 1.247790e+02 1.000000e+00 -7.402475e-11 -4.615129e-08 -1.421886e-07 1.494910e-07 7.201769e+01 -1.799081e+02 
1.279030e+02 1.247790e+02 1.000000e+00 -1.169595e-10 -4.614570e-08 -1.422172e-07 1.495165e-07 7.202308e+01 -1.798548e+02 
1.289674e+02 1.247790e+02 1.000000e+00 -1.600085e-10 -4.613759e-08 -1.422587e-07 1.495534e-07 7.203089e+01 -1.798013e+02 
1.300317e+02 1.247790e+02 1.000000e+00 -2.032141e-10 -4.612698e-08 -1.423130e-07 1.496019e-07 7.204111e+01 -1.797476e+02 
1.310961e+02 1.247790e+02 1.000000e+00 -2.466186e-10 -4.611386e-08 -1.423804e-07 1.496620e-07 7.205376e+01 -1.796936e+02 
1.321604e+02 1.247790e+02 1.000000e+00 -2.902655e-10 -4.609822e-08 -1.424607e-07 1.497337e-07 7.206884e+01 -1.796392e+02 
1.332248e+02 1.247790e+02 1.000000e+00 -3.341981e-10 -4.608006e-08 -1.425542e-07 1.498172e-07 7.208634e+01 -1.795845e+02 
1.342891e+02 1.247790e+02 1.000000e+00 -3.784605e-10 -4.605940e-08 -1.426609e-07 1.499124e-07 7.210628e+01 -1.795292e+02 
1.353535e+02 1.247790e+02 1.000000e+00 -4.230979e-10 -4.603621e-08 -1.427809e-07 1.500196e-07 7.212864e+01 -1.794734e+02 
1.364178e+02 1.247790e+02 1.000000e+00 -4.681558e-10 -4.601050e-08 -1.429143e-07 1.501389e-07 7.215344e+01 -1.794170e+02 
1.374822e+02 1.247790e+02 1.000000e+00 -5.136811e-10 -4.598227e-08 -1.430613e-07 1.502703e-07 7.218069e+01 -1.793600e+02 
1.385465e+02 1.247790e+02 1.000000e+00 -5.597212e-10 -4.595151e-08 -1.432219e-07 1.504140e-07 7.221038e+01 -1.793021e+02 
1.396109e+02 1.247790e+02 1.000000e+00 -6.063254e-10 -4.591823e-08 -1.433965e-07 1.505703e-07 7.224252e+01 -1.792435e+02 
1.406752e+02 1.247790e+02 1.000000e+00 -6.535437e-10 -4.588242e-08 -1.435851e-07 1.507392e-07 7.227711e+01 -1.791839e+02 
1.417396e+02 1.247790e+02 1.000000e+00 -7.014276e-10 -4.584407e-08 -1.437880e-07 1.509210e-07 7.231416e+01 -1.791234e+02 
1.428039e+02 1.247790e+02 1.000000e+00 -7.500303e-10 -4.580319e-08 -1.440053e-07 1.511159e-07 7.235368e+01 -1.790619e+02 
1.438683e+02 1.247790e+02 1.000000e+00 -7.994065e-10 -4.575977e-08 -1.442373e-07 1.513241e-07 7.239567e+01 -1.789992e+02 
1.449326e+02 1.247790e+02 1.000000e+00 -8.496129e-10 -4.571380e-08 -1.444842e-07 1.515459e-07 7.244014e+01 -1.789353e+02 
1.459970e+02 1.247790e+02 1.000000e+00 -9.007081e-10 -4.566529e-08 -1.447463e-07 1.517815e-07 7.248709e+01 -1.788700e+02 
1.470613e+02 1.247790e+02 1.000000e+00 -9.527528e-10 -4.561423e-08 -1.450238e-07 1.520312e-07 7.253654e+01 -1.788034e+02 
1.481257e+02 1.247790e+02 1.000000e+00 -1.005810e-09 -4.556062e-08 -1.453171e-07 1.522952e-07 7.258848e+01 -1.787353e+02 
1.491900e+02 1.247790e+02 1.000000e+00 -1.059945e-09 -4.550444e-08 -1.456265e-07 1.525741e-07 7.264292e+01 -1.786656e+02 
