# 1      , 2      , 3      , 4    , 5     , 6      , 7      , 8      ,                    9              , 10  , 11  , 12  , 13    , 14
# IGRF_In, IGRF_Ic, IGRF_Dc, dmeas, height, In_siB0, Ic_siB0, Dc_siB0,                    height m (-poh), In_m, Ic_m, Dc_m, min hP, max hP
4.515083e-05 5.339026e+01 3.316879e+00 0.000000000 1.820029e+03 4.678639e-05 5.378099e+01 4.635963e-02 1.822200e+03 4.792318e+01 5.620806e+01 -6.067715e+00 1.817435e+03 1.821298e+03
4.515083e-05 5.339026e+01 3.316879e+00 0.971622377 1.819631e+03 4.669582e-05 5.360041e+01 1.231216e-01 1.822000e+03 4.752796e+01 5.640355e+01 -8.303764e+00 1.814925e+03 1.819631e+03
4.515083e-05 5.339026e+01 3.316879e+00 1.666879134 1.819340e+03 4.665505e-05 5.345508e+01 2.594559e-01 1.821600e+03 4.435450e+01 5.589414e+01 -1.082666e+01 1.814925e+03 1.819631e+03
4.515083e-05 5.339026e+01 3.316879e+00 2.367934626 1.819150e+03 4.646521e-05 5.348397e+01 5.106010e-01 1.821500e+03 4.321569e+01 5.452528e+01 -5.512817e+00 1.814925e+03 1.819631e+03
4.515083e-05 5.339026e+01 3.316879e+00 3.089374864 1.818998e+03 4.630753e-05 5.351643e+01 6.409268e-01 1.821000e+03 4.388177e+01 5.414971e+01 -3.383806e+00 1.814925e+03 1.819631e+03
4.515083e-05 5.339026e+01 3.316879e+00 3.991251070 1.818767e+03 4.618462e-05 5.359534e+01 7.107558e-01 1.820500e+03 4.493453e+01 5.358105e+01 -2.582959e+00 1.814925e+03 1.819631e+03
4.515083e-05 5.339026e+01 3.316879e+00 4.820348221 1.818556e+03 4.605888e-05 5.365541e+01 6.717071e-01 1.820500e+03 4.484627e+01 5.306629e+01 -2.499618e+00 1.814925e+03 1.819631e+03
4.515083e-05 5.339026e+01 3.316879e+00 5.788472417 1.818293e+03 4.596139e-05 5.371879e+01 4.782435e-01 1.819900e+03 4.596706e+01 5.199343e+01 -2.420807e-01 1.814925e+03 1.819631e+03
4.515083e-05 5.339026e+01 3.316879e+00 6.520795179 1.818108e+03 4.598523e-05 5.372365e+01 2.277044e-01 1.819500e+03 4.680632e+01 4.903281e+01 3.016258e+00 1.814925e+03 1.819631e+03
4.515083e-05 5.339026e+01 3.316879e+00 7.236614552 1.817922e+03 4.578956e-05 5.360952e+01 -1.346018e-01 1.819200e+03 4.723418e+01 4.694511e+01 3.708820e+00 1.814925e+03 1.819631e+03
4.515083e-05 5.339026e+01 3.316879e+00 7.744150807 1.817633e+03 4.554839e-05 5.348151e+01 -5.533365e-01 1.818600e+03 4.719230e+01 4.571416e+01 8.046043e-01 1.814925e+03 1.819631e+03
4.515083e-05 5.339026e+01 3.316879e+00 8.641725452 1.817144e+03 4.523081e-05 5.306762e+01 -6.816892e-01 1.818500e+03 4.696749e+01 5.046127e+01 -4.974963e+00 1.814925e+03 1.819631e+03
4.515083e-05 5.339026e+01 3.316879e+00 9.627254626 1.816532e+03 4.465853e-05 5.265208e+01 -1.787012e-01 1.817900e+03 4.587412e+01 5.325798e+01 -5.463158e+00 1.814925e+03 1.819631e+03
4.515083e-05 5.339026e+01 3.316879e+00 10.63911749 1.815904e+03 4.412555e-05 5.222578e+01 5.309634e-01 1.817800e+03 4.498470e+01 5.431387e+01 -7.071037e+00 1.814925e+03 1.819631e+03
4.515083e-05 5.339026e+01 3.316879e+00 11.73682984 1.815273e+03 4.339190e-05 5.163795e+01 1.835202e+00 1.816800e+03 4.222994e+01 5.406374e+01 -8.374678e+00 1.814925e+03 1.819631e+03
4.515083e-05 5.339026e+01 3.316879e+00 12.23046169 1.815144e+03 4.314751e-05 5.138043e+01 2.453050e+00 1.816000e+03 4.075603e+01 5.266537e+01 -5.379844e+00 1.814925e+03 1.819631e+03
4.515083e-05 5.339026e+01 3.316879e+00 13.58142439 1.814925e+03 4.339021e-05 5.135617e+01 4.350665e+00 1.815900e+03 4.004139e+01 5.263133e+01 -3.512079e+00 1.814925e+03 1.819631e+03
4.515083e-05 5.339026e+01 3.316879e+00 14.60679255 1.815360e+03 4.409914e-05 5.180470e+01 5.424439e+00 1.814900e+03 3.835402e+01 5.079561e+01 2.066762e-01 1.814925e+03 1.819631e+03
4.515083e-05 5.339026e+01 3.316879e+00 15.56354751 1.815768e+03 4.464234e-05 5.212728e+01 5.848965e+00 1.814400e+03 3.891824e+01 4.985442e+01 5.882240e+00 1.814925e+03 1.819631e+03
4.515083e-05 5.339026e+01 3.316879e+00 16.62535779 1.816227e+03 4.512589e-05 5.240540e+01 6.105823e+00 1.814300e+03 4.021737e+01 5.156807e+01 6.782906e+00 1.814925e+03 1.819631e+03
4.515083e-05 5.339026e+01 3.316879e+00 17.49791363 1.816608e+03 4.553533e-05 5.261942e+01 6.158546e+00 1.814100e+03 4.109257e+01 5.212092e+01 6.330499e+00 1.814925e+03 1.819631e+03
4.515083e-05 5.339026e+01 3.316879e+00 18.71260712 1.817007e+03 4.614649e-05 5.294745e+01 5.277356e+00 1.814100e+03 4.151485e+01 5.153018e+01 7.641009e+00 1.814925e+03 1.819631e+03
4.515083e-05 5.339026e+01 3.316879e+00 19.34699890 1.817064e+03 4.625868e-05 5.295738e+01 4.833826e+00 1.814300e+03 4.259893e+01 5.084375e+01 7.187353e+00 1.814925e+03 1.819631e+03
4.515083e-05 5.339026e+01 3.316879e+00 20.18941124 1.817180e+03 4.628201e-05 5.290108e+01 4.518462e+00 1.814500e+03 4.330636e+01 4.979699e+01 7.690354e+00 1.814925e+03 1.819631e+03
4.515083e-05 5.339026e+01 3.316879e+00 21.05501101 1.817363e+03 4.625397e-05 5.283166e+01 4.490862e+00 1.814600e+03 4.524520e+01 5.102303e+01 8.401580e+00 1.814925e+03 1.819631e+03
4.515083e-05 5.339026e+01 3.316879e+00 21.85475737 1.817499e+03 4.635000e-05 5.273959e+01 4.419812e+00 1.815000e+03 4.593935e+01 5.225691e+01 6.905305e+00 1.814925e+03 1.819631e+03
4.515083e-05 5.339026e+01 3.316879e+00 22.96406703 1.817671e+03 4.662323e-05 5.277275e+01 4.121111e+00 1.815500e+03 4.668416e+01 5.285104e+01 5.981571e+00 1.814925e+03 1.819631e+03
4.515083e-05 5.339026e+01 3.316879e+00 23.69586381 1.817732e+03 4.673043e-05 5.282724e+01 3.498339e+00 1.816300e+03 4.698706e+01 5.460134e+01 3.776403e-01 1.814925e+03 1.819631e+03
