# 1, 2, 3, 4   , 5   , 6   , 7   , 8   , 9   , 10  
# x, y, z, Bx_si, By_si, Bz_si, In_si, Ic_si, Dc_si, dmeas 
4.993927e+05 4.171909e+06 1.819631e+03 -1.498355e-06 8.287474e-07 -1.342078e-06 2.175560e-06 3.808927e+01 -6.105280e+01 0.000000e+00 
4.993934e+05 4.171909e+06 1.819340e+03 -1.432099e-06 8.994941e-07 -1.238914e-06 2.096403e-06 3.622598e+01 -5.786727e+01 6.966005e-01 
4.993940e+05 4.171909e+06 1.819150e+03 -1.311504e-06 7.668174e-07 -1.100347e-06 1.875851e-06 3.591509e+01 -5.968580e+01 1.398629e+00 
4.993947e+05 4.171909e+06 1.818998e+03 -1.249902e-06 6.512793e-07 -9.892256e-07 1.721914e-06 3.506406e+01 -6.247759e+01 2.121274e+00 
4.993956e+05 4.171909e+06 1.818767e+03 -1.217889e-06 5.266398e-07 -9.281794e-07 1.619296e-06 3.497363e+01 -6.661537e+01 3.024770e+00 
4.993964e+05 4.171909e+06 1.818556e+03 -1.237899e-06 4.133643e-07 -8.556212e-07 1.560561e-06 3.324895e+01 -7.153459e+01 3.855547e+00 
4.993974e+05 4.171909e+06 1.818293e+03 -1.330886e-06 3.155514e-07 -8.072042e-07 1.588210e-06 3.054719e+01 -7.666155e+01 4.825620e+00 
4.993981e+05 4.171909e+06 1.818108e+03 -1.449768e-06 3.272500e-07 -8.287345e-07 1.701682e-06 2.914419e+01 -7.728005e+01 5.558763e+00 
4.993988e+05 4.171909e+06 1.817922e+03 -1.621720e-06 2.850888e-07 -6.169436e-07 1.758372e-06 2.053997e+01 -8.002961e+01 6.275999e+00 
4.993993e+05 4.171909e+06 1.817633e+03 -1.819664e-06 2.226681e-07 -3.623409e-07 1.868702e-06 1.118046e+01 -8.302353e+01 6.784365e+00 
4.994001e+05 4.171908e+06 1.817144e+03 -1.881248e-06 2.949032e-07 8.827067e-08 1.906267e-06 -2.654060e+00 -8.109085e+01 7.683012e+00 
4.994011e+05 4.171908e+06 1.816532e+03 -1.642399e-06 2.110253e-07 7.412711e-07 1.814246e-06 -2.411589e+01 -8.267840e+01 8.670473e+00 
4.994021e+05 4.171908e+06 1.815904e+03 -1.307423e-06 1.469082e-07 1.365112e-06 1.895908e-06 -4.605703e+01 -8.358887e+01 9.684373e+00 
4.994031e+05 4.171909e+06 1.815273e+03 -6.954632e-07 3.533821e-08 2.219509e-06 2.326186e-06 -7.258100e+01 -8.709116e+01 1.078372e+01 
4.994034e+05 4.171909e+06 1.815144e+03 -4.052608e-07 2.458899e-08 2.531839e-06 2.564185e-06 -8.088960e+01 -8.652786e+01 1.127734e+01 
4.994042e+05 4.171908e+06 1.814925e+03 4.976303e-07 1.370178e-07 2.353679e-06 2.409609e-06 -7.763114e+01 7.460561e+01 1.262762e+01 
4.994051e+05 4.171908e+06 1.815360e+03 1.019866e-06 2.652196e-07 1.585446e-06 1.903709e-06 -5.638948e+01 7.542292e+01 1.365429e+01 
4.994061e+05 4.171909e+06 1.815768e+03 1.234985e-06 3.825767e-07 1.003682e-06 1.636744e-06 -3.782261e+01 7.278794e+01 1.461294e+01 
4.994071e+05 4.171909e+06 1.816227e+03 1.370329e-06 4.926985e-07 4.879331e-07 1.535784e-06 -1.852446e+01 7.022408e+01 1.567666e+01 
4.994079e+05 4.171909e+06 1.816608e+03 1.407836e-06 6.041563e-07 5.999339e-08 1.533168e-06 -2.242576e+00 6.677397e+01 1.655043e+01 
4.994091e+05 4.171909e+06 1.817007e+03 9.995627e-07 8.064754e-07 -5.854394e-07 1.411477e-06 2.450488e+01 5.110243e+01 1.776748e+01 
4.994098e+05 4.171909e+06 1.817064e+03 7.903137e-07 8.864246e-07 -6.798035e-07 1.368385e-06 2.978803e+01 4.171939e+01 1.840319e+01 
4.994106e+05 4.171909e+06 1.817180e+03 6.414089e-07 9.491192e-07 -6.710120e-07 1.327588e-06 3.036036e+01 3.405059e+01 1.924713e+01 
4.994112e+05 4.171910e+06 1.817363e+03 6.301767e-07 9.778532e-07 -6.148210e-07 1.315798e-06 2.785665e+01 3.279972e+01 2.011220e+01 
4.994120e+05 4.171910e+06 1.817499e+03 6.046705e-07 1.097530e-06 -6.462957e-07 1.409928e-06 2.728321e+01 2.885201e+01 2.091337e+01 
4.994131e+05 4.171910e+06 1.817671e+03 4.691248e-07 1.251994e-06 -8.800912e-07 1.600665e-06 3.335526e+01 2.054108e+01 2.202474e+01 
4.994138e+05 4.171910e+06 1.817732e+03 1.650175e-07 1.301762e-06 -9.923105e-07 1.645143e-06 3.709768e+01 7.224547e+00 2.275786e+01 
