# 1    , 2      , 3      , 4      , 5      , 6      , 7       
# dmeas, Bx_siB0, By_siB0, Bz_siB0, In_siB0, Ic_siB0, Dc_siB0 
0.000000e+00 2.770985e-05 5.954515e-08 3.758538e-05 4.669582e-05 5.360041e+01 1.231216e-01 
6.966005e-01 2.778059e-05 1.258014e-07 3.748221e-05 4.665505e-05 5.345508e+01 2.594559e-01 
1.398629e+00 2.764792e-05 2.463956e-07 3.734365e-05 4.646521e-05 5.348397e+01 5.106010e-01 
2.121274e+00 2.753238e-05 3.079978e-07 3.723253e-05 4.630753e-05 5.351643e+01 6.409268e-01 
3.024770e+00 2.740774e-05 3.400112e-07 3.717148e-05 4.618462e-05 5.359534e+01 7.107558e-01 
3.855547e+00 2.729446e-05 3.200013e-07 3.709892e-05 4.605888e-05 5.365541e+01 6.717071e-01 
4.825620e+00 2.719665e-05 2.270137e-07 3.705050e-05 4.596139e-05 5.371879e+01 4.782435e-01 
5.558763e+00 2.720835e-05 1.081318e-07 3.707203e-05 4.598523e-05 5.372365e+01 2.277044e-01 
6.275999e+00 2.716619e-05 -6.382014e-08 3.686024e-05 4.578956e-05 5.360952e+01 -1.346018e-01 
6.784365e+00 2.710377e-05 -2.617640e-07 3.660564e-05 4.554839e-05 5.348151e+01 -5.533365e-01 
7.683012e+00 2.717600e-05 -3.233477e-07 3.615503e-05 4.523081e-05 5.306762e+01 -6.816892e-01 
8.670473e+00 2.709213e-05 -8.449857e-08 3.550203e-05 4.465853e-05 5.265208e+01 -1.787012e-01 
9.684373e+00 2.702801e-05 2.504773e-07 3.487819e-05 4.412555e-05 5.222578e+01 5.309634e-01 
1.078372e+01 2.691644e-05 8.624368e-07 3.402379e-05 4.339190e-05 5.163795e+01 1.835202e+00 
1.127734e+01 2.690569e-05 1.152639e-06 3.371146e-05 4.314751e-05 5.138043e+01 2.453050e+00 
1.262762e+01 2.701812e-05 2.055530e-06 3.388962e-05 4.339021e-05 5.135617e+01 4.350665e+00 
1.365429e+01 2.714632e-05 2.577766e-06 3.465785e-05 4.409914e-05 5.180470e+01 5.424439e+00 
1.461294e+01 2.726368e-05 2.792885e-06 3.523962e-05 4.464234e-05 5.212728e+01 5.848965e+00 
1.567666e+01 2.737380e-05 2.928229e-06 3.575537e-05 4.512589e-05 5.240540e+01 6.105823e+00 
1.655043e+01 2.748526e-05 2.965736e-06 3.618331e-05 4.553533e-05 5.261942e+01 6.158546e+00 
1.776748e+01 2.768758e-05 2.557463e-06 3.682874e-05 4.614649e-05 5.294745e+01 5.277356e+00 
1.840319e+01 2.776752e-05 2.348214e-06 3.692310e-05 4.625868e-05 5.295738e+01 4.833826e+00 
1.924713e+01 2.783022e-05 2.199309e-06 3.691431e-05 4.628201e-05 5.290108e+01 4.518462e+00 
2.011220e+01 2.785895e-05 2.188077e-06 3.685812e-05 4.625397e-05 5.283166e+01 4.490862e+00 
2.091337e+01 2.797863e-05 2.162571e-06 3.688960e-05 4.635000e-05 5.273959e+01 4.419812e+00 
2.202474e+01 2.813309e-05 2.027025e-06 3.712339e-05 4.662323e-05 5.277275e+01 4.121111e+00 
2.275786e+01 2.818286e-05 1.722917e-06 3.723561e-05 4.673043e-05 5.282724e+01 3.498339e+00 
