# 1, 2, 3, 4   , 5   , 6   , 7   , 8   , 9   , 10  
# x, y, z, Bx_si, By_si, Bz_si, In_si, Ic_si, Dc_si, dmeas 
4.993927e+05 4.171909e+06 1.819289e+03 -3.990252e-07 -5.760015e-08 1.415929e-06 1.472207e-06 7.410662e+01 -1.717860e+02 0.000000e+00 
4.993934e+05 4.171909e+06 1.819289e+03 -3.986738e-07 -5.943876e-08 1.417282e-06 1.473486e-06 7.412405e+01 -1.715202e+02 6.966005e-01 
4.993940e+05 4.171909e+06 1.819289e+03 -3.988466e-07 -6.101904e-08 1.416759e-06 1.473095e-06 7.410327e+01 -1.713018e+02 1.398629e+00 
4.993947e+05 4.171909e+06 1.819289e+03 -3.988994e-07 -6.277231e-08 1.416686e-06 1.473112e-06 7.409048e+01 -1.710571e+02 2.121274e+00 
4.993956e+05 4.171909e+06 1.819289e+03 -3.987056e-07 -6.514874e-08 1.417527e-06 1.473972e-06 7.409253e+01 -1.707198e+02 3.024770e+00 
4.993964e+05 4.171909e+06 1.819289e+03 -3.985867e-07 -6.731569e-08 1.418101e-06 1.474589e-06 7.408974e+01 -1.704140e+02 3.855547e+00 
4.993974e+05 4.171909e+06 1.819289e+03 -3.982073e-07 -6.996880e-08 1.419625e-06 1.476076e-06 7.410310e+01 -1.700343e+02 4.825620e+00 
4.993981e+05 4.171909e+06 1.819289e+03 -3.976095e-07 -7.194243e-08 1.421870e-06 1.478168e-06 7.413596e+01 -1.697440e+02 5.558763e+00 
4.993988e+05 4.171909e+06 1.819289e+03 -3.972543e-07 -7.395400e-08 1.423275e-06 1.479525e-06 7.415033e+01 -1.694544e+02 6.275999e+00 
4.993993e+05 4.171909e+06 1.819289e+03 -3.969635e-07 -7.539244e-08 1.424415e-06 1.480615e-06 7.416311e+01 -1.692463e+02 6.784365e+00 
4.994001e+05 4.171908e+06 1.819289e+03 -3.961281e-07 -7.780449e-08 1.427581e-06 1.483562e-06 7.420996e+01 -1.688878e+02 7.683012e+00 
4.994011e+05 4.171908e+06 1.819289e+03 -3.957388e-07 -8.062824e-08 1.429191e-06 1.485159e-06 7.422047e+01 -1.684841e+02 8.670473e+00 
4.994021e+05 4.171908e+06 1.819289e+03 -3.953117e-07 -8.357074e-08 1.430956e-06 1.486907e-06 7.423230e+01 -1.680632e+02 9.684373e+00 
4.994031e+05 4.171909e+06 1.819289e+03 -3.952174e-07 -8.655188e-08 1.431540e-06 1.487614e-06 7.421858e+01 -1.676473e+02 1.078372e+01 
4.994034e+05 4.171909e+06 1.819289e+03 -3.956006e-07 -8.717903e-08 1.430242e-06 1.486503e-06 7.418609e+01 -1.675723e+02 1.127734e+01 
4.994042e+05 4.171908e+06 1.819289e+03 -3.939035e-07 -9.002100e-08 1.436582e-06 1.492324e-06 7.429060e+01 -1.671269e+02 1.262762e+01 
4.994051e+05 4.171908e+06 1.819289e+03 -3.940151e-07 -9.262203e-08 1.436389e-06 1.492327e-06 7.426287e+01 -1.667715e+02 1.365429e+01 
4.994061e+05 4.171909e+06 1.819289e+03 -3.936973e-07 -9.549200e-08 1.437795e-06 1.493778e-06 7.426431e+01 -1.663661e+02 1.461294e+01 
4.994071e+05 4.171909e+06 1.819289e+03 -3.934580e-07 -9.862212e-08 1.438960e-06 1.495039e-06 7.425733e+01 -1.659285e+02 1.567666e+01 
4.994079e+05 4.171909e+06 1.819289e+03 -3.933782e-07 -1.010972e-07 1.439508e-06 1.495710e-06 7.424343e+01 -1.655870e+02 1.655043e+01 
4.994091e+05 4.171909e+06 1.819289e+03 -3.927089e-07 -1.050123e-07 1.442314e-06 1.498505e-06 7.425985e+01 -1.650291e+02 1.776748e+01 
4.994098e+05 4.171909e+06 1.819289e+03 -3.923315e-07 -1.070948e-07 1.443891e-06 1.500071e-06 7.426961e+01 -1.647319e+02 1.840319e+01 
4.994106e+05 4.171909e+06 1.819289e+03 -3.921308e-07 -1.096842e-07 1.444911e-06 1.501188e-06 7.426194e+01 -1.643730e+02 1.924713e+01 
4.994112e+05 4.171910e+06 1.819289e+03 -3.925730e-07 -1.112986e-07 1.443597e-06 1.500157e-06 7.421659e+01 -1.641714e+02 2.011220e+01 
4.994120e+05 4.171910e+06 1.819289e+03 -3.923810e-07 -1.137893e-07 1.444615e-06 1.501274e-06 7.420872e+01 -1.638280e+02 2.091337e+01 
4.994131e+05 4.171910e+06 1.819289e+03 -3.919224e-07 -1.174613e-07 1.446730e-06 1.503472e-06 7.420871e+01 -1.633162e+02 2.202474e+01 
4.994138e+05 4.171910e+06 1.819289e+03 -3.913488e-07 -1.200355e-07 1.449074e-06 1.505781e-06 7.422573e+01 -1.629480e+02 2.275786e+01 
