# 1    , 2      , 3      , 4      , 5      , 6      , 7       
# dmeas, Bx_siB0, By_siB0, Bz_siB0, In_siB0, Ic_siB0, Dc_siB0 
0.000000e+00 2.906253e-05 3.674608e-06 3.517131e-05 4.577286e-05 5.020935e+01 7.206126e+00 
0.000000e+00 2.882688e-05 4.010589e-06 3.567901e-05 4.604417e-05 5.079475e+01 7.920530e+00 
0.000000e+00 2.838002e-05 4.334125e-06 3.616594e-05 4.617559e-05 5.155693e+01 8.682980e+00 
0.000000e+00 2.770330e-05 4.573167e-06 3.653045e-05 4.607451e-05 5.245321e+01 9.373656e+00 
0.000000e+00 2.686975e-05 4.650822e-06 3.666466e-05 4.569366e-05 5.336004e+01 9.819898e+00 
0.000000e+00 2.603162e-05 4.531479e-06 3.651809e-05 4.507494e-05 5.411195e+01 9.874868e+00 
0.000000e+00 2.533129e-05 4.235854e-06 3.611847e-05 4.431885e-05 5.458425e+01 9.493068e+00 
0.000000e+00 2.487307e-05 3.807996e-06 3.552636e-05 4.353496e-05 5.469054e+01 8.704236e+00 
0.000000e+00 2.473585e-05 3.316035e-06 3.483621e-05 4.285347e-05 5.438168e+01 7.635425e+00 
0.000000e+00 2.492639e-05 2.852609e-06 3.417686e-05 4.239717e-05 5.371777e+01 6.528603e+00 
0.000000e+00 2.535114e-05 2.493586e-06 3.365467e-05 4.220824e-05 5.287764e+01 5.617649e+00 
0.000000e+00 2.588043e-05 2.256654e-06 3.329639e-05 4.223196e-05 5.203781e+01 4.983325e+00 
0.000000e+00 2.642091e-05 2.123748e-06 3.307982e-05 4.238926e-05 5.129557e+01 4.595631e+00 
0.000000e+00 2.692582e-05 2.065306e-06 3.296709e-05 4.261566e-05 5.067746e+01 4.386202e+00 
0.000000e+00 2.737807e-05 2.059576e-06 3.293093e-05 4.287478e-05 5.018109e+01 4.302097e+00 
0.000000e+00 2.777303e-05 2.090714e-06 3.295196e-05 4.314562e-05 4.979488e+01 4.305024e+00 
0.000000e+00 2.811264e-05 2.152209e-06 3.302316e-05 4.342213e-05 4.950957e+01 4.377833e+00 
0.000000e+00 2.840191e-05 2.240612e-06 3.314111e-05 4.370380e-05 4.931560e+01 4.510693e+00 
0.000000e+00 2.864540e-05 2.356264e-06 3.330695e-05 4.399391e-05 4.920753e+01 4.702352e+00 
0.000000e+00 2.884718e-05 2.501289e-06 3.352349e-05 4.429719e-05 4.918168e+01 4.955623e+00 
0.000000e+00 2.900818e-05 2.679153e-06 3.379470e-05 4.461764e-05 4.923806e+01 5.276783e+00 
0.000000e+00 2.912548e-05 2.893189e-06 3.412364e-05 4.495650e-05 4.937936e+01 5.672885e+00 
0.000000e+00 2.918379e-05 3.146442e-06 3.451244e-05 4.530675e-05 4.961875e+01 6.153558e+00 
0.000000e+00 2.915868e-05 3.440393e-06 3.496064e-05 4.565426e-05 4.997550e+01 6.729141e+00 
0.000000e+00 2.900490e-05 3.768094e-06 3.545597e-05 4.596312e-05 5.047980e+01 7.401971e+00 
0.000000e+00 2.866736e-05 4.105107e-06 3.596202e-05 4.617290e-05 5.115592e+01 8.149238e+00 
0.000000e+00 2.809894e-05 4.396167e-06 3.640014e-05 4.619358e-05 5.199819e+01 8.892020e+00 
0.000000e+00 2.732607e-05 4.561416e-06 3.665816e-05 4.594934e-05 5.292008e+01 9.476747e+00 
0.000000e+00 2.646920e-05 4.538735e-06 3.664885e-05 4.543519e-05 5.376681e+01 9.730012e+00 
0.000000e+00 2.568651e-05 4.324821e-06 3.636652e-05 4.473281e-05 5.438731e+01 9.557215e+00 
0.000000e+00 2.509817e-05 3.955089e-06 3.585947e-05 4.394841e-05 5.468088e+01 8.955296e+00 
0.000000e+00 2.479743e-05 3.483807e-06 3.520267e-05 4.320043e-05 5.457436e+01 7.997181e+00 
0.000000e+00 2.483375e-05 2.994662e-06 3.451225e-05 4.262368e-05 5.406629e+01 6.876006e+00 
0.000000e+00 2.516152e-05 2.578432e-06 3.391474e-05 4.230792e-05 5.328478e+01 5.850972e+00 
0.000000e+00 2.565423e-05 2.282576e-06 3.347759e-05 4.223859e-05 5.242756e+01 5.084484e+00 
0.000000e+00 2.619876e-05 2.102516e-06 3.319698e-05 4.234189e-05 5.163034e+01 4.588297e+00 
0.000000e+00 2.672500e-05 2.011054e-06 3.303822e-05 4.254168e-05 5.095109e+01 4.303393e+00 
0.000000e+00 2.720517e-05 1.981687e-06 3.296758e-05 4.278913e-05 5.039577e+01 4.166197e+00 
0.000000e+00 2.762789e-05 1.996194e-06 3.296254e-05 4.305594e-05 4.995815e+01 4.132602e+00 
0.000000e+00 2.799507e-05 2.043669e-06 3.301032e-05 4.333107e-05 4.962459e+01 4.175245e+00 
0.000000e+00 2.830867e-05 2.118774e-06 3.310526e-05 4.360995e-05 4.938682e+01 4.280345e+00 
0.000000e+00 2.857395e-05 2.220814e-06 3.324745e-05 4.389528e-05 4.923786e+01 4.444187e+00 
0.000000e+00 2.879568e-05 2.351040e-06 3.343893e-05 4.419141e-05 4.917273e+01 4.667596e+00 
0.000000e+00 2.897702e-05 2.512224e-06 3.368308e-05 4.450313e-05 4.918902e+01 4.954989e+00 
0.000000e+00 2.911628e-05 2.707342e-06 3.398284e-05 4.483214e-05 4.928834e+01 5.312303e+00 
0.000000e+00 2.920507e-05 2.941010e-06 3.434275e-05 4.517754e-05 4.947946e+01 5.750416e+00 
0.000000e+00 2.922497e-05 3.214456e-06 3.476221e-05 4.552849e-05 4.977609e+01 6.276735e+00 
