# 1, 2, 3, 4   , 5   , 6   , 7   , 8   , 9   , 10  
# x, y, z, Bx_si, By_si, Bz_si, In_si, Ic_si, Dc_si, dmeas 
1.247790e+02 1.002300e+02 1.000000e+00 0.000000e+00 0.000000e+00 0.000000e+00 3.080420e-07 7.214389e+01 1.799673e+02 
1.247790e+02 1.012943e+02 1.000000e+00 0.000000e+00 0.000000e+00 0.000000e+00 3.072268e-07 7.216116e+01 1.799678e+02 
1.247790e+02 1.023587e+02 1.000000e+00 0.000000e+00 0.000000e+00 0.000000e+00 3.064511e-07 7.217656e+01 1.799683e+02 
1.247790e+02 1.034230e+02 1.000000e+00 0.000000e+00 0.000000e+00 0.000000e+00 3.057141e-07 7.219005e+01 1.799689e+02 
1.247790e+02 1.044874e+02 1.000000e+00 0.000000e+00 0.000000e+00 0.000000e+00 3.050152e-07 7.220161e+01 1.799694e+02 
1.247790e+02 1.055517e+02 1.000000e+00 0.000000e+00 0.000000e+00 0.000000e+00 3.043535e-07 7.221120e+01 1.799700e+02 
1.247790e+02 1.066161e+02 1.000000e+00 0.000000e+00 0.000000e+00 0.000000e+00 3.037284e-07 7.221881e+01 1.799705e+02 
1.247790e+02 1.076804e+02 1.000000e+00 0.000000e+00 0.000000e+00 0.000000e+00 3.031393e-07 7.222439e+01 1.799711e+02 
1.247790e+02 1.087448e+02 1.000000e+00 0.000000e+00 0.000000e+00 0.000000e+00 3.025856e-07 7.222793e+01 1.799717e+02 
1.247790e+02 1.098091e+02 1.000000e+00 0.000000e+00 0.000000e+00 0.000000e+00 3.020667e-07 7.222940e+01 1.799722e+02 
1.247790e+02 1.108735e+02 1.000000e+00 0.000000e+00 0.000000e+00 0.000000e+00 3.015822e-07 7.222877e+01 1.799728e+02 
1.247790e+02 1.119378e+02 1.000000e+00 0.000000e+00 0.000000e+00 0.000000e+00 3.011316e-07 7.222602e+01 1.799734e+02 
1.247790e+02 1.130022e+02 1.000000e+00 0.000000e+00 0.000000e+00 0.000000e+00 3.007143e-07 7.222113e+01 1.799741e+02 
1.247790e+02 1.140665e+02 1.000000e+00 0.000000e+00 0.000000e+00 0.000000e+00 3.003302e-07 7.221406e+01 1.799747e+02 
1.247790e+02 1.151309e+02 1.000000e+00 0.000000e+00 0.000000e+00 0.000000e+00 2.999787e-07 7.220480e+01 1.799753e+02 
1.247790e+02 1.161952e+02 1.000000e+00 0.000000e+00 0.000000e+00 0.000000e+00 2.996595e-07 7.219332e+01 1.799759e+02 
1.247790e+02 1.172596e+02 1.000000e+00 0.000000e+00 0.000000e+00 0.000000e+00 2.993724e-07 7.217961e+01 1.799766e+02 
1.247790e+02 1.183239e+02 1.000000e+00 0.000000e+00 0.000000e+00 0.000000e+00 2.991171e-07 7.216362e+01 1.799772e+02 
1.247790e+02 1.193883e+02 1.000000e+00 0.000000e+00 0.000000e+00 0.000000e+00 2.988933e-07 7.214535e+01 1.799779e+02 
1.247790e+02 1.204526e+02 1.000000e+00 0.000000e+00 0.000000e+00 0.000000e+00 2.987009e-07 7.212477e+01 1.799785e+02 
1.247790e+02 1.215170e+02 1.000000e+00 0.000000e+00 0.000000e+00 0.000000e+00 2.985397e-07 7.210186e+01 1.799792e+02 
1.247790e+02 1.225813e+02 1.000000e+00 0.000000e+00 0.000000e+00 0.000000e+00 2.984095e-07 7.207660e+01 1.799798e+02 
1.247790e+02 1.236457e+02 1.000000e+00 0.000000e+00 0.000000e+00 0.000000e+00 2.983103e-07 7.204895e+01 1.799805e+02 
1.247790e+02 1.247100e+02 1.000000e+00 0.000000e+00 0.000000e+00 0.000000e+00 2.982420e-07 7.201891e+01 1.799812e+02 
1.247790e+02 1.257743e+02 1.000000e+00 0.000000e+00 0.000000e+00 0.000000e+00 2.982044e-07 7.198645e+01 1.799819e+02 
1.247790e+02 1.268387e+02 1.000000e+00 0.000000e+00 0.000000e+00 0.000000e+00 2.981977e-07 7.195154e+01 1.799825e+02 
1.247790e+02 1.279030e+02 1.000000e+00 0.000000e+00 0.000000e+00 0.000000e+00 2.982218e-07 7.191417e+01 1.799832e+02 
1.247790e+02 1.289674e+02 1.000000e+00 0.000000e+00 0.000000e+00 0.000000e+00 2.982768e-07 7.187431e+01 1.799839e+02 
1.247790e+02 1.300317e+02 1.000000e+00 0.000000e+00 0.000000e+00 0.000000e+00 2.983627e-07 7.183193e+01 1.799846e+02 
1.247790e+02 1.310961e+02 1.000000e+00 0.000000e+00 0.000000e+00 0.000000e+00 2.984796e-07 7.178702e+01 1.799853e+02 
1.247790e+02 1.321604e+02 1.000000e+00 0.000000e+00 0.000000e+00 0.000000e+00 2.986278e-07 7.173955e+01 1.799860e+02 
1.247790e+02 1.332248e+02 1.000000e+00 0.000000e+00 0.000000e+00 0.000000e+00 2.988072e-07 7.168950e+01 1.799867e+02 
1.247790e+02 1.342891e+02 1.000000e+00 0.000000e+00 0.000000e+00 0.000000e+00 2.990183e-07 7.163685e+01 1.799874e+02 
1.247790e+02 1.353535e+02 1.000000e+00 0.000000e+00 0.000000e+00 0.000000e+00 2.992611e-07 7.158156e+01 1.799880e+02 
1.247790e+02 1.364178e+02 1.000000e+00 0.000000e+00 0.000000e+00 0.000000e+00 2.995360e-07 7.152363e+01 1.799887e+02 
1.247790e+02 1.374822e+02 1.000000e+00 0.000000e+00 0.000000e+00 0.000000e+00 2.998432e-07 7.146301e+01 1.799894e+02 
1.247790e+02 1.385465e+02 1.000000e+00 0.000000e+00 0.000000e+00 0.000000e+00 3.001831e-07 7.139969e+01 1.799901e+02 
1.247790e+02 1.396109e+02 1.000000e+00 0.000000e+00 0.000000e+00 0.000000e+00 3.005560e-07 7.133365e+01 1.799908e+02 
1.247790e+02 1.406752e+02 1.000000e+00 0.000000e+00 0.000000e+00 0.000000e+00 3.009624e-07 7.126485e+01 1.799915e+02 
1.247790e+02 1.417396e+02 1.000000e+00 0.000000e+00 0.000000e+00 0.000000e+00 3.014026e-07 7.119327e+01 1.799921e+02 
1.247790e+02 1.428039e+02 1.000000e+00 0.000000e+00 0.000000e+00 0.000000e+00 3.018772e-07 7.111889e+01 1.799928e+02 
1.247790e+02 1.438683e+02 1.000000e+00 0.000000e+00 0.000000e+00 0.000000e+00 3.023867e-07 7.104167e+01 1.799935e+02 
1.247790e+02 1.449326e+02 1.000000e+00 0.000000e+00 0.000000e+00 0.000000e+00 3.029315e-07 7.096159e+01 1.799942e+02 
1.247790e+02 1.459970e+02 1.000000e+00 0.000000e+00 0.000000e+00 0.000000e+00 3.035124e-07 7.087862e+01 1.799948e+02 
1.247790e+02 1.470613e+02 1.000000e+00 0.000000e+00 0.000000e+00 0.000000e+00 3.041300e-07 7.079274e+01 1.799955e+02 
1.247790e+02 1.481257e+02 1.000000e+00 0.000000e+00 0.000000e+00 0.000000e+00 3.047848e-07 7.070391e+01 1.799961e+02 
1.247790e+02 1.491900e+02 1.000000e+00 0.000000e+00 0.000000e+00 0.000000e+00 3.054777e-07 7.061210e+01 1.799968e+02 
