# 1,2,3, 4    , 5    , 6    , 7    , 8    , 9     
# x,y,z, Bx_si, By_si, Bz_si, In_si, Ic_si, Dc_si 
1.247790e+02 1.002300e+02 1.070527e+00 2.113408e-06 2.212231e-06 1.134385e-06 3.263019e-06 -2.034359e+01 4.369125e+01 
1.247790e+02 1.012943e+02 2.117826e+00 2.449389e-06 1.976577e-06 6.266933e-07 3.209222e-06 -1.126102e+01 5.109760e+01 
1.247790e+02 1.023587e+02 3.074192e+00 2.772925e-06 1.529717e-06 1.397599e-07 3.169965e-06 -2.526920e+00 6.111616e+01 
1.247790e+02 1.034230e+02 3.871599e+00 3.011967e-06 8.530048e-07 -2.247507e-07 3.138483e-06 4.106538e+00 7.418760e+01 
1.247790e+02 1.044874e+02 4.453327e+00 3.089622e-06 1.944785e-08 -3.589596e-07 3.110465e-06 6.626919e+00 8.963935e+01 
1.247790e+02 1.055517e+02 4.777997e+00 2.970279e-06 -8.186812e-07 -2.123901e-07 3.088350e-06 3.943422e+00 1.054095e+02 
1.247790e+02 1.066161e+02 4.822515e+00 2.674654e-06 -1.519010e-06 1.872332e-07 3.081594e-06 -3.483355e+00 1.195934e+02 
1.247790e+02 1.076804e+02 4.583715e+00 2.246796e-06 -1.977232e-06 7.793388e-07 3.092718e-06 -1.459539e+01 1.313485e+02 
1.247790e+02 1.087448e+02 4.078582e+00 1.754835e-06 -2.114450e-06 1.469492e-06 3.116047e-06 -2.813745e+01 1.403099e+02 
1.247790e+02 1.098091e+02 3.343048e+00 1.291409e-06 -1.923911e-06 2.128839e-06 3.146606e-06 -4.257470e+01 1.461288e+02 
1.247790e+02 1.108735e+02 2.429430e+00 9.323857e-07 -1.499157e-06 2.651027e-06 3.185084e-06 -5.633839e+01 1.481209e+02 
1.247790e+02 1.119378e+02 1.402714e+00 6.954544e-07 -9.698739e-07 3.009313e-06 3.237326e-06 -6.836751e+01 1.443573e+02 
1.247790e+02 1.130022e+02 3.359330e-01 5.625484e-07 -4.293863e-07 3.225877e-06 3.302592e-06 -7.762642e+01 1.273541e+02 
1.247790e+02 1.140665e+02 -6.950342e-01 5.041064e-07 7.552243e-08 3.338613e-06 3.377302e-06 -8.131924e+01 8.147963e+01 
1.247790e+02 1.151309e+02 -1.616854e+00 4.983756e-07 5.277747e-07 3.374768e-06 3.451954e-06 -7.786092e+01 4.335893e+01 
1.247790e+02 1.161952e+02 -2.363957e+00 5.295137e-07 9.227322e-07 3.353739e-06 3.518435e-06 -7.239998e+01 2.984954e+01 
1.247790e+02 1.172596e+02 -2.883201e+00 5.910093e-07 1.262341e-06 3.282544e-06 3.566216e-06 -6.699282e+01 2.508829e+01 
1.247790e+02 1.183239e+02 -3.137652e+00 6.794121e-07 1.551609e-06 3.164588e-06 3.589389e-06 -6.184217e+01 2.364744e+01 
1.247790e+02 1.193883e+02 -3.109212e+00 7.950644e-07 1.795102e-06 2.998752e-06 3.584276e-06 -5.678711e+01 2.388892e+01 
1.247790e+02 1.204526e+02 -2.799902e+00 9.400889e-07 1.996878e-06 2.782206e-06 3.551332e-06 -5.157533e+01 2.521008e+01 
1.247790e+02 1.215170e+02 -2.231725e+00 1.117953e-06 2.157884e-06 2.511005e-06 3.494485e-06 -4.593589e+01 2.738769e+01 
1.247790e+02 1.225813e+02 -1.445095e+00 1.331989e-06 2.275182e-06 2.182063e-06 3.422287e-06 -3.961338e+01 3.034654e+01 
1.247790e+02 1.236457e+02 -4.959650e-01 1.585242e-06 2.333491e-06 1.793265e-06 3.342749e-06 -3.244326e+01 3.418997e+01 
1.247790e+02 1.247100e+02 5.481524e-01 1.879193e-06 2.308379e-06 1.345058e-06 3.266368e-06 -2.431733e+01 3.914817e+01 
1.247790e+02 1.257743e+02 1.612989e+00 2.206894e-06 2.154604e-06 8.497321e-07 3.199178e-06 -1.540317e+01 4.568689e+01 
1.247790e+02 1.268387e+02 2.622802e+00 2.543907e-06 1.817061e-06 3.436797e-07 3.145042e-06 -6.273619e+00 5.446255e+01 
1.247790e+02 1.279030e+02 3.505763e+00 2.834967e-06 1.248637e-06 -9.443749e-08 3.099202e-06 1.746162e+00 6.622932e+01 
1.247790e+02 1.289674e+02 4.199067e+00 3.000216e-06 4.757708e-07 -3.524617e-07 3.058085e-06 6.618372e+00 8.098913e+01 
1.247790e+02 1.300317e+02 4.653399e+00 2.977535e-06 -3.810956e-07 -3.431474e-07 3.021374e-06 6.521341e+00 9.729365e+01 
1.247790e+02 1.310961e+02 4.836442e+00 2.763621e-06 -1.163787e-06 -6.081840e-08 2.999283e-06 1.161903e+00 1.128364e+02 
1.247790e+02 1.321604e+02 4.735176e+00 2.393889e-06 -1.752128e-06 4.462261e-07 2.999962e-06 -8.554141e+00 1.262010e+02 
1.247790e+02 1.332248e+02 4.356803e+00 1.922607e-06 -2.052872e-06 1.103029e-06 3.021154e-06 -2.141385e+01 1.368767e+02 
1.247790e+02 1.342891e+02 3.728239e+00 1.433462e-06 -2.016551e-06 1.793450e-06 3.055774e-06 -3.593770e+01 1.445929e+02 
1.247790e+02 1.353535e+02 2.894193e+00 1.017232e-06 -1.688778e-06 2.390958e-06 3.098938e-06 -5.049250e+01 1.489374e+02 
1.247790e+02 1.364178e+02 1.913991e+00 7.213762e-07 -1.196074e-06 2.828114e-06 3.154236e-06 -6.371576e+01 1.489050e+02 
1.247790e+02 1.374822e+02 8.573548e-01 5.413163e-07 -6.515395e-07 3.108716e-06 3.222056e-06 -7.475795e+01 1.402793e+02 
1.247790e+02 1.385465e+02 -2.005558e-01 4.498545e-07 -1.253015e-07 3.267476e-06 3.300677e-06 -8.186651e+01 1.055645e+02 
1.247790e+02 1.396109e+02 -1.184492e+00 4.204866e-07 3.548733e-07 3.338124e-06 3.383166e-06 -8.064012e+01 4.983702e+01 
1.247790e+02 1.406752e+02 -2.024464e+00 4.349936e-07 7.775888e-07 3.343161e-06 3.459854e-06 -7.507689e+01 2.922324e+01 
1.247790e+02 1.417396e+02 -2.660727e+00 4.824692e-07 1.144771e-06 3.295381e-06 3.521763e-06 -6.934465e+01 2.285323e+01 
1.247790e+02 1.428039e+02 -3.048021e+00 5.575738e-07 1.458367e-06 3.200441e-06 3.560975e-06 -6.399477e+01 2.092322e+01 
1.247790e+02 1.438683e+02 -3.158799e+00 6.596136e-07 1.723645e-06 3.058250e-06 3.571965e-06 -5.889049e+01 2.094111e+01 
1.247790e+02 1.449326e+02 -2.985181e+00 7.898405e-07 1.945377e-06 2.866768e-06 3.553407e-06 -5.378117e+01 2.209759e+01 
1.247790e+02 1.459970e+02 -2.539516e+00 9.510241e-07 2.126719e-06 2.622619e-06 3.507922e-06 -4.838529e+01 2.409319e+01 
1.247790e+02 1.470613e+02 -1.853505e+00 1.146142e-06 2.265984e-06 2.322864e-06 3.441514e-06 -4.245058e+01 2.683044e+01 
1.247790e+02 1.481257e+02 -9.759437e-01 1.379810e-06 2.354770e-06 1.962948e-06 3.361842e-06 -3.572465e+01 3.036877e+01 
1.247790e+02 1.491900e+02 3.074614e-02 1.653256e-06 2.374673e-06 1.543489e-06 3.279434e-06 -2.807697e+01 3.484578e+01 
