# 1 , 2 , 3 , 4      , 5      , 6      , 7      , 8      , 9        
# xm, ym, zm, IGRF_In, IGRF_Ic, IGRF_Dc, In_siB0, Ic_siB0, Dc_siB0  
1.247790e+02 1.002300e+02 1.070527e+00 4.518274e-05 5.346856e+01 3.327694e+00 4.577286e-05 5.020935e+01 7.206126e+00 
1.247790e+02 1.012943e+02 2.117826e+00 4.518274e-05 5.346856e+01 3.327694e+00 4.604417e-05 5.079475e+01 7.920530e+00 
1.247790e+02 1.023587e+02 3.074192e+00 4.518274e-05 5.346856e+01 3.327694e+00 4.617559e-05 5.155693e+01 8.682980e+00 
1.247790e+02 1.034230e+02 3.871599e+00 4.518274e-05 5.346856e+01 3.327694e+00 4.607451e-05 5.245321e+01 9.373656e+00 
1.247790e+02 1.044874e+02 4.453327e+00 4.518274e-05 5.346856e+01 3.327694e+00 4.569366e-05 5.336004e+01 9.819898e+00 
1.247790e+02 1.055517e+02 4.777997e+00 4.518274e-05 5.346856e+01 3.327694e+00 4.507494e-05 5.411195e+01 9.874868e+00 
1.247790e+02 1.066161e+02 4.822515e+00 4.518274e-05 5.346856e+01 3.327694e+00 4.431885e-05 5.458425e+01 9.493068e+00 
1.247790e+02 1.076804e+02 4.583715e+00 4.518274e-05 5.346856e+01 3.327694e+00 4.353496e-05 5.469054e+01 8.704236e+00 
1.247790e+02 1.087448e+02 4.078582e+00 4.518274e-05 5.346856e+01 3.327694e+00 4.285347e-05 5.438168e+01 7.635425e+00 
1.247790e+02 1.098091e+02 3.343048e+00 4.518274e-05 5.346856e+01 3.327694e+00 4.239717e-05 5.371777e+01 6.528603e+00 
1.247790e+02 1.108735e+02 2.429430e+00 4.518274e-05 5.346856e+01 3.327694e+00 4.220824e-05 5.287764e+01 5.617649e+00 
1.247790e+02 1.119378e+02 1.402714e+00 4.518274e-05 5.346856e+01 3.327694e+00 4.223196e-05 5.203781e+01 4.983325e+00 
1.247790e+02 1.130022e+02 3.359330e-01 4.518274e-05 5.346856e+01 3.327694e+00 4.238926e-05 5.129557e+01 4.595631e+00 
1.247790e+02 1.140665e+02 -6.950342e-01 4.518274e-05 5.346856e+01 3.327694e+00 4.261566e-05 5.067746e+01 4.386202e+00 
1.247790e+02 1.151309e+02 -1.616854e+00 4.518274e-05 5.346856e+01 3.327694e+00 4.287478e-05 5.018109e+01 4.302097e+00 
1.247790e+02 1.161952e+02 -2.363957e+00 4.518274e-05 5.346856e+01 3.327694e+00 4.314562e-05 4.979488e+01 4.305024e+00 
1.247790e+02 1.172596e+02 -2.883201e+00 4.518274e-05 5.346856e+01 3.327694e+00 4.342213e-05 4.950957e+01 4.377833e+00 
1.247790e+02 1.183239e+02 -3.137652e+00 4.518274e-05 5.346856e+01 3.327694e+00 4.370380e-05 4.931560e+01 4.510693e+00 
1.247790e+02 1.193883e+02 -3.109212e+00 4.518274e-05 5.346856e+01 3.327694e+00 4.399391e-05 4.920753e+01 4.702352e+00 
1.247790e+02 1.204526e+02 -2.799902e+00 4.518274e-05 5.346856e+01 3.327694e+00 4.429719e-05 4.918168e+01 4.955623e+00 
1.247790e+02 1.215170e+02 -2.231725e+00 4.518274e-05 5.346856e+01 3.327694e+00 4.461764e-05 4.923806e+01 5.276783e+00 
1.247790e+02 1.225813e+02 -1.445095e+00 4.518274e-05 5.346856e+01 3.327694e+00 4.495650e-05 4.937936e+01 5.672885e+00 
1.247790e+02 1.236457e+02 -4.959650e-01 4.518274e-05 5.346856e+01 3.327694e+00 4.530675e-05 4.961875e+01 6.153558e+00 
1.247790e+02 1.247100e+02 5.481524e-01 4.518274e-05 5.346856e+01 3.327694e+00 4.565426e-05 4.997550e+01 6.729141e+00 
1.247790e+02 1.257743e+02 1.612989e+00 4.518274e-05 5.346856e+01 3.327694e+00 4.596312e-05 5.047980e+01 7.401971e+00 
1.247790e+02 1.268387e+02 2.622802e+00 4.518274e-05 5.346856e+01 3.327694e+00 4.617290e-05 5.115592e+01 8.149238e+00 
1.247790e+02 1.279030e+02 3.505763e+00 4.518274e-05 5.346856e+01 3.327694e+00 4.619358e-05 5.199819e+01 8.892020e+00 
1.247790e+02 1.289674e+02 4.199067e+00 4.518274e-05 5.346856e+01 3.327694e+00 4.594934e-05 5.292008e+01 9.476747e+00 
1.247790e+02 1.300317e+02 4.653399e+00 4.518274e-05 5.346856e+01 3.327694e+00 4.543519e-05 5.376681e+01 9.730012e+00 
1.247790e+02 1.310961e+02 4.836442e+00 4.518274e-05 5.346856e+01 3.327694e+00 4.473281e-05 5.438731e+01 9.557215e+00 
1.247790e+02 1.321604e+02 4.735176e+00 4.518274e-05 5.346856e+01 3.327694e+00 4.394841e-05 5.468088e+01 8.955296e+00 
1.247790e+02 1.332248e+02 4.356803e+00 4.518274e-05 5.346856e+01 3.327694e+00 4.320043e-05 5.457436e+01 7.997181e+00 
1.247790e+02 1.342891e+02 3.728239e+00 4.518274e-05 5.346856e+01 3.327694e+00 4.262368e-05 5.406629e+01 6.876006e+00 
1.247790e+02 1.353535e+02 2.894193e+00 4.518274e-05 5.346856e+01 3.327694e+00 4.230792e-05 5.328478e+01 5.850972e+00 
1.247790e+02 1.364178e+02 1.913991e+00 4.518274e-05 5.346856e+01 3.327694e+00 4.223859e-05 5.242756e+01 5.084484e+00 
1.247790e+02 1.374822e+02 8.573548e-01 4.518274e-05 5.346856e+01 3.327694e+00 4.234189e-05 5.163034e+01 4.588297e+00 
1.247790e+02 1.385465e+02 -2.005558e-01 4.518274e-05 5.346856e+01 3.327694e+00 4.254168e-05 5.095109e+01 4.303393e+00 
1.247790e+02 1.396109e+02 -1.184492e+00 4.518274e-05 5.346856e+01 3.327694e+00 4.278913e-05 5.039577e+01 4.166197e+00 
1.247790e+02 1.406752e+02 -2.024464e+00 4.518274e-05 5.346856e+01 3.327694e+00 4.305594e-05 4.995815e+01 4.132602e+00 
1.247790e+02 1.417396e+02 -2.660727e+00 4.518274e-05 5.346856e+01 3.327694e+00 4.333107e-05 4.962459e+01 4.175245e+00 
1.247790e+02 1.428039e+02 -3.048021e+00 4.518274e-05 5.346856e+01 3.327694e+00 4.360995e-05 4.938682e+01 4.280345e+00 
1.247790e+02 1.438683e+02 -3.158799e+00 4.518274e-05 5.346856e+01 3.327694e+00 4.389528e-05 4.923786e+01 4.444187e+00 
1.247790e+02 1.449326e+02 -2.985181e+00 4.518274e-05 5.346856e+01 3.327694e+00 4.419141e-05 4.917273e+01 4.667596e+00 
1.247790e+02 1.459970e+02 -2.539516e+00 4.518274e-05 5.346856e+01 3.327694e+00 4.450313e-05 4.918902e+01 4.954989e+00 
1.247790e+02 1.470613e+02 -1.853505e+00 4.518274e-05 5.346856e+01 3.327694e+00 4.483214e-05 4.928834e+01 5.312303e+00 
1.247790e+02 1.481257e+02 -9.759437e-01 4.518274e-05 5.346856e+01 3.327694e+00 4.517754e-05 4.947946e+01 5.750416e+00 
1.247790e+02 1.491900e+02 3.074614e-02 4.518274e-05 5.346856e+01 3.327694e+00 4.552849e-05 4.977609e+01 6.276735e+00 
