# 1 , 2 , 3 , 4      , 5      , 6      , 7      , 8      , 9        
# xm, ym, zm, IGRF_In, IGRF_Ic, IGRF_Dc, In_siB0, Ic_siB0, Dc_siB0  
1.247790e+02 1.002300e+02 1.070527e+00 4.518274e-05 5.346856e+01 3.327694e+00 4.577288e-05 5.020927e+01 7.206112e+00 
1.247790e+02 1.012943e+02 2.117826e+00 4.518274e-05 5.346856e+01 3.327694e+00 4.604432e-05 5.079347e+01 7.920295e+00 
1.247790e+02 1.023587e+02 3.074192e+00 4.518274e-05 5.346856e+01 3.327694e+00 4.617576e-05 5.155456e+01 8.682509e+00 
1.247790e+02 1.034230e+02 3.871599e+00 4.518274e-05 5.346856e+01 3.327694e+00 4.607459e-05 5.244993e+01 9.372962e+00 
1.247790e+02 1.044874e+02 4.453327e+00 4.518274e-05 5.346856e+01 3.327694e+00 4.569359e-05 5.335611e+01 9.819030e+00 
1.247790e+02 1.055517e+02 4.777997e+00 4.518274e-05 5.346856e+01 3.327694e+00 4.507471e-05 5.410765e+01 9.873922e+00 
1.247790e+02 1.066161e+02 4.822515e+00 4.518274e-05 5.346856e+01 3.327694e+00 4.431849e-05 5.457991e+01 9.492163e+00 
1.247790e+02 1.076804e+02 4.583715e+00 4.518274e-05 5.346856e+01 3.327694e+00 4.353455e-05 5.468649e+01 8.703480e+00 
1.247790e+02 1.087448e+02 4.078582e+00 4.518274e-05 5.346856e+01 3.327694e+00 4.285309e-05 5.437824e+01 7.634882e+00 
1.247790e+02 1.098091e+02 3.343048e+00 4.518274e-05 5.346856e+01 3.327694e+00 4.239688e-05 5.371521e+01 6.528273e+00 
1.247790e+02 1.108735e+02 2.429430e+00 4.518274e-05 5.346856e+01 3.327694e+00 4.220806e-05 5.287612e+01 5.617490e+00 
1.247790e+02 1.119378e+02 1.402714e+00 4.518274e-05 5.346856e+01 3.327694e+00 4.223191e-05 5.203740e+01 4.983289e+00 
1.247790e+02 1.130022e+02 3.359330e-01 4.518274e-05 5.346856e+01 3.327694e+00 4.238934e-05 5.129622e+01 4.595680e+00 
1.247790e+02 1.140665e+02 -6.950342e-01 4.518274e-05 5.346856e+01 3.327694e+00 4.261587e-05 5.067903e+01 4.386311e+00 
1.247790e+02 1.151309e+02 -1.616854e+00 4.518274e-05 5.346856e+01 3.327694e+00 4.287513e-05 5.018341e+01 4.302247e+00 
1.247790e+02 1.161952e+02 -2.363957e+00 4.518274e-05 5.346856e+01 3.327694e+00 4.314609e-05 4.979774e+01 4.305199e+00 
1.247790e+02 1.172596e+02 -2.883201e+00 4.518274e-05 5.346856e+01 3.327694e+00 4.342274e-05 4.951274e+01 4.378019e+00 
1.247790e+02 1.183239e+02 -3.137652e+00 4.518274e-05 5.346856e+01 3.327694e+00 4.370453e-05 4.931889e+01 4.510880e+00 
1.247790e+02 1.193883e+02 -3.109212e+00 4.518274e-05 5.346856e+01 3.327694e+00 4.399474e-05 4.921073e+01 4.702529e+00 
1.247790e+02 1.204526e+02 -2.799902e+00 4.518274e-05 5.346856e+01 3.327694e+00 4.429807e-05 4.918460e+01 4.955783e+00 
1.247790e+02 1.215170e+02 -2.231725e+00 4.518274e-05 5.346856e+01 3.327694e+00 4.461850e-05 4.924054e+01 5.276918e+00 
1.247790e+02 1.225813e+02 -1.445095e+00 4.518274e-05 5.346856e+01 3.327694e+00 4.495723e-05 4.938123e+01 5.672987e+00 
1.247790e+02 1.236457e+02 -4.959650e-01 4.518274e-05 5.346856e+01 3.327694e+00 4.530726e-05 4.961990e+01 6.153621e+00 
1.247790e+02 1.247100e+02 5.481524e-01 4.518274e-05 5.346856e+01 3.327694e+00 4.565443e-05 4.997586e+01 6.729161e+00 
1.247790e+02 1.257743e+02 1.612989e+00 4.518274e-05 5.346856e+01 3.327694e+00 4.596286e-05 5.047933e+01 7.401943e+00 
1.247790e+02 1.268387e+02 2.622802e+00 4.518274e-05 5.346856e+01 3.327694e+00 4.617214e-05 5.115464e+01 8.149160e+00 
1.247790e+02 1.279030e+02 3.505763e+00 4.518274e-05 5.346856e+01 3.327694e+00 4.619230e-05 5.199622e+01 8.891897e+00 
1.247790e+02 1.289674e+02 4.199067e+00 4.518274e-05 5.346856e+01 3.327694e+00 4.594757e-05 5.291757e+01 9.476590e+00 
1.247790e+02 1.300317e+02 4.653399e+00 4.518274e-05 5.346856e+01 3.327694e+00 4.543304e-05 5.376394e+01 9.729843e+00 
1.247790e+02 1.310961e+02 4.836442e+00 4.518274e-05 5.346856e+01 3.327694e+00 4.473042e-05 5.438431e+01 9.557062e+00 
1.247790e+02 1.321604e+02 4.735176e+00 4.518274e-05 5.346856e+01 3.327694e+00 4.394598e-05 5.467796e+01 8.955183e+00 
1.247790e+02 1.332248e+02 4.356803e+00 4.518274e-05 5.346856e+01 3.327694e+00 4.319819e-05 5.457174e+01 7.997117e+00 
1.247790e+02 1.342891e+02 3.728239e+00 4.518274e-05 5.346856e+01 3.327694e+00 4.262182e-05 5.406418e+01 6.875983e+00 
1.247790e+02 1.353535e+02 2.894193e+00 4.518274e-05 5.346856e+01 3.327694e+00 4.230661e-05 5.328333e+01 5.850974e+00 
1.247790e+02 1.364178e+02 1.913991e+00 4.518274e-05 5.346856e+01 3.327694e+00 4.223795e-05 5.242687e+01 5.084491e+00 
1.247790e+02 1.374822e+02 8.573548e-01 4.518274e-05 5.346856e+01 3.327694e+00 4.234199e-05 5.163045e+01 4.588295e+00 
1.247790e+02 1.385465e+02 -2.005558e-01 4.518274e-05 5.346856e+01 3.327694e+00 4.254254e-05 5.095193e+01 4.303372e+00 
1.247790e+02 1.396109e+02 -1.184492e+00 4.518274e-05 5.346856e+01 3.327694e+00 4.279073e-05 5.039725e+01 4.166150e+00 
1.247790e+02 1.406752e+02 -2.024464e+00 4.518274e-05 5.346856e+01 3.327694e+00 4.305821e-05 4.996012e+01 4.132525e+00 
1.247790e+02 1.417396e+02 -2.660727e+00 4.518274e-05 5.346856e+01 3.327694e+00 4.333389e-05 4.962691e+01 4.175138e+00 
1.247790e+02 1.428039e+02 -3.048021e+00 4.518274e-05 5.346856e+01 3.327694e+00 4.361317e-05 4.938933e+01 4.280210e+00 
1.247790e+02 1.438683e+02 -3.158799e+00 4.518274e-05 5.346856e+01 3.327694e+00 4.389870e-05 4.924040e+01 4.444031e+00 
1.247790e+02 1.449326e+02 -2.985181e+00 4.518274e-05 5.346856e+01 3.327694e+00 4.419481e-05 4.917517e+01 4.667429e+00 
1.247790e+02 1.459970e+02 -2.539516e+00 4.518274e-05 5.346856e+01 3.327694e+00 4.450629e-05 4.919121e+01 4.954825e+00 
1.247790e+02 1.470613e+02 -1.853505e+00 4.518274e-05 5.346856e+01 3.327694e+00 4.483479e-05 4.929014e+01 5.312156e+00 
1.247790e+02 1.481257e+02 -9.759437e-01 4.518274e-05 5.346856e+01 3.327694e+00 4.517946e-05 4.948074e+01 5.750304e+00 
1.247790e+02 1.491900e+02 3.074614e-02 4.518274e-05 5.346856e+01 3.327694e+00 4.552947e-05 4.977673e+01 6.276673e+00 
