# 1,2,3, 4    , 5    , 6    , 7    , 8    , 9     
# x,y,z, Bx_si, By_si, Bz_si, In_si, Ic_si, Dc_si 
1.247790e+02 1.002300e+02 1.070527e+00 2.113409e-06 2.212290e-06 1.134416e-06 3.263070e-06 -2.034384e+01 4.369049e+01 
1.247790e+02 1.012943e+02 2.117826e+00 2.449393e-06 1.977482e-06 6.272260e-07 3.209887e-06 -1.126835e+01 5.108484e+01 
1.247790e+02 1.023587e+02 3.074192e+00 2.772934e-06 1.531338e-06 1.408149e-07 3.170802e-06 -2.545335e+00 6.109057e+01 
1.247790e+02 1.034230e+02 3.871599e+00 3.011979e-06 8.551690e-07 -2.232104e-07 3.138973e-06 4.077708e+00 7.414956e+01 
1.247790e+02 1.044874e+02 4.453327e+00 3.089636e-06 2.195450e-08 -3.570302e-07 3.110274e-06 6.591547e+00 8.959287e+01 
1.247790e+02 1.055517e+02 4.777997e+00 2.970296e-06 -8.160447e-07 -2.102182e-07 3.087520e-06 3.904085e+00 1.053621e+02 
1.247790e+02 1.066161e+02 4.822515e+00 2.674670e-06 -1.516451e-06 1.894683e-07 3.080484e-06 -3.526261e+00 1.195518e+02 
1.247790e+02 1.076804e+02 4.583715e+00 2.246812e-06 -1.974936e-06 7.814474e-07 3.091795e-06 -1.464023e+01 1.313153e+02 
1.247790e+02 1.087448e+02 4.078582e+00 1.754848e-06 -2.112569e-06 1.471297e-06 3.115631e-06 -2.817920e+01 1.402846e+02 
1.247790e+02 1.098091e+02 3.343048e+00 1.291420e-06 -1.922551e-06 2.130198e-06 3.146698e-06 -4.260676e+01 1.461099e+02 
1.247790e+02 1.108735e+02 2.429430e+00 9.323920e-07 -1.498371e-06 2.651842e-06 3.185394e-06 -5.635645e+01 1.481072e+02 
1.247790e+02 1.119378e+02 1.402714e+00 6.954561e-07 -9.696651e-07 3.009538e-06 3.237472e-06 -6.837175e+01 1.443514e+02 
1.247790e+02 1.130022e+02 3.359330e-01 5.625454e-07 -4.297100e-07 3.225515e-06 3.302280e-06 -7.762178e+01 1.273750e+02 
1.247790e+02 1.140665e+02 -6.950342e-01 5.040987e-07 7.474874e-08 3.337709e-06 3.376389e-06 -8.131897e+01 8.156553e+01 
1.247790e+02 1.151309e+02 -1.616854e+00 4.983637e-07 5.266593e-07 3.373393e-06 3.450437e-06 -7.786941e+01 4.341876e+01 
1.247790e+02 1.161952e+02 -2.363957e+00 5.294983e-07 9.213960e-07 3.351986e-06 3.516411e-06 -7.240946e+01 2.988468e+01 
1.247790e+02 1.172596e+02 -2.883201e+00 5.909914e-07 1.260906e-06 3.280516e-06 3.563837e-06 -6.699943e+01 2.511267e+01 
1.247790e+02 1.183239e+02 -3.137652e+00 6.793930e-07 1.550185e-06 3.162397e-06 3.586838e-06 -6.184413e+01 2.366619e+01 
1.247790e+02 1.193883e+02 -3.109212e+00 7.950454e-07 1.793784e-06 2.996519e-06 3.581744e-06 -5.678377e+01 2.390400e+01 
1.247790e+02 1.204526e+02 -2.799902e+00 9.400715e-07 1.995742e-06 2.780065e-06 3.549012e-06 -5.156696e+01 2.522225e+01 
1.247790e+02 1.215170e+02 -2.231725e+00 1.117938e-06 2.156980e-06 2.509101e-06 3.492555e-06 -4.592372e+01 2.739718e+01 
1.247790e+02 1.225813e+02 -1.445095e+00 1.331978e-06 2.274541e-06 2.180549e-06 3.420891e-06 -3.959981e+01 3.035337e+01 
1.247790e+02 1.236457e+02 -4.959650e-01 1.585235e-06 2.333123e-06 1.792288e-06 3.341965e-06 -3.243196e+01 3.419405e+01 
1.247790e+02 1.247100e+02 5.481524e-01 1.879191e-06 2.308275e-06 1.344747e-06 3.266165e-06 -2.431295e+01 3.914941e+01 
1.247790e+02 1.257743e+02 1.612989e+00 2.206896e-06 2.154736e-06 8.501760e-07 3.199387e-06 -1.541039e+01 4.568516e+01 
1.247790e+02 1.268387e+02 2.622802e+00 2.543915e-06 1.817389e-06 3.449111e-07 3.145372e-06 -6.295526e+00 5.445775e+01 
1.247790e+02 1.279030e+02 3.505763e+00 2.834978e-06 1.249105e-06 -9.245547e-08 3.099340e-06 1.709426e+00 6.622148e+01 
1.247790e+02 1.289674e+02 4.199067e+00 3.000230e-06 4.763178e-07 -3.498400e-07 3.057883e-06 6.569362e+00 8.097899e+01 
1.247790e+02 1.300317e+02 4.653399e+00 2.977551e-06 -3.805334e-07 -3.400654e-07 3.020970e-06 6.463386e+00 9.728297e+01 
1.247790e+02 1.310961e+02 4.836442e+00 2.763638e-06 -1.163269e-06 -5.750838e-08 2.999032e-06 1.098751e+00 1.128272e+02 
1.247790e+02 1.321604e+02 4.735176e+00 2.393905e-06 -1.751701e-06 4.495016e-07 3.000215e-06 -8.616677e+00 1.261942e+02 
1.247790e+02 1.332248e+02 4.356803e+00 1.922622e-06 -2.052564e-06 1.106004e-06 3.022042e-06 -2.146784e+01 1.368722e+02 
1.247790e+02 1.342891e+02 3.728239e+00 1.433474e-06 -2.016370e-06 1.795881e-06 3.057088e-06 -3.597615e+01 1.445903e+02 
1.247790e+02 1.353535e+02 2.894193e+00 1.017240e-06 -1.688703e-06 2.392649e-06 3.100204e-06 -5.051324e+01 1.489361e+02 
1.247790e+02 1.364178e+02 1.913991e+00 7.213803e-07 -1.196063e-06 2.828929e-06 3.154964e-06 -6.372242e+01 1.489046e+02 
1.247790e+02 1.374822e+02 8.573548e-01 5.413157e-07 -6.515369e-07 3.108589e-06 3.221933e-06 -7.475740e+01 1.402792e+02 
1.247790e+02 1.385465e+02 -2.005558e-01 4.498490e-07 -1.252437e-07 3.266411e-06 3.299619e-06 -8.186425e+01 1.055579e+02 
1.247790e+02 1.396109e+02 -1.184492e+00 4.204766e-07 3.550436e-07 3.336187e-06 3.381272e-06 -8.063307e+01 4.982280e+01 
1.247790e+02 1.406752e+02 -2.024464e+00 4.349797e-07 7.779121e-07 3.340470e-06 3.457325e-06 -7.506100e+01 2.921231e+01 
1.247790e+02 1.417396e+02 -2.660727e+00 4.824523e-07 1.145263e-06 3.292097e-06 3.518848e-06 -6.931898e+01 2.284370e+01 
1.247790e+02 1.428039e+02 -3.048021e+00 5.575550e-07 1.459014e-06 3.196756e-06 3.557926e-06 -6.396011e+01 2.091411e+01 
1.247790e+02 1.438683e+02 -3.158799e+00 6.595944e-07 1.724404e-06 3.054384e-06 3.569019e-06 -5.884877e+01 2.093213e+01 
1.247790e+02 1.449326e+02 -2.985181e+00 7.898221e-07 1.946184e-06 2.862960e-06 3.550773e-06 -5.373521e+01 2.208885e+01 
1.247790e+02 1.459970e+02 -2.539516e+00 9.510078e-07 2.127497e-06 2.619122e-06 3.505775e-06 -4.833875e+01 2.408502e+01 
1.247790e+02 1.470613e+02 -1.853505e+00 1.146129e-06 2.266651e-06 2.319936e-06 3.439973e-06 -4.240797e+01 2.682338e+01 
1.247790e+02 1.481257e+02 -9.759437e-01 1.379801e-06 2.355254e-06 1.960836e-06 3.360945e-06 -3.569131e+01 3.036346e+01 
1.247790e+02 1.491900e+02 3.074614e-02 1.653252e-06 2.374920e-06 1.542409e-06 3.279102e-06 -2.805866e+01 3.484291e+01 
