# 1    , 2      , 3      , 4      , 5      , 6      , 7       
# dmeas, Bx_siB0, By_siB0, Bz_siB0, In_siB0, Ic_siB0, Dc_siB0 
0.000000e+00 2.906259e-05 3.674609e-06 3.517128e-05 4.577288e-05 5.020927e+01 7.206112e+00 
0.000000e+00 2.882778e-05 4.010593e-06 3.567847e-05 4.604432e-05 5.079347e+01 7.920295e+00 
0.000000e+00 2.838164e-05 4.334134e-06 3.616489e-05 4.617576e-05 5.155456e+01 8.682509e+00 
0.000000e+00 2.770547e-05 4.573179e-06 3.652891e-05 4.607459e-05 5.244993e+01 9.372962e+00 
0.000000e+00 2.687225e-05 4.650836e-06 3.666273e-05 4.569359e-05 5.335611e+01 9.819030e+00 
0.000000e+00 2.603426e-05 4.531496e-06 3.651592e-05 4.507471e-05 5.410765e+01 9.873922e+00 
0.000000e+00 2.533385e-05 4.235870e-06 3.611623e-05 4.431849e-05 5.457991e+01 9.492163e+00 
0.000000e+00 2.487536e-05 3.808012e-06 3.552425e-05 4.353455e-05 5.468649e+01 8.703480e+00 
0.000000e+00 2.473773e-05 3.316048e-06 3.483440e-05 4.285309e-05 5.437824e+01 7.634882e+00 
0.000000e+00 2.492775e-05 2.852620e-06 3.417550e-05 4.239688e-05 5.371521e+01 6.528273e+00 
0.000000e+00 2.535193e-05 2.493592e-06 3.365386e-05 4.220806e-05 5.287612e+01 5.617490e+00 
0.000000e+00 2.588063e-05 2.256656e-06 3.329616e-05 4.223191e-05 5.203740e+01 4.983289e+00 
0.000000e+00 2.642059e-05 2.123745e-06 3.308019e-05 4.238934e-05 5.129622e+01 4.595680e+00 
0.000000e+00 2.692505e-05 2.065299e-06 3.296799e-05 4.261587e-05 5.067903e+01 4.386311e+00 
0.000000e+00 2.737696e-05 2.059564e-06 3.293231e-05 4.287513e-05 5.018341e+01 4.302247e+00 
0.000000e+00 2.777170e-05 2.090698e-06 3.295371e-05 4.314609e-05 4.979774e+01 4.305199e+00 
0.000000e+00 2.811121e-05 2.152191e-06 3.302518e-05 4.342274e-05 4.951274e+01 4.378019e+00 
0.000000e+00 2.840049e-05 2.240593e-06 3.314330e-05 4.370453e-05 4.931889e+01 4.510880e+00 
0.000000e+00 2.864408e-05 2.356245e-06 3.330918e-05 4.399474e-05 4.921073e+01 4.702529e+00 
0.000000e+00 2.884604e-05 2.501271e-06 3.352563e-05 4.429807e-05 4.918460e+01 4.955783e+00 
0.000000e+00 2.900728e-05 2.679138e-06 3.379660e-05 4.461850e-05 4.924054e+01 5.276918e+00 
0.000000e+00 2.912484e-05 2.893178e-06 3.412515e-05 4.495723e-05 4.938123e+01 5.672987e+00 
0.000000e+00 2.918342e-05 3.146435e-06 3.451341e-05 4.530726e-05 4.961990e+01 6.153621e+00 
0.000000e+00 2.915857e-05 3.440391e-06 3.496095e-05 4.565443e-05 4.997586e+01 6.729161e+00 
0.000000e+00 2.900504e-05 3.768096e-06 3.545552e-05 4.596286e-05 5.047933e+01 7.401943e+00 
0.000000e+00 2.866769e-05 4.105115e-06 3.596079e-05 4.617214e-05 5.115464e+01 8.149160e+00 
0.000000e+00 2.809940e-05 4.396178e-06 3.639816e-05 4.619230e-05 5.199622e+01 8.891897e+00 
0.000000e+00 2.732662e-05 4.561430e-06 3.665554e-05 4.594757e-05 5.291757e+01 9.476590e+00 
0.000000e+00 2.646977e-05 4.538751e-06 3.664577e-05 4.543304e-05 5.376394e+01 9.729843e+00 
0.000000e+00 2.568703e-05 4.324838e-06 3.636321e-05 4.473042e-05 5.438431e+01 9.557062e+00 
0.000000e+00 2.509860e-05 3.955105e-06 3.585620e-05 4.394598e-05 5.467796e+01 8.955183e+00 
0.000000e+00 2.479774e-05 3.483822e-06 3.519970e-05 4.319819e-05 5.457174e+01 7.997117e+00 
0.000000e+00 2.483393e-05 2.994674e-06 3.450982e-05 4.262182e-05 5.406418e+01 6.875983e+00 
0.000000e+00 2.516160e-05 2.578440e-06 3.391305e-05 4.230661e-05 5.328333e+01 5.850974e+00 
0.000000e+00 2.565424e-05 2.282580e-06 3.347677e-05 4.223795e-05 5.242687e+01 5.084491e+00 
0.000000e+00 2.619876e-05 2.102516e-06 3.319711e-05 4.234199e-05 5.163045e+01 4.588295e+00 
0.000000e+00 2.672506e-05 2.011049e-06 3.303929e-05 4.254254e-05 5.095193e+01 4.303372e+00 
0.000000e+00 2.720534e-05 1.981677e-06 3.296951e-05 4.279073e-05 5.039725e+01 4.166150e+00 
0.000000e+00 2.762821e-05 1.996180e-06 3.296523e-05 4.305821e-05 4.996012e+01 4.132525e+00 
0.000000e+00 2.799556e-05 2.043652e-06 3.301360e-05 4.333389e-05 4.962691e+01 4.175138e+00 
0.000000e+00 2.830931e-05 2.118755e-06 3.310894e-05 4.361317e-05 4.938933e+01 4.280210e+00 
0.000000e+00 2.857470e-05 2.220794e-06 3.325132e-05 4.389870e-05 4.924040e+01 4.444031e+00 
0.000000e+00 2.879648e-05 2.351022e-06 3.344274e-05 4.419481e-05 4.917517e+01 4.667429e+00 
0.000000e+00 2.897780e-05 2.512208e-06 3.368658e-05 4.450629e-05 4.919121e+01 4.954825e+00 
0.000000e+00 2.911695e-05 2.707329e-06 3.398576e-05 4.483479e-05 4.929014e+01 5.312156e+00 
0.000000e+00 2.920555e-05 2.941001e-06 3.434486e-05 4.517946e-05 4.948074e+01 5.750304e+00 
0.000000e+00 2.922522e-05 3.214452e-06 3.476329e-05 4.552947e-05 4.977673e+01 6.276673e+00 
