# 1      , 2      , 3      , 4    , 5     , 6      , 7      , 8      ,                    9              , 10  , 11  , 12  , 13    , 14      
# IGRF_In, IGRF_Ic, IGRF_Dc, dmeas, height, In_siB0, Ic_siB0, Dc_siB0,                    height m (-poh), In_m, Ic_m, Dc_m, min hP, max hP  
4.515061e-05 5.339022e+01 3.316679e+00 0.000000e+00 1.821866e+03 4.590003e-05 5.286720e+01 2.678682e+00 1.821100e+03 4.456651e+01 5.349455e+01 -6.630666e+00 1.819580e+03 1.822759e+03 
4.515061e-05 5.339022e+01 3.316679e+00 2.174057e+00 1.821577e+03 4.607903e-05 5.303200e+01 2.824829e+00 1.820100e+03 4.201327e+01 5.259920e+01 -5.559556e-01 1.819580e+03 1.822759e+03 
4.515061e-05 5.339022e+01 3.316679e+00 4.979673e+00 1.821542e+03 4.613530e-05 5.314718e+01 2.563176e+00 1.820200e+03 4.551905e+01 5.407314e+01 -8.071647e-01 1.819580e+03 1.822759e+03 
4.515061e-05 5.339022e+01 3.316679e+00 8.246426e+00 1.821134e+03 4.595386e-05 5.305340e+01 2.409375e+00 1.819700e+03 4.310624e+01 5.222122e+01 7.009379e-01 1.819580e+03 1.822759e+03 
4.515061e-05 5.339022e+01 3.316679e+00 1.090997e+01 1.820860e+03 4.583465e-05 5.298300e+01 2.624649e+00 1.819900e+03 4.462575e+01 5.387098e+01 -3.692782e-01 1.819580e+03 1.822759e+03 
4.515061e-05 5.339022e+01 3.316679e+00 1.385282e+01 1.820577e+03 4.592115e-05 5.303955e+01 2.785076e+00 1.819500e+03 4.497279e+01 5.361949e+01 8.927048e-01 1.819580e+03 1.822759e+03 
4.515061e-05 5.339022e+01 3.316679e+00 1.690371e+01 1.820048e+03 4.622341e-05 5.256034e+01 2.887426e+00 1.818200e+03 4.427921e+01 5.348508e+01 -4.076117e+00 1.819580e+03 1.822759e+03 
4.515061e-05 5.339022e+01 3.316679e+00 2.073664e+01 1.819580e+03 4.591498e-05 5.228323e+01 3.374509e+00 1.817600e+03 4.401339e+01 5.249317e+01 1.334453e+00 1.819580e+03 1.822759e+03 
4.515061e-05 5.339022e+01 3.316679e+00 2.285394e+01 1.819812e+03 4.597435e-05 5.253185e+01 3.516374e+00 1.817800e+03 4.435963e+01 5.225099e+01 -1.347604e+00 1.819580e+03 1.822759e+03 
4.515061e-05 5.339022e+01 3.316679e+00 2.516418e+01 1.820095e+03 4.596259e-05 5.279592e+01 3.529652e+00 1.818400e+03 4.451104e+01 5.321344e+01 1.351184e+00 1.819580e+03 1.822759e+03 
4.515061e-05 5.339022e+01 3.316679e+00 2.748731e+01 1.820124e+03 4.590477e-05 5.286772e+01 3.292799e+00 1.818100e+03 4.387299e+01 5.304428e+01 -2.412639e+00 1.819580e+03 1.822759e+03 
4.515061e-05 5.339022e+01 3.316679e+00 3.005688e+01 1.820201e+03 4.581052e-05 5.284035e+01 3.401032e+00 1.818300e+03 4.008962e+01 5.330961e+01 2.335642e-01 1.819580e+03 1.822759e+03 
4.515061e-05 5.339022e+01 3.316679e+00 3.204940e+01 1.820278e+03 4.587495e-05 5.274053e+01 3.713591e+00 1.818500e+03 4.172154e+01 5.442748e+01 2.137291e+00 1.819580e+03 1.822759e+03 
4.515061e-05 5.339022e+01 3.316679e+00 3.372412e+01 1.820047e+03 4.601604e-05 5.257771e+01 3.553310e+00 1.818900e+03 4.498681e+01 5.567932e+01 4.668210e+00 1.819580e+03 1.822759e+03 
4.515061e-05 5.339022e+01 3.316679e+00 3.580941e+01 1.820246e+03 4.617507e-05 5.244007e+01 3.561849e+00 1.819300e+03 4.668547e+01 5.467473e+01 -4.078285e-02 1.819580e+03 1.822759e+03 
4.515061e-05 5.339022e+01 3.316679e+00 3.773973e+01 1.820461e+03 4.627586e-05 5.224031e+01 3.805364e+00 1.819000e+03 4.519682e+01 5.323839e+01 -2.966764e+00 1.819580e+03 1.822759e+03 
4.515061e-05 5.339022e+01 3.316679e+00 3.975614e+01 1.820212e+03 4.639095e-05 5.170151e+01 3.477825e+00 1.818200e+03 4.393514e+01 4.985324e+01 -6.027397e-01 1.819580e+03 1.822759e+03 
4.515061e-05 5.339022e+01 3.316679e+00 4.161741e+01 1.820235e+03 4.629926e-05 5.147723e+01 3.529991e+00 1.818300e+03 4.406880e+01 4.904416e+01 -9.868345e+00 1.819580e+03 1.822759e+03 
4.515061e-05 5.339022e+01 3.316679e+00 4.454114e+01 1.819948e+03 4.584762e-05 5.149587e+01 3.949424e+00 1.818300e+03 4.081801e+01 5.099431e+01 3.401868e+00 1.819580e+03 1.822759e+03 
4.515061e-05 5.339022e+01 3.316679e+00 4.712763e+01 1.819959e+03 4.531204e-05 5.171683e+01 4.216066e+00 1.819000e+03 4.256784e+01 5.289626e+01 3.701075e+00 1.819580e+03 1.822759e+03 
4.515061e-05 5.339022e+01 3.316679e+00 4.913236e+01 1.820494e+03 4.542651e-05 5.214600e+01 4.681044e+00 1.819200e+03 4.305777e+01 5.265384e+01 2.072277e+00 1.819580e+03 1.822759e+03 
4.515061e-05 5.339022e+01 3.316679e+00 5.057282e+01 1.820892e+03 4.550940e-05 5.250477e+01 4.835094e+00 1.819100e+03 4.177343e+01 5.134319e+01 2.462263e+00 1.819580e+03 1.822759e+03 
4.515061e-05 5.339022e+01 3.316679e+00 5.244463e+01 1.821423e+03 4.576699e-05 5.270775e+01 4.686841e+00 1.820500e+03 4.319044e+01 5.190867e+01 7.305488e+00 1.819580e+03 1.822759e+03 
4.515061e-05 5.339022e+01 3.316679e+00 5.377722e+01 1.821668e+03 4.575563e-05 5.299578e+01 4.798947e+00 1.821500e+03 4.420337e+01 5.430408e+01 3.931954e+00 1.819580e+03 1.822759e+03 
4.515061e-05 5.339022e+01 3.316679e+00 5.583196e+01 1.822159e+03 4.598894e-05 5.339759e+01 4.777506e+00 1.821500e+03 4.228554e+01 5.271620e+01 4.885156e+00 1.819580e+03 1.822759e+03 
4.515061e-05 5.339022e+01 3.316679e+00 5.767786e+01 1.822537e+03 4.622820e-05 5.366333e+01 4.094837e+00 1.822300e+03 4.509987e+01 5.412222e+01 8.555680e+00 1.819580e+03 1.822759e+03 
4.515061e-05 5.339022e+01 3.316679e+00 5.905145e+01 1.822621e+03 4.623814e-05 5.362674e+01 3.669554e+00 1.822700e+03 4.473960e+01 5.600715e+01 7.738087e+00 1.819580e+03 1.822759e+03 
4.515061e-05 5.339022e+01 3.316679e+00 6.127682e+01 1.822759e+03 4.637213e-05 5.394862e+01 3.216261e+00 1.823200e+03 4.555422e+01 5.590995e+01 3.682346e+00 1.819580e+03 1.822759e+03 
4.515061e-05 5.339022e+01 3.316679e+00 6.325356e+01 1.822669e+03 4.636061e-05 5.398270e+01 1.695309e+00 1.823400e+03 4.558838e+01 5.649994e+01 8.452667e-01 1.819580e+03 1.822759e+03 
4.515061e-05 5.339022e+01 3.316679e+00 6.739743e+01 1.821294e+03 4.552498e-05 5.303002e+01 1.357561e+00 1.822700e+03 4.518733e+01 5.557337e+01 -5.806696e-01 1.819580e+03 1.822759e+03 
