# 1    , 2      , 3      , 4      , 5      , 6      , 7       
# dmeas, Bx_siB0, By_siB0, Bz_siB0, In_siB0, Ic_siB0, Dc_siB0 
0.000000e+00 2.767794e-05 1.294938e-06 3.659327e-05 4.590003e-05 5.286720e+01 2.678682e+00 
2.174057e+00 2.767683e-05 1.365645e-06 3.681583e-05 4.607903e-05 5.303200e+01 2.824829e+00 
4.979673e+00 2.764250e-05 1.237436e-06 3.691649e-05 4.613530e-05 5.314718e+01 2.563176e+00 
8.246426e+00 2.759709e-05 1.161184e-06 3.672614e-05 4.595386e-05 5.305340e+01 2.409375e+00 
1.090997e+01 2.756589e-05 1.263643e-06 3.659700e-05 4.583465e-05 5.298300e+01 2.624649e+00 
1.385282e+01 2.757810e-05 1.341594e-06 3.669333e-05 4.592115e-05 5.303955e+01 2.785076e+00 
1.690371e+01 2.806472e-05 1.415523e-06 3.670111e-05 4.622341e-05 5.256034e+01 2.887426e+00 
2.073664e+01 2.804018e-05 1.653375e-06 3.632079e-05 4.591498e-05 5.228323e+01 3.374509e+00 
2.285394e+01 2.791448e-05 1.715330e-06 3.648946e-05 4.597435e-05 5.253185e+01 3.516374e+00 
2.516418e+01 2.773883e-05 1.710989e-06 3.660860e-05 4.596259e-05 5.279592e+01 3.529652e+00 
2.748731e+01 2.766500e-05 1.591665e-06 3.659731e-05 4.590477e-05 5.286772e+01 3.292799e+00 
3.005688e+01 2.762256e-05 1.641582e-06 3.650895e-05 4.581052e-05 5.284035e+01 3.401032e+00 
3.204940e+01 2.771555e-05 1.798886e-06 3.651196e-05 4.587495e-05 5.274053e+01 3.713591e+00 
3.372412e+01 2.790949e-05 1.733085e-06 3.654494e-05 4.601604e-05 5.257771e+01 3.553310e+00 
3.580941e+01 2.809353e-05 1.748716e-06 3.660372e-05 4.617507e-05 5.244007e+01 3.561849e+00 
3.773973e+01 2.827460e-05 1.880655e-06 3.658505e-05 4.627586e-05 5.224031e+01 3.805364e+00 
3.975614e+01 2.869823e-05 1.744111e-06 3.640728e-05 4.639095e-05 5.170151e+01 3.477825e+00 
4.161741e+01 2.878166e-05 1.775484e-06 3.622272e-05 4.629926e-05 5.147723e+01 3.529991e+00 
4.454114e+01 2.847562e-05 1.965952e-06 3.587866e-05 4.584762e-05 5.149587e+01 3.949424e+00 
4.712763e+01 2.799704e-05 2.063867e-06 3.556807e-05 4.531204e-05 5.171683e+01 4.216066e+00 
4.913236e+01 2.778307e-05 2.274930e-06 3.586773e-05 4.542651e-05 5.214600e+01 4.681044e+00 
5.057282e+01 2.760278e-05 2.334897e-06 3.610734e-05 4.550940e-05 5.250477e+01 4.835094e+00 
5.244463e+01 2.763662e-05 2.265754e-06 3.641018e-05 4.576699e-05 5.270775e+01 4.686841e+00 
5.377722e+01 2.744258e-05 2.303909e-06 3.654004e-05 4.575563e-05 5.299578e+01 4.798947e+00 
5.583196e+01 2.732603e-05 2.283827e-06 3.691957e-05 4.598894e-05 5.339759e+01 4.777506e+00 
5.767786e+01 2.732162e-05 1.955964e-06 3.723909e-05 4.622820e-05 5.366333e+01 4.094837e+00 
5.905145e+01 2.736499e-05 1.755013e-06 3.722959e-05 4.623814e-05 5.362674e+01 3.669554e+00 
6.127682e+01 2.724749e-05 1.531129e-06 3.749138e-05 4.637213e-05 5.394862e+01 3.216261e+00 
6.325356e+01 2.724947e-05 8.065125e-07 3.749829e-05 4.636061e-05 5.398270e+01 1.695309e+00 
6.739743e+01 2.737088e-05 6.486444e-07 3.637221e-05 4.552498e-05 5.303002e+01 1.357561e+00 
