# 1, 2, 3, 4   , 5   , 6   , 7   , 8   , 9   , 10  
# x, y, z, Bx_si, By_si, Bz_si, In_si, Ic_si, Dc_si, dmeas 
4.993294e+05 4.171931e+06 1.821911e+03 -4.510562e-07 9.693742e-08 1.450423e-06 1.522030e-06 7.235500e+01 1.678709e+02 0.000000e+00 
4.993311e+05 4.171930e+06 1.821911e+03 -4.493625e-07 9.249544e-08 1.449803e-06 1.520662e-06 7.244028e+01 1.683689e+02 2.174057e+00 
4.993339e+05 4.171930e+06 1.821911e+03 -4.517325e-07 8.408800e-08 1.442868e-06 1.514266e-06 7.233553e+01 1.694553e+02 4.979673e+00 
4.993372e+05 4.171930e+06 1.821911e+03 -4.530451e-07 7.500298e-08 1.437027e-06 1.508615e-06 7.227836e+01 1.705998e+02 8.246426e+00 
4.993398e+05 4.171930e+06 1.821911e+03 -4.541287e-07 6.784984e-08 1.432604e-06 1.504391e-06 7.222863e+01 1.715025e+02 1.090997e+01 
4.993427e+05 4.171929e+06 1.821911e+03 -4.537502e-07 6.076070e-08 1.430190e-06 1.501674e-06 7.225026e+01 1.723730e+02 1.385282e+01 
4.993453e+05 4.171927e+06 1.821911e+03 -4.517241e-07 5.459765e-08 1.430623e-06 1.501239e-06 7.235667e+01 1.731084e+02 1.690371e+01 
4.993489e+05 4.171926e+06 1.821911e+03 -4.505951e-07 4.593763e-08 1.429638e-06 1.499671e-06 7.242103e+01 1.741789e+02 2.073664e+01 
4.993511e+05 4.171926e+06 1.821911e+03 -4.513398e-07 4.077526e-08 1.427233e-06 1.497452e-06 7.238420e+01 1.748378e+02 2.285394e+01 
4.993533e+05 4.171927e+06 1.821911e+03 -4.524682e-07 3.523848e-08 1.424325e-06 1.494881e-06 7.232635e+01 1.755468e+02 2.516418e+01 
4.993557e+05 4.171926e+06 1.821911e+03 -4.526851e-07 2.983330e-08 1.422937e-06 1.493507e-06 7.231645e+01 1.762295e+02 2.748731e+01 
4.993582e+05 4.171927e+06 1.821911e+03 -4.537850e-07 2.389023e-08 1.420347e-06 1.491267e-06 7.225890e+01 1.769864e+02 3.005688e+01 
4.993602e+05 4.171927e+06 1.821911e+03 -4.541149e-07 1.934301e-08 1.419251e-06 1.490258e-06 7.224191e+01 1.775610e+02 3.204940e+01 
4.993614e+05 4.171926e+06 1.821911e+03 -4.520793e-07 1.667171e-08 1.421999e-06 1.492225e-06 7.235235e+01 1.778880e+02 3.372412e+01 
4.993635e+05 4.171926e+06 1.821911e+03 -4.532716e-07 1.204649e-08 1.419782e-06 1.490430e-06 7.228823e+01 1.784776e+02 3.580941e+01 
4.993654e+05 4.171927e+06 1.821911e+03 -4.541033e-07 7.759929e-09 1.418279e-06 1.489223e-06 7.224359e+01 1.790210e+02 3.773973e+01 
4.993672e+05 4.171926e+06 1.821911e+03 -4.528468e-07 3.531926e-09 1.420019e-06 1.490482e-06 7.231192e+01 1.795531e+02 3.975614e+01 
4.993691e+05 4.171926e+06 1.821911e+03 -4.527382e-07 -6.468019e-10 1.420149e-06 1.490569e-06 7.231790e+01 -1.799181e+02 4.161741e+01 
4.993717e+05 4.171925e+06 1.821911e+03 -4.502879e-07 -6.628778e-09 1.424164e-06 1.493669e-06 7.245246e+01 -1.791566e+02 4.454114e+01 
4.993741e+05 4.171923e+06 1.821911e+03 -4.481049e-07 -1.202893e-08 1.428119e-06 1.496819e-06 7.257367e+01 -1.784623e+02 4.712763e+01 
4.993761e+05 4.171923e+06 1.821911e+03 -4.475193e-07 -1.664047e-08 1.429488e-06 1.497994e-06 7.260532e+01 -1.778705e+02 4.913236e+01 
4.993775e+05 4.171923e+06 1.821911e+03 -4.466397e-07 -1.989997e-08 1.431349e-06 1.499548e-06 7.265377e+01 -1.774489e+02 5.057282e+01 
4.993792e+05 4.171924e+06 1.821911e+03 -4.476575e-07 -2.385560e-08 1.430017e-06 1.498637e-06 7.259443e+01 -1.769496e+02 5.244463e+01 
4.993803e+05 4.171923e+06 1.821911e+03 -4.462718e-07 -2.667508e-08 1.432806e-06 1.500934e-06 7.267088e+01 -1.765793e+02 5.377722e+01 
4.993823e+05 4.171922e+06 1.821911e+03 -4.450743e-07 -3.151765e-08 1.435657e-06 1.503394e-06 7.273524e+01 -1.759494e+02 5.583196e+01 
4.993842e+05 4.171923e+06 1.821911e+03 -4.451804e-07 -3.585032e-08 1.436183e-06 1.504026e-06 7.272545e+01 -1.753959e+02 5.767786e+01 
4.993852e+05 4.171924e+06 1.821911e+03 -4.465065e-07 -3.820737e-08 1.434313e-06 1.502691e-06 7.264905e+01 -1.751091e+02 5.905145e+01 
4.993874e+05 4.171923e+06 1.821911e+03 -4.450493e-07 -4.364462e-08 1.437950e-06 1.505879e-06 7.272497e+01 -1.743991e+02 6.127682e+01 
4.993894e+05 4.171923e+06 1.821911e+03 -4.439907e-07 -4.860878e-08 1.440926e-06 1.508561e-06 7.277814e+01 -1.737521e+02 6.325356e+01 
4.993935e+05 4.171923e+06 1.821911e+03 -4.427089e-07 -5.923889e-08 1.445909e-06 1.513325e-06 7.283360e+01 -1.723785e+02 6.739743e+01 
