# 1, 2, 3, 4   , 5   , 6   , 7   , 8   , 9   , 10  
# x, y, z, Bx_si, By_si, Bz_si, In_si, Ic_si, Dc_si, dmeas 
4.993294e+05 4.171931e+06 1.821866e+03 -2.628624e-07 7.969425e-07 -3.501730e-07 9.093048e-07 2.264993e+01 -1.825455e+01 0.000000e+00 
4.993311e+05 4.171930e+06 1.821577e+03 -1.921548e-07 7.958273e-07 -5.727306e-07 9.991421e-07 3.497524e+01 -1.357442e+01 2.174057e+00 
4.993339e+05 4.171930e+06 1.821542e+03 -3.203637e-07 7.614962e-07 -6.733924e-07 1.065817e-06 3.918367e+01 -2.281664e+01 4.979673e+00 
4.993372e+05 4.171930e+06 1.821134e+03 -3.966159e-07 7.160883e-07 -4.830435e-07 9.504828e-07 3.054458e+01 -2.898051e+01 8.246426e+00 
4.993398e+05 4.171930e+06 1.820860e+03 -2.941567e-07 6.848920e-07 -3.538982e-07 8.251358e-07 2.539757e+01 -2.324321e+01 1.090997e+01 
4.993427e+05 4.171929e+06 1.820577e+03 -2.162063e-07 6.971031e-07 -4.502278e-07 8.575564e-07 3.166908e+01 -1.723126e+01 1.385282e+01 
4.993453e+05 4.171927e+06 1.820048e+03 -1.422771e-07 1.183722e-06 -4.580098e-07 1.277190e-06 2.101470e+01 -6.853769e+00 1.690371e+01 
4.993489e+05 4.171926e+06 1.819580e+03 9.557506e-08 1.159181e-06 -7.769476e-08 1.165706e-06 3.821618e+00 4.713406e+00 2.073664e+01 
4.993511e+05 4.171926e+06 1.819812e+03 1.575301e-07 1.033476e-06 -2.463577e-07 1.074048e-06 1.326016e+01 8.666740e+00 2.285394e+01 
4.993533e+05 4.171927e+06 1.820095e+03 1.531890e-07 8.578299e-07 -3.654973e-07 9.449483e-07 2.275496e+01 1.012500e+01 2.516418e+01 
4.993557e+05 4.171926e+06 1.820124e+03 3.386496e-08 7.839967e-07 -3.542055e-07 8.609641e-07 2.429316e+01 2.473370e+00 2.748731e+01 
4.993582e+05 4.171927e+06 1.820201e+03 8.378190e-08 7.415614e-07 -2.658453e-07 7.922161e-07 1.960731e+01 6.445966e+00 3.005688e+01 
4.993602e+05 4.171927e+06 1.820278e+03 2.410859e-07 8.345479e-07 -2.688569e-07 9.093276e-07 1.719746e+01 1.611305e+01 3.204940e+01 
4.993614e+05 4.171926e+06 1.820047e+03 1.752845e-07 1.028492e-06 -3.018420e-07 1.086108e-06 1.613560e+01 9.671910e+00 3.372412e+01 
4.993635e+05 4.171926e+06 1.820246e+03 1.909157e-07 1.212531e-06 -3.606185e-07 1.279346e-06 1.637227e+01 8.947886e+00 3.580941e+01 
4.993654e+05 4.171927e+06 1.820461e+03 3.228554e-07 1.393596e-06 -3.419503e-07 1.470807e-06 1.344380e+01 1.304365e+01 3.773973e+01 
4.993672e+05 4.171926e+06 1.820212e+03 1.863107e-07 1.817229e-06 -1.641831e-07 1.834118e-06 5.135769e+00 5.853774e+00 3.975614e+01 
4.993691e+05 4.171926e+06 1.820235e+03 2.176841e-07 1.900657e-06 2.037700e-08 1.913190e-06 -6.102572e-01 6.533675e+00 4.161741e+01 
4.993717e+05 4.171925e+06 1.819948e+03 4.081520e-07 1.594617e-06 3.644352e-07 1.685884e-06 -1.248409e+01 1.435698e+01 4.454114e+01 
4.993741e+05 4.171923e+06 1.819959e+03 5.060672e-07 1.116041e-06 6.750313e-07 1.399042e-06 -2.884851e+01 2.439185e+01 4.712763e+01 
4.993761e+05 4.171923e+06 1.820494e+03 7.171300e-07 9.020657e-07 3.753729e-07 1.211983e-06 -1.804224e+01 3.848422e+01 4.913236e+01 
4.993775e+05 4.171923e+06 1.820892e+03 7.770971e-07 7.217805e-07 1.357627e-07 1.069242e-06 -7.294589e+00 4.711356e+01 5.057282e+01 
4.993792e+05 4.171924e+06 1.821423e+03 7.079540e-07 7.556201e-07 -1.670762e-07 1.048845e-06 9.166007e+00 4.313463e+01 5.244463e+01 
4.993803e+05 4.171923e+06 1.821668e+03 7.461094e-07 5.615760e-07 -2.969425e-07 9.799090e-07 1.763972e+01 5.303223e+01 5.377722e+01 
4.993823e+05 4.171922e+06 1.822159e+03 7.260273e-07 4.450294e-07 -6.764712e-07 1.087557e-06 3.846306e+01 5.849315e+01 5.583196e+01 
4.993842e+05 4.171923e+06 1.822537e+03 3.981638e-07 4.406213e-07 -9.959935e-07 1.159605e-06 5.919411e+01 4.210228e+01 5.767786e+01 
4.993852e+05 4.171924e+06 1.822621e+03 1.972131e-07 4.839898e-07 -9.864934e-07 1.116382e-06 6.208613e+01 2.216960e+01 5.905145e+01 
4.993874e+05 4.171923e+06 1.822759e+03 -2.667098e-08 3.664944e-07 -1.248283e-06 1.301245e-06 7.359688e+01 -4.162262e+00 6.127682e+01 
4.993894e+05 4.171923e+06 1.822669e+03 -7.512875e-07 3.684722e-07 -1.255192e-06 1.508546e-06 5.631031e+01 -6.387416e+01 6.325356e+01 
4.993935e+05 4.171923e+06 1.821294e+03 -9.091556e-07 4.898770e-07 -1.291122e-07 1.040775e-06 7.126120e+00 -6.168304e+01 6.739743e+01 
