# 1,2,3, 4    , 5    , 6    , 7    , 8    , 9     
# x,y,z, Bx_si, By_si, Bz_si, Bx_th, By_th, Bz_th 
2.523000e+01 4.977900e+01 1.000000e+00 1.008016e-06 -1.122134e-06 -3.768225e-06 0.000000e+00 0.000000e+00 0.000000e+00 
2.629435e+01 4.977900e+01 1.000000e+00 9.521635e-07 -1.130183e-06 -3.769798e-06 0.000000e+00 0.000000e+00 0.000000e+00 
2.735870e+01 4.977900e+01 1.000000e+00 8.982761e-07 -1.137897e-06 -3.771216e-06 0.000000e+00 0.000000e+00 0.000000e+00 
2.842304e+01 4.977900e+01 1.000000e+00 8.461814e-07 -1.145272e-06 -3.772495e-06 0.000000e+00 0.000000e+00 0.000000e+00 
2.948739e+01 4.977900e+01 1.000000e+00 7.957239e-07 -1.152304e-06 -3.773651e-06 0.000000e+00 0.000000e+00 0.000000e+00 
3.055174e+01 4.977900e+01 1.000000e+00 7.467627e-07 -1.158991e-06 -3.774696e-06 0.000000e+00 0.000000e+00 0.000000e+00 
3.161609e+01 4.977900e+01 1.000000e+00 6.991690e-07 -1.165331e-06 -3.775641e-06 0.000000e+00 0.000000e+00 0.000000e+00 
3.268043e+01 4.977900e+01 1.000000e+00 6.528248e-07 -1.171320e-06 -3.776496e-06 0.000000e+00 0.000000e+00 0.000000e+00 
3.374478e+01 4.977900e+01 1.000000e+00 6.076215e-07 -1.176958e-06 -3.777268e-06 0.000000e+00 0.000000e+00 0.000000e+00 
3.480913e+01 4.977900e+01 1.000000e+00 5.634582e-07 -1.182242e-06 -3.777965e-06 0.000000e+00 0.000000e+00 0.000000e+00 
3.587348e+01 4.977900e+01 1.000000e+00 5.202413e-07 -1.187172e-06 -3.778593e-06 0.000000e+00 0.000000e+00 0.000000e+00 
3.693783e+01 4.977900e+01 1.000000e+00 4.778831e-07 -1.191746e-06 -3.779157e-06 0.000000e+00 0.000000e+00 0.000000e+00 
3.800217e+01 4.977900e+01 1.000000e+00 4.363013e-07 -1.195965e-06 -3.779662e-06 0.000000e+00 0.000000e+00 0.000000e+00 
3.906652e+01 4.977900e+01 1.000000e+00 3.954183e-07 -1.199826e-06 -3.780112e-06 0.000000e+00 0.000000e+00 0.000000e+00 
4.013087e+01 4.977900e+01 1.000000e+00 3.551603e-07 -1.203330e-06 -3.780510e-06 0.000000e+00 0.000000e+00 0.000000e+00 
4.119522e+01 4.977900e+01 1.000000e+00 3.154573e-07 -1.206476e-06 -3.780860e-06 0.000000e+00 0.000000e+00 0.000000e+00 
4.225957e+01 4.977900e+01 1.000000e+00 2.762422e-07 -1.209263e-06 -3.781164e-06 0.000000e+00 0.000000e+00 0.000000e+00 
4.332391e+01 4.977900e+01 1.000000e+00 2.374505e-07 -1.211693e-06 -3.781425e-06 0.000000e+00 0.000000e+00 0.000000e+00 
4.438826e+01 4.977900e+01 1.000000e+00 1.990198e-07 -1.213764e-06 -3.781644e-06 0.000000e+00 0.000000e+00 0.000000e+00 
4.545261e+01 4.977900e+01 1.000000e+00 1.608898e-07 -1.215476e-06 -3.781823e-06 0.000000e+00 0.000000e+00 0.000000e+00 
4.651696e+01 4.977900e+01 1.000000e+00 1.230015e-07 -1.216829e-06 -3.781963e-06 0.000000e+00 0.000000e+00 0.000000e+00 
4.758130e+01 4.977900e+01 1.000000e+00 8.529726e-08 -1.217824e-06 -3.782065e-06 0.000000e+00 0.000000e+00 0.000000e+00 
4.864565e+01 4.977900e+01 1.000000e+00 4.772021e-08 -1.218460e-06 -3.782130e-06 0.000000e+00 0.000000e+00 0.000000e+00 
4.971000e+01 4.977900e+01 1.000000e+00 1.021419e-08 -1.218737e-06 -3.782158e-06 0.000000e+00 0.000000e+00 0.000000e+00 
5.077435e+01 4.977900e+01 1.000000e+00 -2.727664e-08 -1.218655e-06 -3.782149e-06 0.000000e+00 0.000000e+00 0.000000e+00 
5.183870e+01 4.977900e+01 1.000000e+00 -6.480805e-08 -1.218215e-06 -3.782105e-06 0.000000e+00 0.000000e+00 0.000000e+00 
5.290304e+01 4.977900e+01 1.000000e+00 -1.024360e-07 -1.217416e-06 -3.782023e-06 0.000000e+00 0.000000e+00 0.000000e+00 
5.396739e+01 4.977900e+01 1.000000e+00 -1.402169e-07 -1.216258e-06 -3.781904e-06 0.000000e+00 0.000000e+00 0.000000e+00 
5.503174e+01 4.977900e+01 1.000000e+00 -1.782079e-07 -1.214741e-06 -3.781746e-06 0.000000e+00 0.000000e+00 0.000000e+00 
5.609609e+01 4.977900e+01 1.000000e+00 -2.164674e-07 -1.212866e-06 -3.781549e-06 0.000000e+00 0.000000e+00 0.000000e+00 
5.716043e+01 4.977900e+01 1.000000e+00 -2.550548e-07 -1.210632e-06 -3.781311e-06 0.000000e+00 0.000000e+00 0.000000e+00 
5.822478e+01 4.977900e+01 1.000000e+00 -2.940313e-07 -1.208039e-06 -3.781031e-06 0.000000e+00 0.000000e+00 0.000000e+00 
5.928913e+01 4.977900e+01 1.000000e+00 -3.334603e-07 -1.205088e-06 -3.780707e-06 0.000000e+00 0.000000e+00 0.000000e+00 
6.035348e+01 4.977900e+01 1.000000e+00 -3.734073e-07 -1.201780e-06 -3.780335e-06 0.000000e+00 0.000000e+00 0.000000e+00 
6.141783e+01 4.977900e+01 1.000000e+00 -4.139409e-07 -1.198113e-06 -3.779913e-06 0.000000e+00 0.000000e+00 0.000000e+00 
6.248217e+01 4.977900e+01 1.000000e+00 -4.551325e-07 -1.194089e-06 -3.779439e-06 0.000000e+00 0.000000e+00 0.000000e+00 
6.354652e+01 4.977900e+01 1.000000e+00 -4.970578e-07 -1.189709e-06 -3.778908e-06 0.000000e+00 0.000000e+00 0.000000e+00 
6.461087e+01 4.977900e+01 1.000000e+00 -5.397962e-07 -1.184972e-06 -3.778315e-06 0.000000e+00 0.000000e+00 0.000000e+00 
6.567522e+01 4.977900e+01 1.000000e+00 -5.834326e-07 -1.179881e-06 -3.777657e-06 0.000000e+00 0.000000e+00 0.000000e+00 
6.673957e+01 4.977900e+01 1.000000e+00 -6.280571e-07 -1.174436e-06 -3.776926e-06 0.000000e+00 0.000000e+00 0.000000e+00 
6.780391e+01 4.977900e+01 1.000000e+00 -6.737667e-07 -1.168638e-06 -3.776117e-06 0.000000e+00 0.000000e+00 0.000000e+00 
6.886826e+01 4.977900e+01 1.000000e+00 -7.206654e-07 -1.162489e-06 -3.775223e-06 0.000000e+00 0.000000e+00 0.000000e+00 
6.993261e+01 4.977900e+01 1.000000e+00 -7.688662e-07 -1.155991e-06 -3.774233e-06 0.000000e+00 0.000000e+00 0.000000e+00 
7.099696e+01 4.977900e+01 1.000000e+00 -8.184917e-07 -1.149147e-06 -3.773139e-06 0.000000e+00 0.000000e+00 0.000000e+00 
7.206130e+01 4.977900e+01 1.000000e+00 -8.696759e-07 -1.141958e-06 -3.771929e-06 0.000000e+00 0.000000e+00 0.000000e+00 
7.312565e+01 4.977900e+01 1.000000e+00 -9.225662e-07 -1.134429e-06 -3.770589e-06 0.000000e+00 0.000000e+00 0.000000e+00 
7.419000e+01 4.977900e+01 1.000000e+00 -9.773253e-07 -1.126562e-06 -3.769103e-06 0.000000e+00 0.000000e+00 0.000000e+00 
