# 1,2,3, 4    , 5    , 6    , 7    , 8    , 9     
# x,y,z, Bx_si, By_si, Bz_si, Bx_th, By_th, Bz_th 
3.502300e+02 3.747790e+02 1.000000e+00 4.644184e-10 -6.143286e-08 -1.900279e-07 0.000000e+00 0.000000e+00 0.000000e+00 
3.512943e+02 3.747790e+02 1.000000e+00 4.440924e-10 -6.144133e-08 -1.899842e-07 0.000000e+00 0.000000e+00 0.000000e+00 
3.523587e+02 3.747790e+02 1.000000e+00 4.238174e-10 -6.144943e-08 -1.899426e-07 0.000000e+00 0.000000e+00 0.000000e+00 
3.534230e+02 3.747790e+02 1.000000e+00 4.035881e-10 -6.145716e-08 -1.899028e-07 0.000000e+00 0.000000e+00 0.000000e+00 
3.544874e+02 3.747790e+02 1.000000e+00 3.834035e-10 -6.146452e-08 -1.898651e-07 0.000000e+00 0.000000e+00 0.000000e+00 
3.555517e+02 3.747790e+02 1.000000e+00 3.632614e-10 -6.147150e-08 -1.898292e-07 0.000000e+00 0.000000e+00 0.000000e+00 
3.566161e+02 3.747790e+02 1.000000e+00 3.431593e-10 -6.147811e-08 -1.897953e-07 0.000000e+00 0.000000e+00 0.000000e+00 
3.576804e+02 3.747790e+02 1.000000e+00 3.230941e-10 -6.148435e-08 -1.897633e-07 0.000000e+00 0.000000e+00 0.000000e+00 
3.587448e+02 3.747790e+02 1.000000e+00 3.030640e-10 -6.149022e-08 -1.897332e-07 0.000000e+00 0.000000e+00 0.000000e+00 
3.598091e+02 3.747790e+02 1.000000e+00 2.830678e-10 -6.149571e-08 -1.897051e-07 0.000000e+00 0.000000e+00 0.000000e+00 
3.608735e+02 3.747790e+02 1.000000e+00 2.631030e-10 -6.150083e-08 -1.896789e-07 0.000000e+00 0.000000e+00 0.000000e+00 
3.619378e+02 3.747790e+02 1.000000e+00 2.431667e-10 -6.150558e-08 -1.896546e-07 0.000000e+00 0.000000e+00 0.000000e+00 
3.630022e+02 3.747790e+02 1.000000e+00 2.232571e-10 -6.150996e-08 -1.896322e-07 0.000000e+00 0.000000e+00 0.000000e+00 
3.640665e+02 3.747790e+02 1.000000e+00 2.033716e-10 -6.151396e-08 -1.896117e-07 0.000000e+00 0.000000e+00 0.000000e+00 
3.651309e+02 3.747790e+02 1.000000e+00 1.835089e-10 -6.151760e-08 -1.895931e-07 0.000000e+00 0.000000e+00 0.000000e+00 
3.661952e+02 3.747790e+02 1.000000e+00 1.636658e-10 -6.152086e-08 -1.895765e-07 0.000000e+00 0.000000e+00 0.000000e+00 
3.672596e+02 3.747790e+02 1.000000e+00 1.438422e-10 -6.152375e-08 -1.895617e-07 0.000000e+00 0.000000e+00 0.000000e+00 
3.683239e+02 3.747790e+02 1.000000e+00 1.240317e-10 -6.152627e-08 -1.895488e-07 0.000000e+00 0.000000e+00 0.000000e+00 
3.693883e+02 3.747790e+02 1.000000e+00 1.042350e-10 -6.152841e-08 -1.895379e-07 0.000000e+00 0.000000e+00 0.000000e+00 
3.704526e+02 3.747790e+02 1.000000e+00 8.445120e-11 -6.153019e-08 -1.895288e-07 0.000000e+00 0.000000e+00 0.000000e+00 
3.715170e+02 3.747790e+02 1.000000e+00 6.467556e-11 -6.153159e-08 -1.895217e-07 0.000000e+00 0.000000e+00 0.000000e+00 
3.725813e+02 3.747790e+02 1.000000e+00 4.490770e-11 -6.153262e-08 -1.895164e-07 0.000000e+00 0.000000e+00 0.000000e+00 
3.736457e+02 3.747790e+02 1.000000e+00 2.514496e-11 -6.153328e-08 -1.895130e-07 0.000000e+00 0.000000e+00 0.000000e+00 
3.747100e+02 3.747790e+02 1.000000e+00 5.384089e-12 -6.153357e-08 -1.895116e-07 0.000000e+00 0.000000e+00 0.000000e+00 
3.757743e+02 3.747790e+02 1.000000e+00 -1.437603e-11 -6.153348e-08 -1.895120e-07 0.000000e+00 0.000000e+00 0.000000e+00 
3.768387e+02 3.747790e+02 1.000000e+00 -3.413658e-11 -6.153303e-08 -1.895143e-07 0.000000e+00 0.000000e+00 0.000000e+00 
3.779030e+02 3.747790e+02 1.000000e+00 -5.390355e-11 -6.153220e-08 -1.895185e-07 0.000000e+00 0.000000e+00 0.000000e+00 
3.789674e+02 3.747790e+02 1.000000e+00 -7.367391e-11 -6.153100e-08 -1.895247e-07 0.000000e+00 0.000000e+00 0.000000e+00 
3.800317e+02 3.747790e+02 1.000000e+00 -9.345357e-11 -6.152943e-08 -1.895327e-07 0.000000e+00 0.000000e+00 0.000000e+00 
3.810961e+02 3.747790e+02 1.000000e+00 -1.132425e-10 -6.152748e-08 -1.895426e-07 0.000000e+00 0.000000e+00 0.000000e+00 
3.821604e+02 3.747790e+02 1.000000e+00 -1.330451e-10 -6.152517e-08 -1.895544e-07 0.000000e+00 0.000000e+00 0.000000e+00 
3.832248e+02 3.747790e+02 1.000000e+00 -1.528609e-10 -6.152248e-08 -1.895682e-07 0.000000e+00 0.000000e+00 0.000000e+00 
3.842891e+02 3.747790e+02 1.000000e+00 -1.726930e-10 -6.151942e-08 -1.895838e-07 0.000000e+00 0.000000e+00 0.000000e+00 
3.853535e+02 3.747790e+02 1.000000e+00 -1.925451e-10 -6.151599e-08 -1.896013e-07 0.000000e+00 0.000000e+00 0.000000e+00 
3.864178e+02 3.747790e+02 1.000000e+00 -2.124176e-10 -6.151219e-08 -1.896208e-07 0.000000e+00 0.000000e+00 0.000000e+00 
3.874822e+02 3.747790e+02 1.000000e+00 -2.323144e-10 -6.150801e-08 -1.896421e-07 0.000000e+00 0.000000e+00 0.000000e+00 
3.885465e+02 3.747790e+02 1.000000e+00 -2.522353e-10 -6.150346e-08 -1.896654e-07 0.000000e+00 0.000000e+00 0.000000e+00 
3.896109e+02 3.747790e+02 1.000000e+00 -2.721852e-10 -6.149855e-08 -1.896906e-07 0.000000e+00 0.000000e+00 0.000000e+00 
3.906752e+02 3.747790e+02 1.000000e+00 -2.921645e-10 -6.149326e-08 -1.897177e-07 0.000000e+00 0.000000e+00 0.000000e+00 
3.917396e+02 3.747790e+02 1.000000e+00 -3.121747e-10 -6.148759e-08 -1.897467e-07 0.000000e+00 0.000000e+00 0.000000e+00 
3.928039e+02 3.747790e+02 1.000000e+00 -3.322204e-10 -6.148156e-08 -1.897776e-07 0.000000e+00 0.000000e+00 0.000000e+00 
3.938683e+02 3.747790e+02 1.000000e+00 -3.523018e-10 -6.147515e-08 -1.898105e-07 0.000000e+00 0.000000e+00 0.000000e+00 
3.949326e+02 3.747790e+02 1.000000e+00 -3.724224e-10 -6.146837e-08 -1.898453e-07 0.000000e+00 0.000000e+00 0.000000e+00 
3.959970e+02 3.747790e+02 1.000000e+00 -3.925834e-10 -6.146122e-08 -1.898820e-07 0.000000e+00 0.000000e+00 0.000000e+00 
3.970613e+02 3.747790e+02 1.000000e+00 -4.127884e-10 -6.145369e-08 -1.899207e-07 0.000000e+00 0.000000e+00 0.000000e+00 
3.981257e+02 3.747790e+02 1.000000e+00 -4.330392e-10 -6.144579e-08 -1.899613e-07 0.000000e+00 0.000000e+00 0.000000e+00 
3.991900e+02 3.747790e+02 1.000000e+00 -4.533357e-10 -6.143752e-08 -1.900038e-07 0.000000e+00 0.000000e+00 0.000000e+00 
