# 1,2,3, 4    , 5    , 6    , 7    , 8    , 9     
# x,y,z, Bx_si, By_si, Bz_si, Bx_th, By_th, Bz_th 
3.502300e+02 3.747790e+02 1.000000e+00 1.164442e-07 -1.243494e-06 -3.838730e-06 0.000000e+00 0.000000e+00 0.000000e+00 
3.512943e+02 3.747790e+02 1.000000e+00 1.114182e-07 -1.243643e-06 -3.838730e-06 0.000000e+00 0.000000e+00 0.000000e+00 
3.523587e+02 3.747790e+02 1.000000e+00 1.063951e-07 -1.243785e-06 -3.838730e-06 0.000000e+00 0.000000e+00 0.000000e+00 
3.534230e+02 3.747790e+02 1.000000e+00 1.013750e-07 -1.243921e-06 -3.838730e-06 0.000000e+00 0.000000e+00 0.000000e+00 
3.544874e+02 3.747790e+02 1.000000e+00 9.635746e-08 -1.244050e-06 -3.838730e-06 0.000000e+00 0.000000e+00 0.000000e+00 
3.555517e+02 3.747790e+02 1.000000e+00 9.134253e-08 -1.244173e-06 -3.838730e-06 0.000000e+00 0.000000e+00 0.000000e+00 
3.566161e+02 3.747790e+02 1.000000e+00 8.633003e-08 -1.244289e-06 -3.838730e-06 0.000000e+00 0.000000e+00 0.000000e+00 
3.576804e+02 3.747790e+02 1.000000e+00 8.131983e-08 -1.244399e-06 -3.838730e-06 0.000000e+00 0.000000e+00 0.000000e+00 
3.587448e+02 3.747790e+02 1.000000e+00 7.631179e-08 -1.244502e-06 -3.838730e-06 0.000000e+00 0.000000e+00 0.000000e+00 
3.598091e+02 3.747790e+02 1.000000e+00 7.130578e-08 -1.244599e-06 -3.838730e-06 0.000000e+00 0.000000e+00 0.000000e+00 
3.608735e+02 3.747790e+02 1.000000e+00 6.630167e-08 -1.244689e-06 -3.838730e-06 0.000000e+00 0.000000e+00 0.000000e+00 
3.619378e+02 3.747790e+02 1.000000e+00 6.129931e-08 -1.244772e-06 -3.838730e-06 0.000000e+00 0.000000e+00 0.000000e+00 
3.630022e+02 3.747790e+02 1.000000e+00 5.629859e-08 -1.244849e-06 -3.838730e-06 0.000000e+00 0.000000e+00 0.000000e+00 
3.640665e+02 3.747790e+02 1.000000e+00 5.129935e-08 -1.244920e-06 -3.838730e-06 0.000000e+00 0.000000e+00 0.000000e+00 
3.651309e+02 3.747790e+02 1.000000e+00 4.630148e-08 -1.244984e-06 -3.838730e-06 0.000000e+00 0.000000e+00 0.000000e+00 
3.661952e+02 3.747790e+02 1.000000e+00 4.130484e-08 -1.245041e-06 -3.838730e-06 0.000000e+00 0.000000e+00 0.000000e+00 
3.672596e+02 3.747790e+02 1.000000e+00 3.630930e-08 -1.245092e-06 -3.838730e-06 0.000000e+00 0.000000e+00 0.000000e+00 
3.683239e+02 3.747790e+02 1.000000e+00 3.131472e-08 -1.245136e-06 -3.838730e-06 0.000000e+00 0.000000e+00 0.000000e+00 
3.693883e+02 3.747790e+02 1.000000e+00 2.632096e-08 -1.245174e-06 -3.838730e-06 0.000000e+00 0.000000e+00 0.000000e+00 
3.704526e+02 3.747790e+02 1.000000e+00 2.132791e-08 -1.245205e-06 -3.838730e-06 0.000000e+00 0.000000e+00 0.000000e+00 
3.715170e+02 3.747790e+02 1.000000e+00 1.633542e-08 -1.245230e-06 -3.838730e-06 0.000000e+00 0.000000e+00 0.000000e+00 
3.725813e+02 3.747790e+02 1.000000e+00 1.134337e-08 -1.245248e-06 -3.838730e-06 0.000000e+00 0.000000e+00 0.000000e+00 
3.736457e+02 3.747790e+02 1.000000e+00 6.351617e-09 -1.245260e-06 -3.838730e-06 0.000000e+00 0.000000e+00 0.000000e+00 
3.747100e+02 3.747790e+02 1.000000e+00 1.360032e-09 -1.245265e-06 -3.838730e-06 0.000000e+00 0.000000e+00 0.000000e+00 
3.757743e+02 3.747790e+02 1.000000e+00 -3.631517e-09 -1.245263e-06 -3.838730e-06 0.000000e+00 0.000000e+00 0.000000e+00 
3.768387e+02 3.747790e+02 1.000000e+00 -8.623161e-09 -1.245255e-06 -3.838730e-06 0.000000e+00 0.000000e+00 0.000000e+00 
3.779030e+02 3.747790e+02 1.000000e+00 -1.361504e-08 -1.245241e-06 -3.838730e-06 0.000000e+00 0.000000e+00 0.000000e+00 
3.789674e+02 3.747790e+02 1.000000e+00 -1.860727e-08 -1.245219e-06 -3.838730e-06 0.000000e+00 0.000000e+00 0.000000e+00 
3.800317e+02 3.747790e+02 1.000000e+00 -2.360000e-08 -1.245192e-06 -3.838730e-06 0.000000e+00 0.000000e+00 0.000000e+00 
3.810961e+02 3.747790e+02 1.000000e+00 -2.859335e-08 -1.245158e-06 -3.838730e-06 0.000000e+00 0.000000e+00 0.000000e+00 
3.821604e+02 3.747790e+02 1.000000e+00 -3.358747e-08 -1.245117e-06 -3.838730e-06 0.000000e+00 0.000000e+00 0.000000e+00 
3.832248e+02 3.747790e+02 1.000000e+00 -3.858247e-08 -1.245070e-06 -3.838730e-06 0.000000e+00 0.000000e+00 0.000000e+00 
3.842891e+02 3.747790e+02 1.000000e+00 -4.357850e-08 -1.245016e-06 -3.838730e-06 0.000000e+00 0.000000e+00 0.000000e+00 
3.853535e+02 3.747790e+02 1.000000e+00 -4.857568e-08 -1.244955e-06 -3.838730e-06 0.000000e+00 0.000000e+00 0.000000e+00 
3.864178e+02 3.747790e+02 1.000000e+00 -5.357415e-08 -1.244889e-06 -3.838730e-06 0.000000e+00 0.000000e+00 0.000000e+00 
3.874822e+02 3.747790e+02 1.000000e+00 -5.857405e-08 -1.244815e-06 -3.838730e-06 0.000000e+00 0.000000e+00 0.000000e+00 
3.885465e+02 3.747790e+02 1.000000e+00 -6.357550e-08 -1.244735e-06 -3.838730e-06 0.000000e+00 0.000000e+00 0.000000e+00 
3.896109e+02 3.747790e+02 1.000000e+00 -6.857864e-08 -1.244649e-06 -3.838730e-06 0.000000e+00 0.000000e+00 0.000000e+00 
3.906752e+02 3.747790e+02 1.000000e+00 -7.358360e-08 -1.244556e-06 -3.838730e-06 0.000000e+00 0.000000e+00 0.000000e+00 
3.917396e+02 3.747790e+02 1.000000e+00 -7.859052e-08 -1.244456e-06 -3.838730e-06 0.000000e+00 0.000000e+00 0.000000e+00 
3.928039e+02 3.747790e+02 1.000000e+00 -8.359953e-08 -1.244350e-06 -3.838730e-06 0.000000e+00 0.000000e+00 0.000000e+00 
3.938683e+02 3.747790e+02 1.000000e+00 -8.861076e-08 -1.244237e-06 -3.838730e-06 0.000000e+00 0.000000e+00 0.000000e+00 
3.949326e+02 3.747790e+02 1.000000e+00 -9.362434e-08 -1.244118e-06 -3.838730e-06 0.000000e+00 0.000000e+00 0.000000e+00 
3.959970e+02 3.747790e+02 1.000000e+00 -9.864042e-08 -1.243992e-06 -3.838730e-06 0.000000e+00 0.000000e+00 0.000000e+00 
3.970613e+02 3.747790e+02 1.000000e+00 -1.036591e-07 -1.243860e-06 -3.838730e-06 0.000000e+00 0.000000e+00 0.000000e+00 
3.981257e+02 3.747790e+02 1.000000e+00 -1.086806e-07 -1.243721e-06 -3.838730e-06 0.000000e+00 0.000000e+00 0.000000e+00 
3.991900e+02 3.747790e+02 1.000000e+00 -1.137049e-07 -1.243576e-06 -3.838730e-06 0.000000e+00 0.000000e+00 0.000000e+00 
