# 1,2,3, 4    , 5    , 6    , 7    , 8    , 9     
# x,y,z, Bx_si, By_si, Bz_si, Bx_th, By_th, Bz_th 
2.252300e+02 2.497790e+02 1.000000e+00 5.893633e-09 -1.820542e-07 -5.662397e-07 0.000000e+00 0.000000e+00 0.000000e+00 
2.262943e+02 2.497790e+02 1.000000e+00 5.630147e-09 -1.821109e-07 -5.659572e-07 0.000000e+00 0.000000e+00 0.000000e+00 
2.273587e+02 2.497790e+02 1.000000e+00 5.368031e-09 -1.821650e-07 -5.656875e-07 0.000000e+00 0.000000e+00 0.000000e+00 
2.284230e+02 2.497790e+02 1.000000e+00 5.107219e-09 -1.822167e-07 -5.654306e-07 0.000000e+00 0.000000e+00 0.000000e+00 
2.294874e+02 2.497790e+02 1.000000e+00 4.847647e-09 -1.822659e-07 -5.651864e-07 0.000000e+00 0.000000e+00 0.000000e+00 
2.305517e+02 2.497790e+02 1.000000e+00 4.589247e-09 -1.823126e-07 -5.649550e-07 0.000000e+00 0.000000e+00 0.000000e+00 
2.316161e+02 2.497790e+02 1.000000e+00 4.331957e-09 -1.823568e-07 -5.647362e-07 0.000000e+00 0.000000e+00 0.000000e+00 
2.326804e+02 2.497790e+02 1.000000e+00 4.075712e-09 -1.823985e-07 -5.645299e-07 0.000000e+00 0.000000e+00 0.000000e+00 
2.337448e+02 2.497790e+02 1.000000e+00 3.820448e-09 -1.824377e-07 -5.643362e-07 0.000000e+00 0.000000e+00 0.000000e+00 
2.348091e+02 2.497790e+02 1.000000e+00 3.566104e-09 -1.824744e-07 -5.641550e-07 0.000000e+00 0.000000e+00 0.000000e+00 
2.358735e+02 2.497790e+02 1.000000e+00 3.312616e-09 -1.825086e-07 -5.639863e-07 0.000000e+00 0.000000e+00 0.000000e+00 
2.369378e+02 2.497790e+02 1.000000e+00 3.059923e-09 -1.825404e-07 -5.638299e-07 0.000000e+00 0.000000e+00 0.000000e+00 
2.380022e+02 2.497790e+02 1.000000e+00 2.807963e-09 -1.825696e-07 -5.636860e-07 0.000000e+00 0.000000e+00 0.000000e+00 
2.390665e+02 2.497790e+02 1.000000e+00 2.556675e-09 -1.825964e-07 -5.635544e-07 0.000000e+00 0.000000e+00 0.000000e+00 
2.401309e+02 2.497790e+02 1.000000e+00 2.305999e-09 -1.826207e-07 -5.634350e-07 0.000000e+00 0.000000e+00 0.000000e+00 
2.411952e+02 2.497790e+02 1.000000e+00 2.055874e-09 -1.826425e-07 -5.633280e-07 0.000000e+00 0.000000e+00 0.000000e+00 
2.422596e+02 2.497790e+02 1.000000e+00 1.806239e-09 -1.826618e-07 -5.632333e-07 0.000000e+00 0.000000e+00 0.000000e+00 
2.433239e+02 2.497790e+02 1.000000e+00 1.557035e-09 -1.826786e-07 -5.631507e-07 0.000000e+00 0.000000e+00 0.000000e+00 
2.443883e+02 2.497790e+02 1.000000e+00 1.308202e-09 -1.826930e-07 -5.630804e-07 0.000000e+00 0.000000e+00 0.000000e+00 
2.454526e+02 2.497790e+02 1.000000e+00 1.059682e-09 -1.827048e-07 -5.630223e-07 0.000000e+00 0.000000e+00 0.000000e+00 
2.465170e+02 2.497790e+02 1.000000e+00 8.114131e-10 -1.827142e-07 -5.629764e-07 0.000000e+00 0.000000e+00 0.000000e+00 
2.475813e+02 2.497790e+02 1.000000e+00 5.633377e-10 -1.827211e-07 -5.629427e-07 0.000000e+00 0.000000e+00 0.000000e+00 
2.486457e+02 2.497790e+02 1.000000e+00 3.153962e-10 -1.827255e-07 -5.629211e-07 0.000000e+00 0.000000e+00 0.000000e+00 
2.497100e+02 2.497790e+02 1.000000e+00 6.753035e-11 -1.827274e-07 -5.629117e-07 0.000000e+00 0.000000e+00 0.000000e+00 
2.507743e+02 2.497790e+02 1.000000e+00 -1.803200e-10 -1.827268e-07 -5.629145e-07 0.000000e+00 0.000000e+00 0.000000e+00 
2.518387e+02 2.497790e+02 1.000000e+00 -4.282129e-10 -1.827238e-07 -5.629294e-07 0.000000e+00 0.000000e+00 0.000000e+00 
2.529030e+02 2.497790e+02 1.000000e+00 -6.762082e-10 -1.827183e-07 -5.629565e-07 0.000000e+00 0.000000e+00 0.000000e+00 
2.539674e+02 2.497790e+02 1.000000e+00 -9.243640e-10 -1.827102e-07 -5.629958e-07 0.000000e+00 0.000000e+00 0.000000e+00 
2.550317e+02 2.497790e+02 1.000000e+00 -1.172740e-09 -1.826997e-07 -5.630472e-07 0.000000e+00 0.000000e+00 0.000000e+00 
2.560961e+02 2.497790e+02 1.000000e+00 -1.421396e-09 -1.826868e-07 -5.631109e-07 0.000000e+00 0.000000e+00 0.000000e+00 
2.571604e+02 2.497790e+02 1.000000e+00 -1.670390e-09 -1.826713e-07 -5.631868e-07 0.000000e+00 0.000000e+00 0.000000e+00 
2.582248e+02 2.497790e+02 1.000000e+00 -1.919782e-09 -1.826533e-07 -5.632749e-07 0.000000e+00 0.000000e+00 0.000000e+00 
2.592891e+02 2.497790e+02 1.000000e+00 -2.169632e-09 -1.826329e-07 -5.633752e-07 0.000000e+00 0.000000e+00 0.000000e+00 
2.603535e+02 2.497790e+02 1.000000e+00 -2.420001e-09 -1.826100e-07 -5.634878e-07 0.000000e+00 0.000000e+00 0.000000e+00 
2.614178e+02 2.497790e+02 1.000000e+00 -2.670948e-09 -1.825845e-07 -5.636127e-07 0.000000e+00 0.000000e+00 0.000000e+00 
2.624822e+02 2.497790e+02 1.000000e+00 -2.922534e-09 -1.825566e-07 -5.637500e-07 0.000000e+00 0.000000e+00 0.000000e+00 
2.635465e+02 2.497790e+02 1.000000e+00 -3.174820e-09 -1.825263e-07 -5.638995e-07 0.000000e+00 0.000000e+00 0.000000e+00 
2.646109e+02 2.497790e+02 1.000000e+00 -3.427867e-09 -1.824934e-07 -5.640615e-07 0.000000e+00 0.000000e+00 0.000000e+00 
2.656752e+02 2.497790e+02 1.000000e+00 -3.681737e-09 -1.824580e-07 -5.642359e-07 0.000000e+00 0.000000e+00 0.000000e+00 
2.667396e+02 2.497790e+02 1.000000e+00 -3.936492e-09 -1.824202e-07 -5.644228e-07 0.000000e+00 0.000000e+00 0.000000e+00 
2.678039e+02 2.497790e+02 1.000000e+00 -4.192194e-09 -1.823798e-07 -5.646222e-07 0.000000e+00 0.000000e+00 0.000000e+00 
2.688683e+02 2.497790e+02 1.000000e+00 -4.448908e-09 -1.823370e-07 -5.648342e-07 0.000000e+00 0.000000e+00 0.000000e+00 
2.699326e+02 2.497790e+02 1.000000e+00 -4.706695e-09 -1.822916e-07 -5.650587e-07 0.000000e+00 0.000000e+00 0.000000e+00 
2.709970e+02 2.497790e+02 1.000000e+00 -4.965620e-09 -1.822438e-07 -5.652960e-07 0.000000e+00 0.000000e+00 0.000000e+00 
2.720613e+02 2.497790e+02 1.000000e+00 -5.225748e-09 -1.821935e-07 -5.655459e-07 0.000000e+00 0.000000e+00 0.000000e+00 
2.731257e+02 2.497790e+02 1.000000e+00 -5.487145e-09 -1.821407e-07 -5.658086e-07 0.000000e+00 0.000000e+00 0.000000e+00 
2.741900e+02 2.497790e+02 1.000000e+00 -5.749876e-09 -1.820854e-07 -5.660842e-07 0.000000e+00 0.000000e+00 0.000000e+00 
