# 1 , 2 , 3 , 4      , 5      , 6      , 7      , 8      , 9      , 10 (pm), 11 (pm), 12 (pm)  
# xm, ym, zm, IGRF_In, IGRF_Ic, IGRF_Dc, In_siB0, Ic_siB0, Dc_siB0, Bx_siB0, By_siB0, Bz_siB0  
1.002300e+02 1.247790e+02 1.254321e+00 4.518274e-05 5.346856e+01 3.327694e+00 4.447497e-05 5.341711e+01 7.390922e+00 2.628619e-05 3.409745e-06 3.571320e-05 
1.012943e+02 1.247790e+02 2.301620e+00 4.518274e-05 5.346856e+01 3.327694e+00 4.494440e-05 5.390432e+01 7.893921e+00 2.622743e-05 3.636521e-06 3.631662e-05 
1.023587e+02 1.247790e+02 3.257986e+00 4.518274e-05 5.346856e+01 3.327694e+00 4.550492e-05 5.451847e+01 8.027033e+00 2.615411e-05 3.688305e-06 3.705478e-05 
1.034230e+02 1.247790e+02 4.055393e+00 4.518274e-05 5.346856e+01 3.327694e+00 4.608074e-05 5.519462e+01 7.533548e+00 2.607542e-05 3.448428e-06 3.783670e-05 
1.044874e+02 1.247790e+02 4.637121e+00 4.518274e-05 5.346856e+01 3.327694e+00 4.653562e-05 5.578035e+01 6.335308e+00 2.601028e-05 2.887786e-06 3.847974e-05 
1.055517e+02 1.247790e+02 4.961791e+00 4.518274e-05 5.346856e+01 3.327694e+00 4.677001e-05 5.613687e+01 4.677802e+00 2.597395e-05 2.125316e-06 3.883646e-05 
1.066161e+02 1.247790e+02 5.006309e+00 4.518274e-05 5.346856e+01 3.327694e+00 4.677541e-05 5.622878e+01 2.868606e+00 2.596885e-05 1.301260e-06 3.888270e-05 
1.076804e+02 1.247790e+02 4.767509e+00 4.518274e-05 5.346856e+01 3.327694e+00 4.655735e-05 5.605186e+01 1.116840e+00 2.599466e-05 5.067661e-07 3.862134e-05 
1.087448e+02 1.247790e+02 4.262376e+00 4.518274e-05 5.346856e+01 3.327694e+00 4.611827e-05 5.560572e+01 -2.969812e-01 2.605115e-05 -1.350321e-07 3.805541e-05 
1.098091e+02 1.247790e+02 3.526841e+00 4.518274e-05 5.346856e+01 3.327694e+00 4.553661e-05 5.498013e+01 -1.056026e+00 2.612722e-05 -4.816090e-07 3.729234e-05 
1.108735e+02 1.247790e+02 2.613223e+00 4.518274e-05 5.346856e+01 3.327694e+00 4.495310e-05 5.433748e+01 -1.118077e+00 2.620311e-05 -5.113956e-07 3.652282e-05 
1.119378e+02 1.247790e+02 1.586508e+00 4.518274e-05 5.346856e+01 3.327694e+00 4.446049e-05 5.378471e+01 -7.185955e-01 2.626613e-05 -3.294433e-07 3.587084e-05 
1.130022e+02 1.247790e+02 5.197270e-01 4.518274e-05 5.346856e+01 3.327694e+00 4.407765e-05 5.334509e+01 -9.768280e-02 2.631405e-05 -4.486252e-08 3.536110e-05 
1.140665e+02 1.247790e+02 -5.112402e-01 4.518274e-05 5.346856e+01 3.327694e+00 4.379003e-05 5.300460e+01 5.916724e-01 2.634929e-05 2.721090e-07 3.497439e-05 
1.151309e+02 1.247790e+02 -1.433060e+00 4.518274e-05 5.346856e+01 3.327694e+00 4.357941e-05 5.274521e+01 1.280146e+00 2.637467e-05 5.893811e-07 3.468709e-05 
1.161952e+02 1.247790e+02 -2.180163e+00 4.518274e-05 5.346856e+01 3.327694e+00 4.343304e-05 5.255498e+01 1.936100e+00 2.639221e-05 8.921672e-07 3.448310e-05 
1.172596e+02 1.247790e+02 -2.699407e+00 4.518274e-05 5.346856e+01 3.327694e+00 4.334328e-05 5.242701e+01 2.558744e+00 2.640315e-05 1.179910e-06 3.435290e-05 
1.183239e+02 1.247790e+02 -2.953858e+00 4.518274e-05 5.346856e+01 3.327694e+00 4.330627e-05 5.235793e+01 3.156641e+00 2.640817e-05 1.456400e-06 3.429170e-05 
1.193883e+02 1.247790e+02 -2.925418e+00 4.518274e-05 5.346856e+01 3.327694e+00 4.332087e-05 5.234644e+01 3.747202e+00 2.640751e-05 1.729545e-06 3.429795e-05 
1.204526e+02 1.247790e+02 -2.616108e+00 4.518274e-05 5.346856e+01 3.327694e+00 4.338744e-05 5.239206e+01 4.349406e+00 2.640115e-05 2.008008e-06 3.437174e-05 
1.215170e+02 1.247790e+02 -2.047931e+00 4.518274e-05 5.346856e+01 3.327694e+00 4.350817e-05 5.249569e+01 4.978632e+00 2.638875e-05 2.298800e-06 3.451536e-05 
1.225813e+02 1.247790e+02 -1.261301e+00 4.518274e-05 5.346856e+01 3.327694e+00 4.368771e-05 5.266079e+01 5.644372e+00 2.636955e-05 2.606176e-06 3.473429e-05 
1.236457e+02 1.247790e+02 -3.121711e-01 4.518274e-05 5.346856e+01 3.327694e+00 4.393373e-05 5.289516e+01 6.336324e+00 2.634223e-05 2.925114e-06 3.503860e-05 
1.247100e+02 1.247790e+02 7.319463e-01 4.518274e-05 5.346856e+01 3.327694e+00 4.425987e-05 5.321516e+01 7.023218e+00 2.630447e-05 3.240603e-06 3.544728e-05 
1.257743e+02 1.247790e+02 1.796783e+00 4.518274e-05 5.346856e+01 3.327694e+00 4.468119e-05 5.364359e+01 7.619326e+00 2.625344e-05 3.511970e-06 3.598377e-05 
1.268387e+02 1.247790e+02 2.806596e+00 4.518274e-05 5.346856e+01 3.327694e+00 4.520340e-05 5.419979e+01 7.963590e+00 2.618721e-05 3.663404e-06 3.666275e-05 
1.279030e+02 1.247790e+02 3.689557e+00 4.518274e-05 5.346856e+01 3.327694e+00 4.578790e-05 5.486141e+01 7.799892e+00 2.610968e-05 3.576532e-06 3.744362e-05 
1.289674e+02 1.247790e+02 4.382861e+00 4.518274e-05 5.346856e+01 3.327694e+00 4.632192e-05 5.551443e+01 6.931322e+00 2.603573e-05 3.165112e-06 3.818171e-05 
1.300317e+02 1.247790e+02 4.837193e+00 4.518274e-05 5.346856e+01 3.327694e+00 4.667198e-05 5.599373e+01 5.452839e+00 2.598475e-05 2.480462e-06 3.868997e-05 
1.310961e+02 1.247790e+02 5.020236e+00 4.518274e-05 5.346856e+01 3.327694e+00 4.678969e-05 5.621483e+01 3.686452e+00 2.596500e-05 1.672916e-06 3.888824e-05 
1.321604e+02 1.247790e+02 4.918969e+00 4.518274e-05 5.346856e+01 3.327694e+00 4.668396e-05 5.617058e+01 1.880987e+00 2.597600e-05 8.530831e-07 3.878030e-05 
1.332248e+02 1.247790e+02 4.540597e+00 4.518274e-05 5.346856e+01 3.327694e+00 4.635174e-05 5.585209e+01 2.595847e-01 2.601841e-05 1.178800e-07 3.836029e-05 
1.342891e+02 1.247790e+02 3.912033e+00 4.518274e-05 5.346856e+01 3.327694e+00 4.582571e-05 5.529570e+01 -8.446817e-01 2.608763e-05 -3.846241e-07 3.767337e-05 
1.353535e+02 1.247790e+02 3.077987e+00 4.518274e-05 5.346856e+01 3.327694e+00 4.522787e-05 5.464232e+01 -1.225989e+00 2.616642e-05 -5.599827e-07 3.688583e-05 
1.364178e+02 1.247790e+02 2.097785e+00 4.518274e-05 5.346856e+01 3.327694e+00 4.468681e-05 5.403998e+01 -1.013518e+00 2.623691e-05 -4.641590e-07 3.617071e-05 
1.374822e+02 1.247790e+02 1.041149e+00 4.518274e-05 5.346856e+01 3.327694e+00 4.425238e-05 5.354655e+01 -4.711171e-01 2.629253e-05 -2.161964e-07 3.559395e-05 
1.385465e+02 1.247790e+02 -1.676191e-02 4.518274e-05 5.346856e+01 3.327694e+00 4.392240e-05 5.316156e+01 2.018184e-01 2.633399e-05 9.275911e-08 3.515239e-05 
1.396109e+02 1.247790e+02 -1.000698e+00 4.518274e-05 5.346856e+01 3.327694e+00 4.367754e-05 5.286555e+01 8.998043e-01 2.636433e-05 4.140739e-07 3.482065e-05 
1.406752e+02 1.247790e+02 -1.840670e+00 4.518274e-05 5.346856e+01 3.327694e+00 4.350311e-05 5.264456e+01 1.576575e+00 2.638586e-05 7.262275e-07 3.458005e-05 
1.417396e+02 1.247790e+02 -2.476933e+00 4.518274e-05 5.346856e+01 3.327694e+00 4.338788e-05 5.248789e+01 2.217684e+00 2.640035e-05 1.022360e-06 3.441634e-05 
1.428039e+02 1.247790e+02 -2.864227e+00 4.518274e-05 5.346856e+01 3.327694e+00 4.332714e-05 5.239174e+01 2.826869e+00 2.640862e-05 1.304011e-06 3.432384e-05 
1.438683e+02 1.247790e+02 -2.975005e+00 4.518274e-05 5.346856e+01 3.327694e+00 4.331832e-05 5.235365e+01 3.418819e+00 2.641113e-05 1.577816e-06 3.429926e-05 
1.449326e+02 1.247790e+02 -2.801387e+00 4.518274e-05 5.346856e+01 3.327694e+00 4.336105e-05 5.237277e+01 4.011882e+00 2.640799e-05 1.852130e-06 3.434194e-05 
1.459970e+02 1.247790e+02 -2.355722e+00 4.518274e-05 5.346856e+01 3.327694e+00 4.345667e-05 5.244932e+01 4.624281e+00 2.639902e-05 2.135275e-06 3.445308e-05 
1.470613e+02 1.247790e+02 -1.669711e+00 4.518274e-05 5.346856e+01 3.327694e+00 4.360800e-05 5.258471e+01 5.268649e+00 2.638375e-05 2.432986e-06 3.463577e-05 
1.481257e+02 1.247790e+02 -7.921498e-01 4.518274e-05 5.346856e+01 3.327694e+00 4.382201e-05 5.278551e+01 5.945211e+00 2.636102e-05 2.745171e-06 3.489884e-05 
1.491900e+02 1.247790e+02 2.145401e-01 4.518274e-05 5.346856e+01 3.327694e+00 4.410836e-05 5.306220e+01 6.637069e+00 2.632917e-05 3.063653e-06 3.525529e-05 
