# 1    , 2      , 3      , 4      , 5      , 6      , 7       
# dmeas, Bx_siB0, By_siB0, Bz_siB0, In_siB0, Ic_siB0, Dc_siB0 
0.000000e+00 2.661136e-05 3.369316e-06 3.467354e-05 4.383802e-05 5.227409e+01 7.215934e+00 
0.000000e+00 2.655301e-05 3.598089e-06 3.527887e-05 4.430133e-05 5.278191e+01 7.716912e+00 
0.000000e+00 2.648008e-05 3.651835e-06 3.601885e-05 4.485408e-05 5.341975e+01 7.852060e+00 
0.000000e+00 2.640177e-05 3.413885e-06 3.680249e-05 4.542171e-05 5.411940e+01 7.367759e+00 
0.000000e+00 2.633698e-05 2.855139e-06 3.744717e-05 4.587024e-05 5.472323e+01 6.187157e+00 
0.000000e+00 2.630099e-05 2.094533e-06 3.780543e-05 4.610184e-05 5.508897e+01 4.553258e+00 
0.000000e+00 2.629621e-05 1.272314e-06 3.785313e-05 4.610823e-05 5.518127e+01 2.770034e+00 
0.000000e+00 2.632232e-05 4.796298e-07 3.759313e-05 4.589486e-05 5.499622e+01 1.043895e+00 
0.000000e+00 2.637909e-05 -1.603830e-07 3.702848e-05 4.546417e-05 5.453342e+01 -3.483500e-01 
0.000000e+00 2.645543e-05 -5.051975e-07 3.626661e-05 4.489334e-05 5.388537e+01 -1.093997e+00 
0.000000e+00 2.653157e-05 -5.332430e-07 3.549820e-05 4.432077e-05 5.321979e+01 -1.151400e+00 
0.000000e+00 2.659482e-05 -3.495692e-07 3.484724e-05 4.383762e-05 5.264736e+01 -7.530672e-01 
0.000000e+00 2.664296e-05 -6.328490e-08 3.433845e-05 4.346240e-05 5.219229e+01 -1.360942e-01 
0.000000e+00 2.667838e-05 2.553737e-07 3.395259e-05 4.318078e-05 5.184009e+01 5.484362e-01 
0.000000e+00 2.670394e-05 5.743180e-07 3.366607e-05 4.297481e-05 5.157208e+01 1.232062e+00 
0.000000e+00 2.672164e-05 8.787630e-07 3.346278e-05 4.283195e-05 5.137585e+01 1.883540e+00 
0.000000e+00 2.673272e-05 1.168153e-06 3.333319e-05 4.274464e-05 5.124423e+01 2.502089e+00 
0.000000e+00 2.673786e-05 1.446279e-06 3.327253e-05 4.270909e-05 5.117371e+01 3.096172e+00 
0.000000e+00 2.673730e-05 1.721052e-06 3.327923e-05 4.272415e-05 5.116295e+01 3.682988e+00 
0.000000e+00 2.673103e-05 2.001136e-06 3.335340e-05 4.279021e-05 5.121148e+01 4.281286e+00 
0.000000e+00 2.671870e-05 2.293542e-06 3.349731e-05 4.290943e-05 5.132027e+01 4.906262e+00 
0.000000e+00 2.669955e-05 2.602528e-06 3.371646e-05 4.308641e-05 5.149292e+01 5.567297e+00 
0.000000e+00 2.667226e-05 2.923072e-06 3.402091e-05 4.332870e-05 5.173751e+01 6.254213e+00 
0.000000e+00 2.663451e-05 3.240166e-06 3.442966e-05 4.364971e-05 5.207087e+01 6.936116e+00 
0.000000e+00 2.658348e-05 3.513137e-06 3.496613e-05 4.406420e-05 5.251635e+01 7.528294e+00 
0.000000e+00 2.651723e-05 3.666177e-06 3.564501e-05 4.457770e-05 5.309339e+01 7.871607e+00 
0.000000e+00 2.643966e-05 3.580912e-06 3.642570e-05 4.515208e-05 5.377802e+01 7.713045e+00 
0.000000e+00 2.636565e-05 3.171104e-06 3.716355e-05 4.567639e-05 5.445183e+01 6.858253e+00 
0.000000e+00 2.631459e-05 2.488071e-06 3.767147e-05 4.601943e-05 5.494481e+01 5.401315e+00 
0.000000e+00 2.629474e-05 1.682148e-06 3.786933e-05 4.613382e-05 5.517080e+01 3.660383e+00 
0.000000e+00 2.630563e-05 8.639472e-07 3.776089e-05 4.602845e-05 5.512302e+01 1.881070e+00 
0.000000e+00 2.634791e-05 1.303853e-07 3.734031e-05 4.570042e-05 5.479227e+01 2.835316e-01 
0.000000e+00 2.641699e-05 -3.704666e-07 3.665274e-05 4.518205e-05 5.421564e+01 -8.034519e-01 
0.000000e+00 2.649562e-05 -5.441604e-07 3.586447e-05 4.459343e-05 5.353833e+01 -1.176561e+00 
0.000000e+00 2.656592e-05 -4.466579e-07 3.514853e-05 4.406094e-05 5.291343e+01 -9.632342e-01 
0.000000e+00 2.662134e-05 -1.970009e-07 3.457088e-05 4.363347e-05 5.240114e+01 -4.239875e-01 
0.000000e+00 2.666257e-05 1.136661e-07 3.412833e-05 4.330876e-05 5.200121e+01 2.442580e-01 
0.000000e+00 2.669268e-05 4.367111e-07 3.379553e-05 4.306771e-05 5.169358e+01 9.373158e-01 
0.000000e+00 2.671395e-05 7.506153e-07 3.355378e-05 4.289586e-05 5.146382e+01 1.609488e+00 
0.000000e+00 2.672817e-05 1.048520e-06 3.338884e-05 4.278211e-05 5.130081e+01 2.246506e+00 
0.000000e+00 2.673615e-05 1.331968e-06 3.329502e-05 4.272182e-05 5.120060e+01 2.852061e+00 
0.000000e+00 2.673835e-05 1.607595e-06 3.326904e-05 4.271244e-05 5.116066e+01 3.440663e+00 
0.000000e+00 2.673488e-05 1.883758e-06 3.331022e-05 4.275363e-05 5.118009e+01 4.030438e+00 
0.000000e+00 2.672556e-05 2.168781e-06 3.341978e-05 4.284671e-05 5.125917e+01 4.639390e+00 
0.000000e+00 2.670992e-05 2.468402e-06 3.360079e-05 4.299449e-05 5.139939e+01 5.280002e+00 
0.000000e+00 2.668681e-05 2.782529e-06 3.386209e-05 4.320382e-05 5.160757e+01 5.952498e+00 
0.000000e+00 2.665457e-05 3.102989e-06 3.421669e-05 4.348421e-05 5.189454e+01 6.640193e+00 
