# 1,2,3, 4    , 5    , 6    , 7    , 8    , 9     
# x,y,z, Bx_si, By_si, Bz_si, In_si, Ic_si, Dc_si 
1.002300e+02 1.247790e+02 1.254321e+00 1.808116e-06 -2.389383e-07 1.632155e-06 2.447510e-06 -4.182545e+01 9.752789e+01 
1.012943e+02 1.247790e+02 2.301620e+00 2.036889e-06 -2.972863e-07 1.026827e-06 2.300363e-06 -2.651140e+01 9.830375e+01 
1.023587e+02 1.247790e+02 3.257986e+00 2.090635e-06 -3.702196e-07 2.868502e-07 2.142452e-06 -7.694367e+00 1.000421e+02 
1.034230e+02 1.247790e+02 4.055393e+00 1.852685e-06 -4.485292e-07 -4.967921e-07 1.969879e-06 1.460739e+01 1.036093e+02 
1.044874e+02 1.247790e+02 4.637121e+00 1.293939e-06 -5.133187e-07 -1.141468e-06 1.800201e-06 3.935164e+01 1.116387e+02 
1.055517e+02 1.247790e+02 4.961791e+00 5.333334e-07 -5.493116e-07 -1.499733e-06 1.683860e-06 6.295522e+01 1.358455e+02 
1.066161e+02 1.247790e+02 5.006309e+00 -2.888865e-07 -5.540926e-07 -1.547429e-06 1.668835e-06 6.801027e+01 -1.524639e+02 
1.076804e+02 1.247790e+02 4.767509e+00 -1.081570e-06 -5.279812e-07 -1.287432e-06 1.762396e-06 4.692841e+01 -1.160199e+02 
1.087448e+02 1.247790e+02 4.262376e+00 -1.721583e-06 -4.712056e-07 -7.227781e-07 1.925692e-06 2.204497e+01 -1.053072e+02 
1.098091e+02 1.247790e+02 3.526841e+00 -2.066397e-06 -3.948667e-07 3.908957e-08 2.104150e-06 -1.064466e+00 -1.008182e+02 
1.108735e+02 1.247790e+02 2.613223e+00 -2.094443e-06 -3.187271e-07 8.075020e-07 2.267231e-06 -2.086469e+01 -9.865274e+01 
1.119378e+02 1.247790e+02 1.586508e+00 -1.910769e-06 -2.554795e-07 1.458456e-06 2.417313e-06 -3.710931e+01 -9.761557e+01 
1.130022e+02 1.247790e+02 5.197270e-01 -1.624485e-06 -2.073435e-07 1.967254e-06 2.559693e-06 -5.022391e+01 -9.727370e+01 
1.140665e+02 1.247790e+02 -5.112402e-01 -1.305826e-06 -1.719172e-07 2.353108e-06 2.696638e-06 -6.076315e+01 -9.750008e+01 
1.151309e+02 1.247790e+02 -1.433060e+00 -9.868820e-07 -1.463584e-07 2.639633e-06 2.821882e-06 -6.929541e+01 -9.843570e+01 
1.161952e+02 1.247790e+02 -2.180163e+00 -6.824370e-07 -1.286625e-07 2.842920e-06 2.926512e-06 -7.627279e+01 -1.006769e+02 
1.172596e+02 1.247790e+02 -2.699407e+00 -3.930474e-07 -1.175790e-07 2.972512e-06 3.000690e-06 -8.214185e+01 -1.066544e+02 
1.183239e+02 1.247790e+02 -2.953858e+00 -1.149208e-07 -1.124392e-07 3.033171e-06 3.037430e-06 -8.696580e+01 -1.343746e+02 
1.193883e+02 1.247790e+02 -2.925418e+00 1.598519e-07 -1.129971e-07 3.026466e-06 3.032790e-06 -8.629916e+01 1.252560e+02 
1.204526e+02 1.247790e+02 -2.616108e+00 4.399359e-07 -1.192726e-07 2.952296e-06 2.987277e-06 -8.122316e+01 1.051690e+02 
1.215170e+02 1.247790e+02 -2.047931e+00 7.323419e-07 -1.316042e-07 2.808386e-06 2.905284e-06 -7.516062e+01 1.001875e+02 
1.225813e+02 1.247790e+02 -1.261301e+00 1.041328e-06 -1.507541e-07 2.589239e-06 2.794862e-06 -6.788475e+01 9.823753e+01 
1.236457e+02 1.247790e+02 -3.121711e-01 1.361872e-06 -1.780425e-07 2.284786e-06 2.665829e-06 -5.898853e+01 9.744825e+01 
1.247100e+02 1.247790e+02 7.319463e-01 1.678966e-06 -2.157889e-07 1.876045e-06 2.526863e-06 -4.793970e+01 9.732378e+01 
1.257743e+02 1.247790e+02 1.796783e+00 1.951937e-06 -2.668237e-07 1.339569e-06 2.382372e-06 -3.421387e+01 9.778391e+01 
1.268387e+02 1.247790e+02 2.806596e+00 2.104977e-06 -3.330719e-07 6.606909e-07 2.231227e-06 -1.722417e+01 9.899141e+01 
1.279030e+02 1.247790e+02 3.689557e+00 2.019712e-06 -4.106392e-07 -1.200033e-07 2.064525e-06 3.332272e+00 1.014925e+02 
1.289674e+02 1.247790e+02 4.382861e+00 1.609904e-06 -4.846503e-07 -8.578452e-07 1.887479e-06 2.703230e+01 1.067541e+02 
1.300317e+02 1.247790e+02 4.837193e+00 9.268706e-07 -5.357063e-07 -1.365768e-06 1.735337e-06 5.190916e+01 1.200268e+02 
1.310961e+02 1.247790e+02 5.020236e+00 1.209480e-07 -5.555563e-07 -1.563625e-06 1.663789e-06 7.001759e+01 1.677180e+02 
1.321604e+02 1.247790e+02 4.918969e+00 -6.972528e-07 -5.446676e-07 -1.455194e-06 1.703060e-06 5.869995e+01 -1.279956e+02 
1.332248e+02 1.247790e+02 4.540597e+00 -1.430815e-06 -5.023851e-07 -1.034613e-06 1.835769e-06 3.430415e+01 -1.093471e+02 
1.342891e+02 1.247790e+02 3.912033e+00 -1.931667e-06 -4.333107e-07 -3.470400e-07 2.009858e-06 9.943031e+00 -1.026433e+02 
1.353535e+02 1.247790e+02 3.077987e+00 -2.105360e-06 -3.546842e-07 4.412300e-07 2.180144e-06 -1.167650e+01 -9.956267e+01 
1.364178e+02 1.247790e+02 2.097785e+00 -2.007858e-06 -2.843788e-07 1.157170e-06 2.334825e-06 -2.971019e+01 -9.806135e+01 
1.374822e+02 1.247790e+02 1.041149e+00 -1.758201e-06 -2.289649e-07 1.734822e-06 2.480585e-06 -4.437569e+01 -9.741969e+01 
1.385465e+02 1.247790e+02 -1.676191e-02 -1.447534e-06 -1.877254e-07 2.177370e-06 2.621361e-06 -5.616306e+01 -9.738924e+01 
1.396109e+02 1.247790e+02 -1.000698e+00 -1.124489e-06 -1.576217e-07 2.510165e-06 2.755041e-06 -6.566021e+01 -9.797927e+01 
1.406752e+02 1.247790e+02 -1.840670e+00 -8.105847e-07 -1.363483e-07 2.751920e-06 2.872055e-06 -7.336961e+01 -9.954833e+01 
1.417396e+02 1.247790e+02 -2.476933e+00 -5.126797e-07 -1.221275e-07 2.916863e-06 2.964092e-06 -7.975817e+01 -1.033989e+02 
1.428039e+02 1.247790e+02 -2.864227e+00 -2.292318e-07 -1.141527e-07 3.010680e-06 3.021551e-06 -8.513824e+01 -1.164724e+02 
1.438683e+02 1.247790e+02 -2.975005e+00 4.639473e-08 -1.119529e-07 3.036659e-06 3.039077e-06 -8.771468e+01 1.574903e+02 
1.449326e+02 1.247790e+02 -2.801387e+00 3.225577e-07 -1.154204e-07 2.995483e-06 3.015010e-06 -8.347557e+01 1.096887e+02 
1.459970e+02 1.247790e+02 -2.355722e+00 6.075810e-07 -1.247391e-07 2.885924e-06 2.951825e-06 -7.787030e+01 1.016019e+02 
1.470613e+02 1.247790e+02 -1.669711e+00 9.072020e-07 -1.403755e-07 2.704912e-06 2.856444e-06 -7.125372e+01 9.879588e+01 
1.481257e+02 1.247790e+02 -7.921498e-01 1.221329e-06 -1.634853e-07 2.443606e-06 2.736710e-06 -6.323983e+01 9.762421e+01 
1.491900e+02 1.247790e+02 2.145401e-01 1.541789e-06 -1.957314e-07 2.089010e-06 2.603726e-06 -5.335182e+01 9.723504e+01 
