# 1, 2, 3, 4   , 5   , 6   , 7   , 8   , 9   , 10  
# x, y, z, Bx_si, By_si, Bz_si, In_si, Ic_si, Dc_si, dmeas 
5.017029e+05 4.171113e+06 1.617170e+03 -1.211887e-06 -3.904626e-07 9.144742e-07 1.567608e-06 -3.568698e+01 -1.078586e+02 0.000000e+00 
5.017031e+05 4.171114e+06 1.616895e+03 -1.072499e-06 -2.197316e-07 1.062207e-06 1.525391e-06 -4.413493e+01 -1.015784e+02 1.313858e+00 
5.017019e+05 4.171117e+06 1.617109e+03 -9.670846e-07 -7.079418e-08 1.087027e-06 1.456671e-06 -4.826574e+01 -9.418680e+01 3.704210e+00 
5.017019e+05 4.171117e+06 1.617109e+03 -9.670846e-07 -7.079418e-08 1.087027e-06 1.456671e-06 -4.826574e+01 -9.418680e+01 3.704210e+00 
5.017032e+05 4.171117e+06 1.616563e+03 -9.642419e-07 2.788399e-08 1.204094e-06 1.542849e-06 -5.130047e+01 -8.834358e+01 5.176935e+00 
5.017055e+05 4.171118e+06 1.615680e+03 -8.904315e-07 5.329187e-08 1.526060e-06 1.767645e-06 -5.969252e+01 -8.657496e+01 7.529181e+00 
5.017065e+05 4.171119e+06 1.615216e+03 -7.743106e-07 2.195179e-07 1.746912e-06 1.923395e-06 -6.526384e+01 -7.417191e+01 9.022361e+00 
5.017076e+05 4.171120e+06 1.614730e+03 -5.864392e-07 3.248012e-07 1.993614e-06 2.103308e-06 -7.141413e+01 -6.101999e+01 1.058217e+01 
5.017092e+05 4.171121e+06 1.614184e+03 -7.808306e-08 4.491634e-07 2.255327e-06 2.300944e-06 -7.857202e+01 -9.861806e+00 1.241860e+01 
5.017108e+05 4.171122e+06 1.614059e+03 2.788214e-07 9.455548e-07 2.227474e-06 2.435868e-06 -6.612739e+01 1.642952e+01 1.455690e+01 
5.017117e+05 4.171125e+06 1.614856e+03 3.039154e-07 2.041135e-06 1.438552e-06 2.515557e-06 -3.488017e+01 8.468853e+00 1.697472e+01 
5.017148e+05 4.171124e+06 1.614502e+03 3.346144e-07 1.941159e-06 1.397048e-06 2.414913e-06 -3.534571e+01 9.780454e+00 2.015689e+01 
5.017171e+05 4.171124e+06 1.614656e+03 2.882346e-07 1.850830e-06 6.393044e-07 1.979232e-06 -1.884483e+01 8.851718e+00 2.247984e+01 
5.017185e+05 4.171125e+06 1.615438e+03 -4.645970e-07 1.777073e-06 -2.418860e-07 1.852660e-06 7.502041e+00 -1.465144e+01 2.441537e+01 
5.017205e+05 4.171126e+06 1.615311e+03 -1.134040e-06 1.354324e-06 -5.647486e-08 1.767322e-06 1.831201e+00 -3.994104e+01 2.656648e+01 
5.017212e+05 4.171125e+06 1.615059e+03 -1.091236e-06 1.153627e-06 1.214036e-07 1.592605e-06 -4.371874e+00 -4.340800e+01 2.729138e+01 
5.017228e+05 4.171125e+06 1.614581e+03 -9.399567e-07 7.555655e-07 3.875299e-07 1.266719e-06 -1.781424e+01 -5.120663e+01 2.891230e+01 
5.017246e+05 4.171127e+06 1.614514e+03 -6.156936e-07 5.248357e-07 4.908118e-07 9.462702e-07 -3.124378e+01 -4.955473e+01 3.129915e+01 
5.017253e+05 4.171127e+06 1.614509e+03 -5.923137e-07 4.569426e-07 4.608281e-07 8.786322e-07 -3.163348e+01 -5.235148e+01 3.215546e+01 
5.017265e+05 4.171128e+06 1.614426e+03 -5.435825e-07 4.487098e-07 5.042588e-07 8.666599e-07 -3.558018e+01 -5.046142e+01 3.362494e+01 
5.017280e+05 4.171130e+06 1.614390e+03 -4.738024e-07 5.614245e-07 5.213115e-07 9.008062e-07 -3.536032e+01 -4.016199e+01 3.563105e+01 
5.017284e+05 4.171131e+06 1.614577e+03 -4.636172e-07 6.303619e-07 4.818838e-07 9.189718e-07 -3.162603e+01 -3.633366e+01 3.741758e+01 
5.017281e+05 4.171132e+06 1.614749e+03 -4.171939e-07 6.814833e-07 5.355057e-07 9.618922e-07 -3.382934e+01 -3.147435e+01 3.854291e+01 
5.017282e+05 4.171134e+06 1.614910e+03 -5.027038e-07 8.119919e-07 4.920888e-07 1.074334e-06 -2.726076e+01 -3.176163e+01 3.968929e+01 
5.017307e+05 4.171134e+06 1.614524e+03 -5.715267e-07 7.718524e-07 6.544569e-07 1.162202e-06 -3.427172e+01 -3.651851e+01 4.223027e+01 
5.017298e+05 4.171138e+06 1.615441e+03 -3.689541e-07 6.482764e-07 6.407137e-07 9.833125e-07 -4.066137e+01 -2.964554e+01 4.629250e+01 
5.017313e+05 4.171139e+06 1.615538e+03 -2.595640e-07 6.191068e-07 5.814543e-07 8.881192e-07 -4.089713e+01 -2.274614e+01 4.837712e+01 
5.017329e+05 4.171141e+06 1.615528e+03 -1.406431e-07 5.444262e-07 8.844175e-07 1.048034e-06 -5.755242e+01 -1.448470e+01 5.050461e+01 
5.017342e+05 4.171141e+06 1.615445e+03 2.170375e-07 5.693548e-07 9.999434e-07 1.170964e-06 -5.864380e+01 2.086680e+01 5.177443e+01 
5.017350e+05 4.171141e+06 1.615613e+03 4.624664e-07 7.439374e-07 9.516719e-07 1.293444e-06 -4.737197e+01 3.186702e+01 5.275139e+01 
5.017362e+05 4.171142e+06 1.615985e+03 6.914286e-07 1.102251e-06 6.934599e-07 1.474421e-06 -2.805552e+01 3.209955e+01 5.418483e+01 
5.017370e+05 4.171144e+06 1.616826e+03 6.337063e-07 1.686946e-06 1.859989e-07 1.811619e-06 -5.892940e+00 2.058884e+01 5.606084e+01 
5.017375e+05 4.171145e+06 1.617645e+03 3.639469e-07 1.655659e-06 -4.506695e-07 1.754072e-06 1.488784e+01 1.239758e+01 5.748271e+01 
5.017379e+05 4.171146e+06 1.618290e+03 1.625985e-07 1.560516e-06 -8.709583e-07 1.794496e-06 2.903539e+01 5.948487e+00 5.867883e+01 
5.017395e+05 4.171147e+06 1.618793e+03 -2.738870e-07 1.041629e-06 -1.498198e-06 1.845157e-06 5.428813e+01 -1.473194e+01 6.056182e+01 
5.017400e+05 4.171148e+06 1.619087e+03 -5.386640e-07 5.184015e-07 -1.400119e-06 1.587209e-06 6.189995e+01 -4.609815e+01 6.153753e+01 
5.017407e+05 4.171148e+06 1.619057e+03 -6.136404e-07 3.302853e-07 -1.213919e-06 1.399730e-06 6.014094e+01 -6.170912e+01 6.232824e+01 
5.017419e+05 4.171149e+06 1.618937e+03 -6.577883e-07 1.189493e-07 -9.265382e-07 1.142501e-06 5.419120e+01 -7.974984e+01 6.365586e+01 
5.017440e+05 4.171149e+06 1.618666e+03 -5.556863e-07 1.821973e-08 -6.285437e-07 8.391581e-07 4.850530e+01 -8.812207e+01 6.578729e+01 
