# 1    , 2      , 3      , 4      , 5      , 6      , 7       
# dmeas, Bx_siB0, By_siB0, Bz_siB0, In_siB0, Ic_siB0, Dc_siB0 
0.000000e+00 2.649694e-05 3.482134e-07 3.532913e-05 4.416284e-05 5.312763e+01 7.529175e-01 
1.313858e+00 2.666767e-05 4.876015e-07 3.518139e-05 4.414898e-05 5.283308e+01 1.047500e+00 
3.704210e+00 2.681661e-05 5.930154e-07 3.515657e-05 4.422066e-05 5.265771e+01 1.266817e+00 
3.704210e+00 2.681661e-05 5.930154e-07 3.515657e-05 4.422066e-05 5.265771e+01 1.266817e+00 
5.176935e+00 2.691528e-05 5.958581e-07 3.503951e-05 4.418772e-05 5.246387e+01 1.268223e+00 
7.529181e+00 2.694069e-05 6.696685e-07 3.471754e-05 4.394948e-05 5.218009e+01 1.423916e+00 
9.022361e+00 2.710692e-05 7.857894e-07 3.449669e-05 4.387965e-05 5.182864e+01 1.660455e+00 
1.058217e+01 2.721220e-05 9.736608e-07 3.424999e-05 4.375515e-05 5.151440e+01 2.049186e+00 
1.241860e+01 2.733656e-05 1.482017e-06 3.398827e-05 4.364272e-05 5.114942e+01 3.103180e+00 
1.455690e+01 2.783295e-05 1.838921e-06 3.401613e-05 4.399036e-05 5.064783e+01 3.780034e+00 
1.697472e+01 2.892854e-05 1.864015e-06 3.480505e-05 4.529598e-05 5.020967e+01 3.686767e+00 
2.015689e+01 2.882856e-05 1.894714e-06 3.484655e-05 4.526542e-05 5.033838e+01 3.760272e+00 
2.247984e+01 2.873823e-05 1.848335e-06 3.560430e-05 4.579266e-05 5.103324e+01 3.679980e+00 
2.441537e+01 2.866447e-05 1.095503e-06 3.648549e-05 4.641167e-05 5.182508e+01 2.188673e+00 
2.656648e+01 2.824172e-05 4.260605e-07 3.630007e-05 4.599426e-05 5.211366e+01 8.643104e-01 
2.729138e+01 2.804103e-05 4.688640e-07 3.612220e-05 4.573108e-05 5.217456e+01 9.579330e-01 
2.891230e+01 2.764297e-05 6.201433e-07 3.585607e-05 4.527887e-05 5.236288e+01 1.285160e+00 
3.129915e+01 2.741224e-05 9.444064e-07 3.575279e-05 4.506201e-05 5.250563e+01 1.973174e+00 
3.215546e+01 2.734434e-05 9.677863e-07 3.578277e-05 4.504505e-05 5.259650e+01 2.026998e+00 
3.362494e+01 2.733611e-05 1.016518e-06 3.573934e-05 4.500663e-05 5.256944e+01 2.129613e+00 
3.563105e+01 2.744882e-05 1.086298e-06 3.572229e-05 4.506329e-05 5.243985e+01 2.266319e+00 
3.741758e+01 2.751776e-05 1.096483e-06 3.576172e-05 4.513679e-05 5.240063e+01 2.281821e+00 
3.854291e+01 2.756888e-05 1.142906e-06 3.570809e-05 4.512668e-05 5.230581e+01 2.373916e+00 
3.968929e+01 2.769939e-05 1.057396e-06 3.575151e-05 4.523875e-05 5.221216e+01 2.186147e+00 
4.223027e+01 2.765925e-05 9.885733e-07 3.558914e-05 4.508435e-05 5.212856e+01 2.046945e+00 
4.629250e+01 2.753568e-05 1.191146e-06 3.560289e-05 4.502441e-05 5.225530e+01 2.476972e+00 
4.837712e+01 2.750651e-05 1.300536e-06 3.566215e-05 4.505650e-05 5.232576e+01 2.706988e+00 
5.050461e+01 2.743183e-05 1.419457e-06 3.535918e-05 4.477490e-05 5.215841e+01 2.962122e+00 
5.177443e+01 2.745675e-05 1.777137e-06 3.524366e-05 4.471182e-05 5.202136e+01 3.703302e+00 
5.275139e+01 2.763134e-05 2.022566e-06 3.529193e-05 4.486760e-05 5.186698e+01 4.186486e+00 
5.418483e+01 2.798965e-05 2.251529e-06 3.555014e-05 4.530234e-05 5.169578e+01 4.599054e+00 
5.606084e+01 2.857435e-05 2.193806e-06 3.605760e-05 4.605927e-05 5.152246e+01 4.390293e+00 
5.748271e+01 2.854306e-05 1.924047e-06 3.669427e-05 4.652825e-05 5.205907e+01 3.856393e+00 
5.867883e+01 2.844792e-05 1.722698e-06 3.711456e-05 4.679468e-05 5.247958e+01 3.465384e+00 
6.056182e+01 2.792903e-05 1.286213e-06 3.774180e-05 4.696944e-05 5.346944e+01 2.636774e+00 
6.153753e+01 2.740580e-05 1.021436e-06 3.764372e-05 4.657436e-05 5.392529e+01 2.134471e+00 
6.232824e+01 2.721769e-05 9.464596e-07 3.745752e-05 4.631160e-05 5.398033e+01 1.991584e+00 
6.365586e+01 2.700635e-05 9.023117e-07 3.717014e-05 4.595407e-05 5.398413e+01 1.913603e+00 
6.578729e+01 2.690562e-05 1.004414e-06 3.687214e-05 4.565606e-05 5.386275e+01 2.137916e+00 
