# 1,2,3, 4    , 5    , 6    , 7    , 8    , 9     
# x,y,z, Bx_si, By_si, Bz_si, Bx_th, By_th, Bz_th 
-2.477000e+01 -2.210000e-01 1.000000e+00 1.752148e-07 -1.239247e-06 -3.834347e-06 0.000000e+00 0.000000e+00 0.000000e+00 
-2.370565e+01 -2.210000e-01 1.000000e+00 1.676097e-07 -1.239581e-06 -3.834350e-06 0.000000e+00 0.000000e+00 0.000000e+00 
-2.264130e+01 -2.210000e-01 1.000000e+00 1.600147e-07 -1.239901e-06 -3.834352e-06 0.000000e+00 0.000000e+00 0.000000e+00 
-2.157696e+01 -2.210000e-01 1.000000e+00 1.524293e-07 -1.240206e-06 -3.834355e-06 0.000000e+00 0.000000e+00 0.000000e+00 
-2.051261e+01 -2.210000e-01 1.000000e+00 1.448531e-07 -1.240497e-06 -3.834357e-06 0.000000e+00 0.000000e+00 0.000000e+00 
-1.944826e+01 -2.210000e-01 1.000000e+00 1.372856e-07 -1.240772e-06 -3.834359e-06 0.000000e+00 0.000000e+00 0.000000e+00 
-1.838391e+01 -2.210000e-01 1.000000e+00 1.297263e-07 -1.241034e-06 -3.834361e-06 0.000000e+00 0.000000e+00 0.000000e+00 
-1.731957e+01 -2.210000e-01 1.000000e+00 1.221749e-07 -1.241280e-06 -3.834363e-06 0.000000e+00 0.000000e+00 0.000000e+00 
-1.625522e+01 -2.210000e-01 1.000000e+00 1.146308e-07 -1.241512e-06 -3.834365e-06 0.000000e+00 0.000000e+00 0.000000e+00 
-1.519087e+01 -2.210000e-01 1.000000e+00 1.070935e-07 -1.241729e-06 -3.834367e-06 0.000000e+00 0.000000e+00 0.000000e+00 
-1.412652e+01 -2.210000e-01 1.000000e+00 9.956271e-08 -1.241931e-06 -3.834368e-06 0.000000e+00 0.000000e+00 0.000000e+00 
-1.306217e+01 -2.210000e-01 1.000000e+00 9.203785e-08 -1.242118e-06 -3.834370e-06 0.000000e+00 0.000000e+00 0.000000e+00 
-1.199783e+01 -2.210000e-01 1.000000e+00 8.451850e-08 -1.242291e-06 -3.834371e-06 0.000000e+00 0.000000e+00 0.000000e+00 
-1.093348e+01 -2.210000e-01 1.000000e+00 7.700420e-08 -1.242450e-06 -3.834372e-06 0.000000e+00 0.000000e+00 0.000000e+00 
-9.869130e+00 -2.210000e-01 1.000000e+00 6.949451e-08 -1.242593e-06 -3.834374e-06 0.000000e+00 0.000000e+00 0.000000e+00 
-8.804783e+00 -2.210000e-01 1.000000e+00 6.198897e-08 -1.242722e-06 -3.834375e-06 0.000000e+00 0.000000e+00 0.000000e+00 
-7.740435e+00 -2.210000e-01 1.000000e+00 5.448714e-08 -1.242836e-06 -3.834375e-06 0.000000e+00 0.000000e+00 0.000000e+00 
-6.676087e+00 -2.210000e-01 1.000000e+00 4.698856e-08 -1.242936e-06 -3.834376e-06 0.000000e+00 0.000000e+00 0.000000e+00 
-5.611739e+00 -2.210000e-01 1.000000e+00 3.949278e-08 -1.243020e-06 -3.834377e-06 0.000000e+00 0.000000e+00 0.000000e+00 
-4.547391e+00 -2.210000e-01 1.000000e+00 3.199937e-08 -1.243090e-06 -3.834377e-06 0.000000e+00 0.000000e+00 0.000000e+00 
-3.483043e+00 -2.210000e-01 1.000000e+00 2.450786e-08 -1.243146e-06 -3.834378e-06 0.000000e+00 0.000000e+00 0.000000e+00 
-2.418696e+00 -2.210000e-01 1.000000e+00 1.701781e-08 -1.243187e-06 -3.834378e-06 0.000000e+00 0.000000e+00 0.000000e+00 
-1.354348e+00 -2.210000e-01 1.000000e+00 9.528783e-09 -1.243213e-06 -3.834378e-06 0.000000e+00 0.000000e+00 0.000000e+00 
-2.900000e-01 -2.210000e-01 1.000000e+00 2.040321e-09 -1.243224e-06 -3.834378e-06 0.000000e+00 0.000000e+00 0.000000e+00 
7.743478e-01 -2.210000e-01 1.000000e+00 -5.448019e-09 -1.243221e-06 -3.834378e-06 0.000000e+00 0.000000e+00 0.000000e+00 
1.838696e+00 -2.210000e-01 1.000000e+00 -1.293668e-08 -1.243203e-06 -3.834378e-06 0.000000e+00 0.000000e+00 0.000000e+00 
2.903043e+00 -2.210000e-01 1.000000e+00 -2.042612e-08 -1.243170e-06 -3.834378e-06 0.000000e+00 0.000000e+00 0.000000e+00 
3.967391e+00 -2.210000e-01 1.000000e+00 -2.791678e-08 -1.243122e-06 -3.834378e-06 0.000000e+00 0.000000e+00 0.000000e+00 
5.031739e+00 -2.210000e-01 1.000000e+00 -3.540910e-08 -1.243060e-06 -3.834377e-06 0.000000e+00 0.000000e+00 0.000000e+00 
6.096087e+00 -2.210000e-01 1.000000e+00 -4.290353e-08 -1.242984e-06 -3.834377e-06 0.000000e+00 0.000000e+00 0.000000e+00 
7.160435e+00 -2.210000e-01 1.000000e+00 -5.040053e-08 -1.242892e-06 -3.834376e-06 0.000000e+00 0.000000e+00 0.000000e+00 
8.224783e+00 -2.210000e-01 1.000000e+00 -5.790053e-08 -1.242786e-06 -3.834375e-06 0.000000e+00 0.000000e+00 0.000000e+00 
9.289130e+00 -2.210000e-01 1.000000e+00 -6.540400e-08 -1.242665e-06 -3.834374e-06 0.000000e+00 0.000000e+00 0.000000e+00 
1.035348e+01 -2.210000e-01 1.000000e+00 -7.291137e-08 -1.242530e-06 -3.834373e-06 0.000000e+00 0.000000e+00 0.000000e+00 
1.141783e+01 -2.210000e-01 1.000000e+00 -8.042310e-08 -1.242379e-06 -3.834372e-06 0.000000e+00 0.000000e+00 0.000000e+00 
1.248217e+01 -2.210000e-01 1.000000e+00 -8.793964e-08 -1.242214e-06 -3.834371e-06 0.000000e+00 0.000000e+00 0.000000e+00 
1.354652e+01 -2.210000e-01 1.000000e+00 -9.546144e-08 -1.242035e-06 -3.834369e-06 0.000000e+00 0.000000e+00 0.000000e+00 
1.461087e+01 -2.210000e-01 1.000000e+00 -1.029890e-07 -1.241841e-06 -3.834368e-06 0.000000e+00 0.000000e+00 0.000000e+00 
1.567522e+01 -2.210000e-01 1.000000e+00 -1.105227e-07 -1.241632e-06 -3.834366e-06 0.000000e+00 0.000000e+00 0.000000e+00 
1.673957e+01 -2.210000e-01 1.000000e+00 -1.180630e-07 -1.241408e-06 -3.834364e-06 0.000000e+00 0.000000e+00 0.000000e+00 
1.780391e+01 -2.210000e-01 1.000000e+00 -1.256104e-07 -1.241170e-06 -3.834362e-06 0.000000e+00 0.000000e+00 0.000000e+00 
1.886826e+01 -2.210000e-01 1.000000e+00 -1.331653e-07 -1.240917e-06 -3.834360e-06 0.000000e+00 0.000000e+00 0.000000e+00 
1.993261e+01 -2.210000e-01 1.000000e+00 -1.407282e-07 -1.240649e-06 -3.834358e-06 0.000000e+00 0.000000e+00 0.000000e+00 
2.099696e+01 -2.210000e-01 1.000000e+00 -1.482996e-07 -1.240366e-06 -3.834356e-06 0.000000e+00 0.000000e+00 0.000000e+00 
2.206130e+01 -2.210000e-01 1.000000e+00 -1.558800e-07 -1.240069e-06 -3.834354e-06 0.000000e+00 0.000000e+00 0.000000e+00 
2.312565e+01 -2.210000e-01 1.000000e+00 -1.634697e-07 -1.239758e-06 -3.834351e-06 0.000000e+00 0.000000e+00 0.000000e+00 
2.419000e+01 -2.210000e-01 1.000000e+00 -1.710692e-07 -1.239431e-06 -3.834348e-06 0.000000e+00 0.000000e+00 0.000000e+00 
