# 1,2,3, 4    , 5    , 6    , 7    , 8    , 9     
# x,y,z, Bx_si, By_si, Bz_si, In_si, Ic_si, Dc_si 
1.002300e+02 1.247790e+02 1.207864e+00 2.099336e-06 2.739095e-07 1.296691e-06 2.482669e-06 -3.148647e+01 8.256636e+01 
1.012943e+02 1.247790e+02 2.255164e+00 2.357856e-06 3.421486e-07 6.058987e-07 2.458386e-06 -1.426825e+01 8.174344e+01 
1.023587e+02 1.247790e+02 3.211530e+00 2.414376e-06 4.269304e-07 -2.382418e-07 2.463380e-06 5.549944e+00 7.997213e+01 
1.034230e+02 1.247790e+02 4.008937e+00 2.135450e-06 5.174873e-07 -1.130750e-06 2.471140e-06 2.723121e+01 7.637801e+01 
1.044874e+02 1.247790e+02 4.590665e+00 1.492916e-06 5.918438e-07 -1.860521e-06 2.457766e-06 4.920015e+01 6.837490e+01 
1.055517e+02 1.247790e+02 4.915335e+00 6.247532e-07 6.329755e-07 -2.264158e-06 2.432568e-06 6.855496e+01 4.462544e+01 
1.066161e+02 1.247790e+02 4.959853e+00 -3.109811e-07 6.384200e-07 -2.317465e-06 2.423826e-06 7.296353e+01 -2.597120e+01 
1.076804e+02 1.247790e+02 4.721053e+00 -1.213951e-06 6.086007e-07 -2.024388e-06 2.437666e-06 5.614616e+01 -6.337361e+01 
1.087448e+02 1.247790e+02 4.215920e+00 -1.946822e-06 5.435249e-07 -1.385590e-06 2.450591e-06 3.443082e+01 -7.440103e+01 
1.098091e+02 1.247790e+02 3.480385e+00 -2.344957e-06 4.554881e-07 -5.193135e-07 2.444582e-06 1.226506e+01 -7.900766e+01 
1.108735e+02 1.247790e+02 2.566767e+00 -2.381451e-06 3.671961e-07 3.565408e-07 2.435829e-06 -8.416825e+00 -8.123459e+01 
1.119378e+02 1.247790e+02 1.540052e+00 -2.173692e-06 2.934897e-07 1.098369e-06 2.453057e-06 -2.659976e+01 -8.231048e+01 
1.130022e+02 1.247790e+02 4.732709e-01 -1.849219e-06 2.370052e-07 1.678288e-06 2.508472e-06 -4.199363e+01 -8.269650e+01 
1.140665e+02 1.247790e+02 -5.576963e-01 -1.486119e-06 1.951281e-07 2.118152e-06 2.594840e-06 -5.471550e+01 -8.251983e+01 
1.151309e+02 1.247790e+02 -1.479516e+00 -1.122282e-06 1.647933e-07 2.444100e-06 2.694494e-06 -6.510381e+01 -8.164651e+01 
1.161952e+02 1.247790e+02 -2.226619e+00 -7.730282e-07 1.437820e-07 2.674466e-06 2.787654e-06 -7.361680e+01 -7.946348e+01 
1.172596e+02 1.247790e+02 -2.745863e+00 -4.414083e-07 1.306898e-07 2.820307e-06 2.857630e-06 -8.072956e+01 -7.350732e+01 
1.183239e+02 1.247790e+02 -3.000315e+00 -1.232607e-07 1.247059e-07 2.887710e-06 2.893029e-06 -8.652526e+01 -4.466607e+01 
1.193883e+02 1.247790e+02 -2.971874e+00 1.899868e-07 1.254603e-07 2.879401e-06 2.888388e-06 -8.547904e+01 5.656071e+01 
1.204526e+02 1.247790e+02 -2.662564e+00 5.086125e-07 1.329457e-07 2.795544e-06 2.844543e-06 -7.934993e+01 7.535127e+01 
1.215170e+02 1.247790e+02 -2.094387e+00 8.417242e-07 1.475659e-07 2.633285e-06 2.768477e-06 -7.202056e+01 8.005631e+01 
1.225813e+02 1.247790e+02 -1.307757e+00 1.194062e-06 1.702551e-07 2.385519e-06 2.673102e-06 -6.317846e+01 8.188519e+01 
1.236457e+02 1.247790e+02 -3.586271e-01 1.561287e-06 2.026634e-07 2.038971e-06 2.576061e-06 -5.232657e+01 8.260406e+01 
1.247100e+02 1.247790e+02 6.854902e-01 1.923282e-06 2.473154e-07 1.572469e-06 2.496565e-06 -3.903927e+01 8.267253e+01 
1.257743e+02 1.247790e+02 1.750327e+00 2.233516e-06 3.073278e-07 9.593947e-07 2.450200e-06 -2.305145e+01 8.216540e+01 
1.268387e+02 1.247790e+02 2.760140e+00 2.403271e-06 3.845765e-07 1.848860e-07 2.440859e-06 -4.344102e+00 8.090849e+01 
1.279030e+02 1.247790e+02 3.643101e+00 2.300883e-06 4.743701e-07 -7.037029e-07 2.452404e-06 1.667509e+01 7.835063e+01 
1.289674e+02 1.247790e+02 4.336405e+00 1.828465e-06 5.594790e-07 -1.540153e-06 2.455275e-06 3.884999e+01 7.298679e+01 
1.300317e+02 1.247790e+02 4.790737e+00 1.048374e-06 6.179426e-07 -2.113788e-06 2.439065e-06 6.007032e+01 5.948365e+01 
1.310961e+02 1.247790e+02 4.973780e+00 1.313689e-07 6.406301e-07 -2.336622e-06 2.426411e-06 7.436443e+01 1.158854e+01 
1.321604e+02 1.247790e+02 4.872513e+00 -7.991425e-07 6.282493e-07 -2.214947e-06 2.437071e-06 6.534774e+01 -5.182719e+01 
1.332248e+02 1.247790e+02 4.494141e+00 -1.636229e-06 5.799935e-07 -1.741320e-06 2.458827e-06 4.508793e+01 -7.048212e+01 
1.342891e+02 1.247790e+02 3.865577e+00 -2.212676e-06 5.007256e-07 -9.629173e-07 2.464523e-06 2.299878e+01 -7.724882e+01 
1.353535e+02 1.247790e+02 3.031531e+00 -2.417930e-06 4.099472e-07 -6.683540e-08 2.453347e-06 1.561076e+00 -8.037731e+01 
1.364178e+02 1.247790e+02 2.051329e+00 -2.311762e-06 3.280108e-07 7.511518e-07 2.452766e-06 -1.783319e+01 -8.192433e+01 
1.374822e+02 1.247790e+02 9.946926e-01 -2.028786e-06 2.630868e-07 1.410699e-06 2.485007e-06 -3.458889e+01 -8.261129e+01 
1.385465e+02 1.247790e+02 -6.321798e-02 -1.673827e-06 2.145077e-07 1.915225e-06 2.552606e-06 -4.861654e+01 -8.269712e+01 
1.396109e+02 1.247790e+02 -1.047154e+00 -1.304721e-06 1.790356e-07 2.292483e-06 2.643828e-06 -6.012422e+01 -8.218659e+01 
1.406752e+02 1.247790e+02 -1.887127e+00 -9.470884e-07 1.537663e-07 2.567162e-06 2.740610e-06 -6.950652e+01 -8.077810e+01 
1.417396e+02 1.247790e+02 -2.523389e+00 -6.082200e-07 1.368238e-07 2.754523e-06 2.824190e-06 -7.724733e+01 -7.732192e+01 
1.428039e+02 1.247790e+02 -2.910683e+00 -2.852865e-07 1.272152e-07 2.862001e-06 2.878997e-06 -8.377126e+01 -6.596691e+01 
1.438683e+02 1.247790e+02 -3.021461e+00 2.968519e-08 1.245105e-07 2.892439e-06 2.895270e-06 -8.746612e+01 1.340985e+01 
1.449326e+02 1.247790e+02 -2.847843e+00 3.463136e-07 1.286377e-07 2.846141e-06 2.870018e-06 -8.260428e+01 6.962256e+01 
1.459970e+02 1.247790e+02 -2.402178e+00 6.734378e-07 1.397999e-07 2.721706e-06 2.807267e-06 -7.581785e+01 7.827246e+01 
1.470613e+02 1.247790e+02 -1.716167e+00 1.016743e-06 1.585310e-07 2.515446e-06 2.717787e-06 -6.775133e+01 8.113778e+01 
1.481257e+02 1.247790e+02 -8.386058e-01 1.376133e-06 1.859405e-07 2.218930e-06 2.617626e-06 -5.796108e+01 8.230490e+01 
1.491900e+02 1.247790e+02 1.680840e-01 1.741470e-06 2.240218e-07 1.815871e-06 2.525924e-06 -4.596323e+01 8.266976e+01 
