# 1, 2, 3, 4   , 5   , 6   , 7   , 8   , 9   , 10  
# x, y, z, Bx_si, By_si, Bz_si, In_si, Ic_si, Dc_si, dmeas 
5.017029e+05 4.171113e+06 1.616912e+03 -2.905203e-07 4.464066e-09 8.917906e-07 9.379299e-07 7.195386e+01 1.791197e+02 0.000000e+00 
5.017031e+05 4.171114e+06 1.616912e+03 -2.906917e-07 4.419995e-09 8.916638e-07 9.378622e-07 7.194154e+01 1.791289e+02 1.313858e+00 
5.017019e+05 4.171117e+06 1.616912e+03 -2.909565e-07 4.569691e-09 8.915160e-07 9.378046e-07 7.192323e+01 1.791002e+02 3.704210e+00 
5.017019e+05 4.171117e+06 1.616912e+03 -2.909565e-07 4.569691e-09 8.915160e-07 9.378046e-07 7.192323e+01 1.791002e+02 3.704210e+00 
5.017032e+05 4.171117e+06 1.616912e+03 -2.910476e-07 4.386890e-09 8.914198e-07 9.377404e-07 7.191627e+01 1.791365e+02 5.176935e+00 
5.017055e+05 4.171118e+06 1.616912e+03 -2.911431e-07 4.080282e-09 8.912996e-07 9.376545e-07 7.190871e+01 1.791971e+02 7.529181e+00 
5.017065e+05 4.171119e+06 1.616912e+03 -2.913038e-07 3.945626e-09 8.911722e-07 9.375827e-07 7.189706e+01 1.792240e+02 9.022361e+00 
5.017076e+05 4.171120e+06 1.616912e+03 -2.914573e-07 3.789658e-09 8.910481e-07 9.375119e-07 7.188591e+01 1.792551e+02 1.058217e+01 
5.017092e+05 4.171121e+06 1.616912e+03 -2.915971e-07 3.576658e-09 8.909257e-07 9.374382e-07 7.187562e+01 1.792973e+02 1.241860e+01 
5.017108e+05 4.171122e+06 1.616912e+03 -2.918049e-07 3.360661e-09 8.907649e-07 9.373492e-07 7.186064e+01 1.793402e+02 1.455690e+01 
5.017117e+05 4.171125e+06 1.616912e+03 -2.921226e-07 3.229811e-09 8.905576e-07 9.372507e-07 7.183833e+01 1.793665e+02 1.697472e+01 
5.017148e+05 4.171124e+06 1.616912e+03 -2.920282e-07 2.828150e-09 8.905559e-07 9.372184e-07 7.184402e+01 1.794451e+02 2.015689e+01 
5.017171e+05 4.171124e+06 1.616912e+03 -2.920037e-07 2.525741e-09 8.905327e-07 9.371879e-07 7.184516e+01 1.795044e+02 2.247984e+01 
5.017185e+05 4.171125e+06 1.616912e+03 -2.921884e-07 2.330116e-09 8.904026e-07 9.371213e-07 7.183205e+01 1.795431e+02 2.441537e+01 
5.017205e+05 4.171126e+06 1.616912e+03 -2.923034e-07 2.064310e-09 8.903091e-07 9.370676e-07 7.182370e+01 1.795954e+02 2.656648e+01 
5.017212e+05 4.171125e+06 1.616912e+03 -2.922820e-07 1.972544e-09 8.903126e-07 9.370641e-07 7.182505e+01 1.796133e+02 2.729138e+01 
5.017228e+05 4.171125e+06 1.616912e+03 -2.922648e-07 1.761883e-09 8.903040e-07 9.370502e-07 7.182596e+01 1.796546e+02 2.891230e+01 
5.017246e+05 4.171127e+06 1.616912e+03 -2.924975e-07 1.527401e-09 8.901537e-07 9.369796e-07 7.180965e+01 1.797008e+02 3.129915e+01 
5.017253e+05 4.171127e+06 1.616912e+03 -2.925736e-07 1.437662e-09 8.901050e-07 9.369570e-07 7.180433e+01 1.797185e+02 3.215546e+01 
5.017265e+05 4.171128e+06 1.616912e+03 -2.926845e-07 1.271827e-09 8.900332e-07 9.369231e-07 7.179656e+01 1.797510e+02 3.362494e+01 
5.017280e+05 4.171130e+06 1.616912e+03 -2.928903e-07 1.083534e-09 8.899113e-07 9.368714e-07 7.178232e+01 1.797880e+02 3.563105e+01 
5.017284e+05 4.171131e+06 1.616912e+03 -2.931444e-07 1.029228e-09 8.897748e-07 9.368211e-07 7.176496e+01 1.797988e+02 3.741758e+01 
5.017281e+05 4.171132e+06 1.616912e+03 -2.933034e-07 1.065116e-09 8.896951e-07 9.367952e-07 7.175419e+01 1.797919e+02 3.854291e+01 
5.017282e+05 4.171134e+06 1.616912e+03 -2.934722e-07 1.051832e-09 8.896095e-07 9.367668e-07 7.174274e+01 1.797946e+02 3.968929e+01 
5.017307e+05 4.171134e+06 1.616912e+03 -2.935318e-07 7.271284e-10 8.895657e-07 9.367436e-07 7.173850e+01 1.798581e+02 4.223027e+01 
5.017298e+05 4.171138e+06 1.616912e+03 -2.941268e-07 8.322555e-10 8.892863e-07 9.366650e-07 7.169857e+01 1.798379e+02 4.629250e+01 
5.017313e+05 4.171139e+06 1.616912e+03 -2.943534e-07 6.420857e-10 8.891766e-07 9.366319e-07 7.168333e+01 1.798750e+02 4.837712e+01 
5.017329e+05 4.171141e+06 1.616912e+03 -2.945679e-07 4.348937e-10 8.890764e-07 9.366041e-07 7.166897e+01 1.799154e+02 5.050461e+01 
5.017342e+05 4.171141e+06 1.616912e+03 -2.946013e-07 2.751156e-10 8.890590e-07 9.365980e-07 7.166670e+01 1.799465e+02 5.177443e+01 
5.017350e+05 4.171141e+06 1.616912e+03 -2.946667e-07 1.626037e-10 8.890295e-07 9.365906e-07 7.166234e+01 1.799684e+02 5.275139e+01 
5.017362e+05 4.171142e+06 1.616912e+03 -2.947908e-07 1.096162e-11 8.889759e-07 9.365788e-07 7.165411e+01 1.799979e+02 5.418483e+01 
5.017370e+05 4.171144e+06 1.616912e+03 -2.950593e-07 -8.411074e-11 8.888644e-07 9.365574e-07 7.163637e+01 -1.799837e+02 5.606084e+01 
5.017375e+05 4.171145e+06 1.616912e+03 -2.952653e-07 -1.542298e-10 8.887816e-07 9.365438e-07 7.162281e+01 -1.799701e+02 5.748271e+01 
5.017379e+05 4.171146e+06 1.616912e+03 -2.954464e-07 -1.984974e-10 8.887107e-07 9.365336e-07 7.161093e+01 -1.799615e+02 5.867883e+01 
5.017395e+05 4.171147e+06 1.616912e+03 -2.955906e-07 -4.062508e-10 8.886583e-07 9.365296e-07 7.160153e+01 -1.799213e+02 6.056182e+01 
5.017400e+05 4.171148e+06 1.616912e+03 -2.957290e-07 -4.623260e-10 8.886072e-07 9.365247e-07 7.159250e+01 -1.799104e+02 6.153753e+01 
5.017407e+05 4.171148e+06 1.616912e+03 -2.957729e-07 -5.554157e-10 8.885933e-07 9.365255e-07 7.158968e+01 -1.798924e+02 6.232824e+01 
5.017419e+05 4.171149e+06 1.616912e+03 -2.958772e-07 -7.001491e-10 8.885594e-07 9.365264e-07 7.158295e+01 -1.798644e+02 6.365586e+01 
5.017440e+05 4.171149e+06 1.616912e+03 -2.959157e-07 -9.660699e-10 8.885572e-07 9.365366e-07 7.158063e+01 -1.798129e+02 6.578729e+01 
