# 1, 2, 3, 4   , 5   , 6   , 7   , 8   , 9   , 10  
# x, y, z, Bx_si, By_si, Bz_si, In_si, Ic_si, Dc_si, dmeas 
5.017029e+05 4.171113e+06 1.617170e+03 -1.242971e-06 -4.985412e-07 7.364825e-07 1.528374e-06 -2.880782e+01 -1.118552e+02 0.000000e+00 
5.017031e+05 4.171114e+06 1.616895e+03 -1.101177e-06 -3.268104e-07 8.922719e-07 1.454491e-06 -3.784009e+01 -1.065300e+02 1.313858e+00 
5.017019e+05 4.171117e+06 1.617109e+03 -9.960935e-07 -1.746316e-07 9.327050e-07 1.375731e-06 -4.268523e+01 -9.994384e+01 3.704210e+00 
5.017019e+05 4.171117e+06 1.617109e+03 -9.960935e-07 -1.746316e-07 9.327050e-07 1.375731e-06 -4.268523e+01 -9.994384e+01 3.704210e+00 
5.017032e+05 4.171117e+06 1.616563e+03 -9.894539e-07 -7.653434e-08 1.051059e-06 1.445545e-06 -4.664400e+01 -9.442303e+01 5.176935e+00 
5.017055e+05 4.171118e+06 1.615680e+03 -9.100501e-07 -5.266264e-08 1.372330e-06 1.647499e-06 -5.640582e+01 -9.331189e+01 7.529181e+00 
5.017065e+05 4.171119e+06 1.615216e+03 -7.906949e-07 1.137559e-07 1.598512e-06 1.787002e-06 -6.344699e+01 -8.181313e+01 9.022361e+00 
5.017076e+05 4.171120e+06 1.614730e+03 -5.996356e-07 2.190614e-07 1.849565e-06 1.956640e-06 -7.095734e+01 -6.993153e+01 1.058217e+01 
5.017092e+05 4.171121e+06 1.614184e+03 -8.809301e-08 3.431652e-07 2.113384e-06 2.142875e-06 -8.048331e+01 -1.439736e+01 1.241860e+01 
5.017108e+05 4.171122e+06 1.614059e+03 2.694838e-07 8.416750e-07 2.087732e-06 2.267083e-06 -6.705644e+01 1.775379e+01 1.455690e+01 
5.017117e+05 4.171125e+06 1.614856e+03 2.903982e-07 1.944181e-06 1.302463e-06 2.358088e-06 -3.352759e+01 8.495341e+00 1.697472e+01 
5.017148e+05 4.171124e+06 1.614502e+03 3.215115e-07 1.842948e-06 1.245838e-06 2.247652e-06 -3.366142e+01 9.895941e+00 2.015689e+01 
5.017171e+05 4.171124e+06 1.614656e+03 2.732156e-07 1.753929e-06 4.761193e-07 1.837826e-06 -1.501468e+01 8.854001e+00 2.247984e+01 
5.017185e+05 4.171125e+06 1.615438e+03 -4.838183e-07 1.685968e-06 -4.089512e-07 1.801058e-06 1.312414e+01 -1.601177e+01 2.441537e+01 
5.017205e+05 4.171126e+06 1.615311e+03 -1.152973e-06 1.264593e-06 -2.266393e-07 1.726241e-06 7.544180e+00 -4.235649e+01 2.656648e+01 
5.017212e+05 4.171125e+06 1.615059e+03 -1.109202e-06 1.062834e-06 -5.091472e-08 1.537054e-06 1.898262e+00 -4.622294e+01 2.729138e+01 
5.017228e+05 4.171125e+06 1.614581e+03 -9.562082e-07 6.630938e-07 2.108907e-07 1.182583e-06 -1.027254e+01 -5.526017e+01 2.891230e+01 
5.017246e+05 4.171127e+06 1.614514e+03 -6.316980e-07 4.350116e-07 3.165351e-07 8.297421e-07 -2.242577e+01 -5.544720e+01 3.129915e+01 
5.017253e+05 4.171127e+06 1.614509e+03 -6.083656e-07 3.680904e-07 2.867913e-07 7.667128e-07 -2.196580e+01 -5.882405e+01 3.215546e+01 
5.017265e+05 4.171128e+06 1.614426e+03 -5.594703e-07 3.610233e-07 3.299524e-07 7.431106e-07 -2.636035e+01 -5.716606e+01 3.362494e+01 
5.017280e+05 4.171130e+06 1.614390e+03 -4.895805e-07 4.760925e-07 3.494499e-07 7.671169e-07 -2.709947e+01 -4.580022e+01 3.563105e+01 
5.017284e+05 4.171131e+06 1.614577e+03 -4.797468e-07 5.485320e-07 3.169594e-07 7.946746e-07 -2.350658e+01 -4.117298e+01 3.741758e+01 
5.017281e+05 4.171132e+06 1.614749e+03 -4.335768e-07 6.019358e-07 3.766503e-07 8.319741e-07 -2.691825e+01 -3.576536e+01 3.854291e+01 
5.017282e+05 4.171134e+06 1.614910e+03 -5.194245e-07 7.349286e-07 3.381527e-07 9.613892e-07 -2.059338e+01 -3.525147e+01 3.968929e+01 
5.017307e+05 4.171134e+06 1.614524e+03 -5.874038e-07 6.943572e-07 4.953309e-07 1.035629e-06 -2.857377e+01 -4.023014e+01 4.223027e+01 
5.017298e+05 4.171138e+06 1.615441e+03 -3.870740e-07 5.810161e-07 5.006018e-07 8.590740e-07 -3.564226e+01 -3.367162e+01 4.629250e+01 
5.017313e+05 4.171139e+06 1.615538e+03 -2.781054e-07 5.551511e-07 4.429821e-07 7.627375e-07 -3.550537e+01 -2.660878e+01 4.837712e+01 
5.017329e+05 4.171141e+06 1.615528e+03 -1.592277e-07 4.831307e-07 7.473575e-07 9.040531e-07 -5.575861e+01 -1.824092e+01 5.050461e+01 
5.017342e+05 4.171141e+06 1.615445e+03 1.984216e-07 5.083745e-07 8.597402e-07 1.018317e-06 -5.759443e+01 2.132100e+01 5.177443e+01 
5.017350e+05 4.171141e+06 1.615613e+03 4.430011e-07 6.848131e-07 8.090341e-07 1.148806e-06 -4.476811e+01 3.289856e+01 5.275139e+01 
5.017362e+05 4.171142e+06 1.615985e+03 6.703507e-07 1.046787e-06 5.476494e-07 1.358327e-06 -2.377708e+01 3.263504e+01 5.418483e+01 
5.017370e+05 4.171144e+06 1.616826e+03 6.096566e-07 1.639091e-06 3.992246e-08 1.749255e-06 -1.307749e+00 2.040259e+01 5.606084e+01 
5.017375e+05 4.171145e+06 1.617645e+03 3.369815e-07 1.614661e-06 -5.986749e-07 1.754736e-06 1.994857e+01 1.178848e+01 5.748271e+01 
5.017379e+05 4.171146e+06 1.618290e+03 1.334117e-07 1.525155e-06 -1.019787e-06 1.839527e-06 3.366763e+01 4.999177e+00 5.867883e+01 
5.017395e+05 4.171147e+06 1.618793e+03 -3.049694e-07 1.011130e-06 -1.653179e-06 1.961732e-06 5.742785e+01 -1.678396e+01 6.056182e+01 
5.017400e+05 4.171148e+06 1.619087e+03 -5.706599e-07 4.912352e-07 -1.554980e-06 1.727695e-06 6.416227e+01 -4.927749e+01 6.153753e+01 
5.017407e+05 4.171148e+06 1.619057e+03 -6.455308e-07 3.036770e-07 -1.369999e-06 1.544612e-06 6.249286e+01 -6.480630e+01 6.232824e+01 
5.017419e+05 4.171149e+06 1.618937e+03 -6.892031e-07 9.323228e-08 -1.082693e-06 1.286824e-06 5.728485e+01 -8.229605e+01 6.365586e+01 
5.017440e+05 4.171149e+06 1.618666e+03 -5.863461e-07 -7.952476e-09 -7.893008e-07 9.832908e-07 5.339001e+01 -9.077704e+01 6.578729e+01 
