# 1      , 2      , 3      , 4    , 5     , 6      , 7      , 8      ,                    9              , 10  , 11  , 12  , 13    , 14      
# IGRF_In, IGRF_Ic, IGRF_Dc, dmeas, height, In_siB0, Ic_siB0, Dc_siB0,                    height m (-poh), In_m, Ic_m, Dc_m, min hP, max hP  
4.515490e-05 5.338396e+01 3.320776e+00 0.000000e+00 1.617170e+03 4.424057e-05 5.337832e+01 6.885214e-01 1.618900e+03 4.575064e+01 5.878437e+01 -6.645001e+00 1.614059e+03 1.619087e+03 
4.515490e-05 5.338396e+01 3.320776e+00 1.313858e+00 1.616895e+03 4.421981e-05 5.307718e+01 9.898779e-01 1.617700e+03 4.340587e+01 5.727158e+01 1.937867e-01 1.614059e+03 1.619087e+03 
4.515490e-05 5.338396e+01 3.320776e+00 3.704210e+00 1.617109e+03 4.428035e-05 5.288627e+01 1.209549e+00 1.615600e+03 4.207129e+01 5.318418e+01 2.747505e-01 1.614059e+03 1.619087e+03 
4.515490e-05 5.338396e+01 3.320776e+00 3.704210e+00 1.617109e+03 4.428035e-05 5.288627e+01 1.209549e+00 1.615600e+03 4.206765e+01 5.308327e+01 1.125919e+00 1.614059e+03 1.619087e+03 
4.515490e-05 5.338396e+01 3.320776e+00 5.176935e+00 1.616563e+03 4.424549e-05 5.269237e+01 1.219307e+00 1.614800e+03 4.465357e+01 5.305078e+01 2.487716e-01 1.614059e+03 1.619087e+03 
4.515490e-05 5.338396e+01 3.320776e+00 7.529181e+00 1.615680e+03 4.400604e-05 5.241226e+01 1.387673e+00 1.614800e+03 4.392862e+01 5.428043e+01 -1.934920e+00 1.614059e+03 1.619087e+03 
4.515490e-05 5.338396e+01 3.320776e+00 9.022361e+00 1.615216e+03 4.393104e-05 5.205714e+01 1.632217e+00 1.614500e+03 4.351851e+01 5.322759e+01 -2.089908e-01 1.614059e+03 1.619087e+03 
4.515490e-05 5.338396e+01 3.320776e+00 1.058217e+01 1.614730e+03 4.380220e-05 5.174034e+01 2.029315e+00 1.614300e+03 4.420009e+01 5.432515e+01 -1.035171e+00 1.614059e+03 1.619087e+03 
4.515490e-05 5.338396e+01 3.320776e+00 1.241860e+01 1.614184e+03 4.368686e-05 5.137486e+01 3.094235e+00 1.614000e+03 4.293308e+01 5.328460e+01 -3.503504e+00 1.614059e+03 1.619087e+03 
4.515490e-05 5.338396e+01 3.320776e+00 1.455690e+01 1.614059e+03 4.403263e-05 5.086804e+01 3.774944e+00 1.612500e+03 4.312005e+01 5.092131e+01 4.634988e-01 1.614059e+03 1.619087e+03 
4.515490e-05 5.338396e+01 3.320776e+00 1.697472e+01 1.614856e+03 4.533837e-05 5.041453e+01 3.672379e+00 1.611400e+03 4.165310e+01 5.125718e+01 4.529160e-01 1.614059e+03 1.619087e+03 
4.515490e-05 5.338396e+01 3.320776e+00 2.015689e+01 1.614502e+03 4.531906e-05 5.055661e+01 3.747071e+00 1.612500e+03 4.307516e+01 5.201969e+01 1.747714e+00 1.614059e+03 1.619087e+03 
4.515490e-05 5.338396e+01 3.320776e+00 2.247984e+01 1.614656e+03 4.585847e-05 5.125633e+01 3.662474e+00 1.612700e+03 4.321875e+01 5.219473e+01 1.778680e+00 1.614059e+03 1.619087e+03 
4.515490e-05 5.338396e+01 3.320776e+00 2.441537e+01 1.615438e+03 4.648661e-05 5.204126e+01 2.157158e+00 1.613000e+03 4.395217e+01 5.065917e+01 1.888427e+00 1.614059e+03 1.619087e+03 
4.515490e-05 5.338396e+01 3.320776e+00 2.656648e+01 1.615311e+03 4.607362e-05 5.233195e+01 8.285401e-01 1.612600e+03 4.338194e+01 5.048128e+01 5.013835e+00 1.614059e+03 1.619087e+03 
4.515490e-05 5.338396e+01 3.320776e+00 2.729138e+01 1.615059e+03 4.581169e-05 5.239670e+01 9.242262e-01 1.613400e+03 4.588199e+01 5.262014e+01 3.216199e+00 1.614059e+03 1.619087e+03 
4.515490e-05 5.338396e+01 3.320776e+00 2.891230e+01 1.614581e+03 4.536244e-05 5.259195e+01 1.255691e+00 1.613200e+03 4.613804e+01 5.315105e+01 1.252928e+00 1.614059e+03 1.619087e+03 
4.515490e-05 5.338396e+01 3.320776e+00 3.129915e+01 1.614514e+03 4.514565e-05 5.273120e+01 1.946133e+00 1.613300e+03 4.551627e+01 5.255630e+01 -3.037130e+00 1.614059e+03 1.619087e+03 
4.515490e-05 5.338396e+01 3.320776e+00 3.215546e+01 1.614509e+03 4.512937e-05 5.282083e+01 1.999899e+00 1.613200e+03 4.430771e+01 5.179174e+01 -2.336356e+00 1.614059e+03 1.619087e+03 
4.515490e-05 5.338396e+01 3.320776e+00 3.362494e+01 1.614426e+03 4.509177e-05 5.279307e+01 2.103098e+00 1.613500e+03 4.462652e+01 5.240063e+01 -8.099991e-01 1.614059e+03 1.619087e+03 
4.515490e-05 5.338396e+01 3.320776e+00 3.563105e+01 1.614390e+03 4.514750e-05 5.265921e+01 2.240393e+00 1.613400e+03 4.462422e+01 5.252587e+01 -6.609493e-01 1.614059e+03 1.619087e+03 
4.515490e-05 5.338396e+01 3.320776e+00 3.741758e+01 1.614577e+03 4.521749e-05 5.261087e+01 2.254989e+00 1.613600e+03 4.497259e+01 5.303865e+01 -3.000057e+00 1.614059e+03 1.619087e+03 
4.515490e-05 5.338396e+01 3.320776e+00 3.854291e+01 1.614749e+03 4.520366e-05 5.250932e+01 2.346689e+00 1.614200e+03 4.497052e+01 5.421160e+01 -2.206697e+00 1.614059e+03 1.619087e+03 
4.515490e-05 5.338396e+01 3.320776e+00 3.968929e+01 1.614910e+03 4.531310e-05 5.240901e+01 2.157607e+00 1.613900e+03 4.384791e+01 5.393968e+01 -1.430057e+00 1.614059e+03 1.619087e+03 
4.515490e-05 5.338396e+01 3.320776e+00 4.223027e+01 1.614524e+03 4.516235e-05 5.233061e+01 2.019752e+00 1.613800e+03 4.521116e+01 5.227877e+01 -1.427673e-01 1.614059e+03 1.619087e+03 
4.515490e-05 5.338396e+01 3.320776e+00 4.629250e+01 1.615441e+03 4.509381e-05 5.243258e+01 2.445304e+00 1.615200e+03 4.624073e+01 5.334193e+01 -2.897998e+00 1.614059e+03 1.619087e+03 
4.515490e-05 5.338396e+01 3.320776e+00 4.837712e+01 1.615538e+03 4.512673e-05 5.249829e+01 2.674661e+00 1.615100e+03 4.501864e+01 5.470362e+01 -3.609559e+00 1.614059e+03 1.619087e+03 
4.515490e-05 5.338396e+01 3.320776e+00 5.050461e+01 1.615528e+03 4.484520e-05 5.232856e+01 2.929943e+00 1.613500e+03 4.122763e+01 5.143908e+01 nan 1.614059e+03 1.619087e+03 
4.515490e-05 5.338396e+01 3.320776e+00 5.177443e+01 1.615445e+03 4.478435e-05 5.219432e+01 3.672750e+00 1.613800e+03 4.342708e+01 5.269640e+01 nan 1.614059e+03 1.619087e+03 
4.515490e-05 5.338396e+01 3.320776e+00 5.275139e+01 1.615613e+03 4.494272e-05 5.203982e+01 4.155196e+00 1.614500e+03 4.597181e+01 5.167244e+01 nan 1.614059e+03 1.619087e+03 
4.515490e-05 5.338396e+01 3.320776e+00 5.418483e+01 1.615985e+03 4.538166e-05 5.186633e+01 4.565190e+00 1.614700e+03 4.602680e+01 5.456200e+01 nan 1.614059e+03 1.619087e+03 
4.515490e-05 5.338396e+01 3.320776e+00 5.606084e+01 1.616826e+03 4.614298e-05 5.168349e+01 4.349606e+00 1.615000e+03 4.602720e+01 5.369643e+01 nan 1.614059e+03 1.619087e+03 
4.515490e-05 5.338396e+01 3.320776e+00 5.748271e+01 1.617645e+03 4.661888e-05 5.221231e+01 3.807959e+00 1.615100e+03 4.415560e+01 5.353161e+01 nan 1.614059e+03 1.619087e+03 
4.515490e-05 5.338396e+01 3.320776e+00 5.867883e+01 1.618290e+03 4.689031e-05 5.262624e+01 3.411042e+00 1.615200e+03 4.324688e+01 5.202430e+01 nan 1.614059e+03 1.619087e+03 
4.515490e-05 5.338396e+01 3.320776e+00 6.056182e+01 1.618793e+03 4.707514e-05 5.361290e+01 2.575950e+00 1.616600e+03 4.689832e+01 5.193213e+01 nan 1.614059e+03 1.619087e+03 
4.515490e-05 5.338396e+01 3.320776e+00 6.153753e+01 1.619087e+03 4.668299e-05 5.406530e+01 2.069719e+00 1.617700e+03 4.734403e+01 5.357801e+01 nan 1.614059e+03 1.619087e+03 
4.515490e-05 5.338396e+01 3.320776e+00 6.232824e+01 1.619057e+03 4.642170e-05 5.412125e+01 1.926412e+00 1.617900e+03 4.736998e+01 5.385650e+01 nan 1.614059e+03 1.619087e+03 
4.515490e-05 5.338396e+01 3.320776e+00 6.365586e+01 1.618937e+03 4.606479e-05 5.412523e+01 1.848785e+00 1.618000e+03 4.746066e+01 5.470341e+01 nan 1.614059e+03 1.619087e+03 
4.515490e-05 5.338396e+01 3.320776e+00 6.578729e+01 1.618666e+03 4.576995e-05 5.400901e+01 2.074730e+00 1.618100e+03 4.657630e+01 5.581463e+01 4.709900e-01 1.614059e+03 1.619087e+03 
