# 1    , 2      , 3      , 4      , 5      , 6      , 7       
# dmeas, Bx_siB0, By_siB0, Bz_siB0, In_siB0, Ic_siB0, Dc_siB0 
0.000000e+00 2.638886e-05 3.171293e-07 3.550712e-05 4.424057e-05 5.337832e+01 6.885214e-01 
1.313858e+00 2.656059e-05 4.589231e-07 3.535133e-05 4.421981e-05 5.307718e+01 9.898779e-01 
3.704210e+00 2.671277e-05 5.640065e-07 3.531089e-05 4.428035e-05 5.288627e+01 1.209549e+00 
3.704210e+00 2.671277e-05 5.640065e-07 3.531089e-05 4.428035e-05 5.288627e+01 1.209549e+00 
5.176935e+00 2.681087e-05 5.706461e-07 3.519254e-05 4.424549e-05 5.269237e+01 1.219307e+00 
7.529181e+00 2.683474e-05 6.500499e-07 3.487127e-05 4.400604e-05 5.241226e+01 1.387673e+00 
9.022361e+00 2.700116e-05 7.694051e-07 3.464509e-05 4.393104e-05 5.205714e+01 1.632217e+00 
1.058217e+01 2.710646e-05 9.604644e-07 3.439404e-05 4.380220e-05 5.174034e+01 2.029315e+00 
1.241860e+01 2.723057e-05 1.472007e-06 3.413022e-05 4.368686e-05 5.137486e+01 3.094235e+00 
1.455690e+01 2.772908e-05 1.829584e-06 3.415587e-05 4.403263e-05 5.086804e+01 3.774944e+00 
1.697472e+01 2.883158e-05 1.850498e-06 3.494114e-05 4.533837e-05 5.041453e+01 3.672379e+00 
2.015689e+01 2.873035e-05 1.881611e-06 3.499776e-05 4.531906e-05 5.055661e+01 3.747071e+00 
2.247984e+01 2.864133e-05 1.833316e-06 3.576748e-05 4.585847e-05 5.125633e+01 3.662474e+00 
2.441537e+01 2.857337e-05 1.076282e-06 3.665255e-05 4.648661e-05 5.204126e+01 2.157158e+00 
2.656648e+01 2.815199e-05 4.071274e-07 3.647024e-05 4.607362e-05 5.233195e+01 8.285401e-01 
2.729138e+01 2.795023e-05 4.508985e-07 3.629451e-05 4.581169e-05 5.239670e+01 9.242262e-01 
2.891230e+01 2.755049e-05 6.038918e-07 3.603271e-05 4.536244e-05 5.259195e+01 1.255691e+00 
3.129915e+01 2.732241e-05 9.284020e-07 3.592706e-05 4.514565e-05 5.273120e+01 1.946133e+00 
3.215546e+01 2.725549e-05 9.517344e-07 3.595681e-05 4.512937e-05 5.282083e+01 1.999899e+00 
3.362494e+01 2.724842e-05 1.000630e-06 3.591365e-05 4.509177e-05 5.279307e+01 2.103098e+00 
3.563105e+01 2.736349e-05 1.070519e-06 3.589415e-05 4.514750e-05 5.265921e+01 2.240393e+00 
3.741758e+01 2.743593e-05 1.080353e-06 3.592664e-05 4.521749e-05 5.261087e+01 2.254989e+00 
3.854291e+01 2.748934e-05 1.126523e-06 3.586695e-05 4.520366e-05 5.250932e+01 2.346689e+00 
3.968929e+01 2.762233e-05 1.040675e-06 3.590545e-05 4.531310e-05 5.240901e+01 2.157607e+00 
4.223027e+01 2.758176e-05 9.726962e-07 3.574827e-05 4.516235e-05 5.233061e+01 2.019752e+00 
4.629250e+01 2.746842e-05 1.173026e-06 3.574300e-05 4.509381e-05 5.243258e+01 2.445304e+00 
4.837712e+01 2.744255e-05 1.281995e-06 3.580062e-05 4.512673e-05 5.249829e+01 2.674661e+00 
5.050461e+01 2.737053e-05 1.400872e-06 3.549624e-05 4.484520e-05 5.232856e+01 2.929943e+00 
5.177443e+01 2.739577e-05 1.758522e-06 3.538386e-05 4.478435e-05 5.219432e+01 3.672750e+00 
5.275139e+01 2.757221e-05 2.003101e-06 3.543457e-05 4.494272e-05 5.203982e+01 4.155196e+00 
5.418483e+01 2.793419e-05 2.230451e-06 3.569595e-05 4.538166e-05 5.186633e+01 4.565190e+00 
5.606084e+01 2.852649e-05 2.169757e-06 3.620368e-05 4.614298e-05 5.168349e+01 4.349606e+00 
5.748271e+01 2.850206e-05 1.897082e-06 3.684227e-05 4.661888e-05 5.221231e+01 3.807959e+00 
5.867883e+01 2.841255e-05 1.693512e-06 3.726339e-05 4.689031e-05 5.262624e+01 3.411042e+00 
6.056182e+01 2.789853e-05 1.255131e-06 3.789678e-05 4.707514e-05 5.361290e+01 2.575950e+00 
6.153753e+01 2.737864e-05 9.894401e-07 3.779858e-05 4.668299e-05 5.406530e+01 2.069719e+00 
6.232824e+01 2.719108e-05 9.145692e-07 3.761360e-05 4.642170e-05 5.412125e+01 1.926412e+00 
6.365586e+01 2.698063e-05 8.708969e-07 3.732629e-05 4.606479e-05 5.412523e+01 1.848785e+00 
6.578729e+01 2.687945e-05 9.737539e-07 3.703290e-05 4.576995e-05 5.400901e+01 2.074730e+00 
