# 1,2,3, 4    , 5    , 6    , 7    , 8    , 9     
# x,y,z, Bx_si, By_si, Bz_si, In_si, Ic_si, Dc_si 
1.002300e+02 1.247790e+02 9.767720e-01 1.366524e-08 -8.434549e-08 -6.191257e-07 6.249940e-07 8.214227e+01 1.707972e+02 
1.012943e+02 1.247790e+02 9.767720e-01 1.298055e-08 -8.466475e-08 -6.178868e-07 6.237954e-07 8.210772e+01 1.712835e+02 
1.023587e+02 1.247790e+02 9.767720e-01 1.230954e-08 -8.496902e-08 -6.167106e-07 6.226582e-07 8.207445e+01 1.717569e+02 
1.034230e+02 1.247790e+02 9.767720e-01 1.165140e-08 -8.525844e-08 -6.155958e-07 6.215810e-07 8.204249e+01 1.722182e+02 
1.044874e+02 1.247790e+02 9.767720e-01 1.100536e-08 -8.553314e-08 -6.145414e-07 6.205628e-07 8.201188e+01 1.726682e+02 
1.055517e+02 1.247790e+02 9.767720e-01 1.037065e-08 -8.579324e-08 -6.135464e-07 6.196024e-07 8.198265e+01 1.731076e+02 
1.066161e+02 1.247790e+02 9.767720e-01 9.746549e-09 -8.603886e-08 -6.126097e-07 6.186989e-07 8.195484e+01 1.735370e+02 
1.076804e+02 1.247790e+02 9.767720e-01 9.132358e-09 -8.627009e-08 -6.117304e-07 6.178512e-07 8.192846e+01 1.739573e+02 
1.087448e+02 1.247790e+02 9.767720e-01 8.527392e-09 -8.648705e-08 -6.109078e-07 6.170584e-07 8.190355e+01 1.743690e+02 
1.098091e+02 1.247790e+02 9.767720e-01 7.930991e-09 -8.668982e-08 -6.101410e-07 6.163197e-07 8.188013e+01 1.747727e+02 
1.108735e+02 1.247790e+02 9.767720e-01 7.342514e-09 -8.687848e-08 -6.094292e-07 6.156344e-07 8.185821e+01 1.751691e+02 
1.119378e+02 1.247790e+02 9.767720e-01 6.761334e-09 -8.705313e-08 -6.087718e-07 6.150017e-07 8.183781e+01 1.755588e+02 
1.130022e+02 1.247790e+02 9.767720e-01 6.186843e-09 -8.721382e-08 -6.081682e-07 6.144209e-07 8.181896e+01 1.759423e+02 
1.140665e+02 1.247790e+02 9.767720e-01 5.618446e-09 -8.736064e-08 -6.076178e-07 6.138915e-07 8.180166e+01 1.763202e+02 
1.151309e+02 1.247790e+02 9.767720e-01 5.055562e-09 -8.749364e-08 -6.071201e-07 6.134130e-07 8.178593e+01 1.766930e+02 
1.161952e+02 1.247790e+02 9.767720e-01 4.497621e-09 -8.761288e-08 -6.066745e-07 6.129847e-07 8.177177e+01 1.770613e+02 
1.172596e+02 1.247790e+02 9.767720e-01 3.944063e-09 -8.771840e-08 -6.062808e-07 6.126063e-07 8.175921e+01 1.774256e+02 
1.183239e+02 1.247790e+02 9.767720e-01 3.394338e-09 -8.781026e-08 -6.059385e-07 6.122774e-07 8.174825e+01 1.777863e+02 
1.193883e+02 1.247790e+02 9.767720e-01 2.847903e-09 -8.788848e-08 -6.056473e-07 6.119977e-07 8.173889e+01 1.781441e+02 
1.204526e+02 1.247790e+02 9.767720e-01 2.304223e-09 -8.795311e-08 -6.054069e-07 6.117668e-07 8.173114e+01 1.784993e+02 
1.215170e+02 1.247790e+02 9.767720e-01 1.762768e-09 -8.800416e-08 -6.052172e-07 6.115846e-07 8.172501e+01 1.788525e+02 
1.225813e+02 1.247790e+02 9.767720e-01 1.223013e-09 -8.804167e-08 -6.050779e-07 6.114508e-07 8.172051e+01 1.792041e+02 
1.236457e+02 1.247790e+02 9.767720e-01 6.844367e-10 -8.806564e-08 -6.049889e-07 6.113653e-07 8.171762e+01 1.795547e+02 
1.247100e+02 1.247790e+02 9.767720e-01 1.465188e-10 -8.807608e-08 -6.049501e-07 6.113281e-07 8.171637e+01 1.799047e+02 
1.257743e+02 1.247790e+02 9.767720e-01 -3.912580e-10 -8.807301e-08 -6.049615e-07 6.113391e-07 8.171674e+01 -1.797455e+02 
1.268387e+02 1.247790e+02 9.767720e-01 -9.294114e-10 -8.805641e-08 -6.050232e-07 6.113982e-07 8.171873e+01 -1.793953e+02 
1.279030e+02 1.247790e+02 9.767720e-01 -1.468460e-09 -8.802628e-08 -6.051350e-07 6.115057e-07 8.172236e+01 -1.790443e+02 
1.289674e+02 1.247790e+02 9.767720e-01 -2.008923e-09 -8.798261e-08 -6.052973e-07 6.116615e-07 8.172760e+01 -1.786920e+02 
1.300317e+02 1.247790e+02 9.767720e-01 -2.551326e-09 -8.792538e-08 -6.055100e-07 6.118658e-07 8.173447e+01 -1.783379e+02 
1.310961e+02 1.247790e+02 9.767720e-01 -3.096193e-09 -8.785457e-08 -6.057735e-07 6.121189e-07 8.174295e+01 -1.779816e+02 
1.321604e+02 1.247790e+02 9.767720e-01 -3.644058e-09 -8.777015e-08 -6.060879e-07 6.124210e-07 8.175304e+01 -1.776225e+02 
1.332248e+02 1.247790e+02 9.767720e-01 -4.195460e-09 -8.767208e-08 -6.064536e-07 6.127723e-07 8.176473e+01 -1.772603e+02 
1.342891e+02 1.247790e+02 9.767720e-01 -4.750944e-09 -8.756032e-08 -6.068708e-07 6.131734e-07 8.177802e+01 -1.768942e+02 
1.353535e+02 1.247790e+02 9.767720e-01 -5.311064e-09 -8.743483e-08 -6.073401e-07 6.136245e-07 8.179289e+01 -1.765239e+02 
1.364178e+02 1.247790e+02 9.767720e-01 -5.876386e-09 -8.729555e-08 -6.078617e-07 6.141261e-07 8.180934e+01 -1.761489e+02 
1.374822e+02 1.247790e+02 9.767720e-01 -6.447483e-09 -8.714242e-08 -6.084363e-07 6.146788e-07 8.182734e+01 -1.757685e+02 
1.385465e+02 1.247790e+02 9.767720e-01 -7.024943e-09 -8.697539e-08 -6.090643e-07 6.152831e-07 8.184690e+01 -1.753823e+02 
1.396109e+02 1.247790e+02 9.767720e-01 -7.609367e-09 -8.679437e-08 -6.097463e-07 6.159397e-07 8.186799e+01 -1.749896e+02 
1.406752e+02 1.247790e+02 9.767720e-01 -8.201372e-09 -8.659930e-08 -6.104830e-07 6.166492e-07 8.189060e+01 -1.745899e+02 
1.417396e+02 1.247790e+02 9.767720e-01 -8.801590e-09 -8.639008e-08 -6.112752e-07 6.174124e-07 8.191470e+01 -1.741827e+02 
1.428039e+02 1.247790e+02 9.767720e-01 -9.410671e-09 -8.616664e-08 -6.121235e-07 6.182301e-07 8.194028e+01 -1.737672e+02 
1.438683e+02 1.247790e+02 9.767720e-01 -1.002928e-08 -8.592888e-08 -6.130288e-07 6.191031e-07 8.196732e+01 -1.733428e+02 
1.449326e+02 1.247790e+02 9.767720e-01 -1.065812e-08 -8.567668e-08 -6.139919e-07 6.200324e-07 8.199578e+01 -1.729089e+02 
1.459970e+02 1.247790e+02 9.767720e-01 -1.129790e-08 -8.540995e-08 -6.150138e-07 6.210189e-07 8.202564e+01 -1.724647e+02 
1.470613e+02 1.247790e+02 9.767720e-01 -1.194935e-08 -8.512857e-08 -6.160956e-07 6.220638e-07 8.205686e+01 -1.720097e+02 
1.481257e+02 1.247790e+02 9.767720e-01 -1.261325e-08 -8.483240e-08 -6.172381e-07 6.231682e-07 8.208943e+01 -1.715430e+02 
1.491900e+02 1.247790e+02 9.767720e-01 -1.329038e-08 -8.452133e-08 -6.184428e-07 6.243332e-07 8.212329e+01 -1.710638e+02 
