# 1    , 2      , 3      , 4      , 5      , 6      , 7       
# dmeas, Bx_siB0, By_siB0, Bz_siB0, In_siB0, Ic_siB0, Dc_siB0 
0.000000e+00 2.630538e-05 1.629893e-06 3.601366e-05 4.462750e-05 5.380227e+01 3.545539e+00 
8.359704e+01 2.698303e-05 1.071542e-06 3.591229e-05 4.493245e-05 5.305861e+01 2.274118e+00 
8.359704e+01 2.698303e-05 1.071542e-06 3.591229e-05 4.493245e-05 5.305861e+01 2.274118e+00 
1.646923e+02 2.658323e-05 1.368876e-06 3.551599e-05 4.438386e-05 5.314925e+01 2.947784e+00 
1.659860e+02 2.668942e-05 1.309846e-06 3.550730e-05 4.443882e-05 5.303617e+01 2.809671e+00 
1.687754e+02 2.675721e-05 1.169168e-06 3.541130e-05 4.439905e-05 5.289857e+01 2.501972e+00 
2.492257e+02 2.698303e-05 1.071542e-06 3.591229e-05 4.493245e-05 5.305861e+01 2.274118e+00 
2.492257e+02 2.698303e-05 1.071542e-06 3.591229e-05 4.493245e-05 5.305861e+01 2.274118e+00 
3.292722e+02 2.684442e-05 1.116585e-06 3.542239e-05 4.445914e-05 5.281994e+01 2.381827e+00 
4.093187e+02 2.698303e-05 1.071542e-06 3.591229e-05 4.493245e-05 5.305861e+01 2.274118e+00 
4.093187e+02 2.698303e-05 1.071542e-06 3.591229e-05 4.493245e-05 5.305861e+01 2.274118e+00 
4.093187e+02 2.698303e-05 1.071542e-06 3.591229e-05 4.493245e-05 5.305861e+01 2.274118e+00 
4.093187e+02 2.698303e-05 1.071542e-06 3.591229e-05 4.493245e-05 5.305861e+01 2.274118e+00 
4.093187e+02 2.698303e-05 1.071542e-06 3.591229e-05 4.493245e-05 5.305861e+01 2.274118e+00 
4.093187e+02 2.698303e-05 1.071542e-06 3.591229e-05 4.493245e-05 5.305861e+01 2.274118e+00 
4.093187e+02 2.698303e-05 1.071542e-06 3.591229e-05 4.493245e-05 5.305861e+01 2.274118e+00 
4.093187e+02 2.698303e-05 1.071542e-06 3.591229e-05 4.493245e-05 5.305861e+01 2.274118e+00 
4.093187e+02 2.698303e-05 1.071542e-06 3.591229e-05 4.493245e-05 5.305861e+01 2.274118e+00 
4.093187e+02 2.698303e-05 1.071542e-06 3.591229e-05 4.493245e-05 5.305861e+01 2.274118e+00 
4.093187e+02 2.698303e-05 1.071542e-06 3.591229e-05 4.493245e-05 5.305861e+01 2.274118e+00 
4.093187e+02 2.698303e-05 1.071542e-06 3.591229e-05 4.493245e-05 5.305861e+01 2.274118e+00 
4.093187e+02 2.698303e-05 1.071542e-06 3.591229e-05 4.493245e-05 5.305861e+01 2.274118e+00 
4.093187e+02 2.698303e-05 1.071542e-06 3.591229e-05 4.493245e-05 5.305861e+01 2.274118e+00 
4.093187e+02 2.698303e-05 1.071542e-06 3.591229e-05 4.493245e-05 5.305861e+01 2.274118e+00 
4.093187e+02 2.698303e-05 1.071542e-06 3.591229e-05 4.493245e-05 5.305861e+01 2.274118e+00 
4.093187e+02 2.698303e-05 1.071542e-06 3.591229e-05 4.493245e-05 5.305861e+01 2.274118e+00 
4.917247e+02 2.765628e-05 8.464381e-07 3.718243e-05 4.634781e-05 5.334529e+01 1.753026e+00 
5.741306e+02 2.698303e-05 1.071542e-06 3.591229e-05 4.493245e-05 5.305861e+01 2.274118e+00 
5.741306e+02 2.698303e-05 1.071542e-06 3.591229e-05 4.493245e-05 5.305861e+01 2.274118e+00 
5.741306e+02 2.698303e-05 1.071542e-06 3.591229e-05 4.493245e-05 5.305861e+01 2.274118e+00 
5.741306e+02 2.698303e-05 1.071542e-06 3.591229e-05 4.493245e-05 5.305861e+01 2.274118e+00 
5.741306e+02 2.698303e-05 1.071542e-06 3.591229e-05 4.493245e-05 5.305861e+01 2.274118e+00 
5.741306e+02 2.698303e-05 1.071542e-06 3.591229e-05 4.493245e-05 5.305861e+01 2.274118e+00 
5.741306e+02 2.698303e-05 1.071542e-06 3.591229e-05 4.493245e-05 5.305861e+01 2.274118e+00 
5.741306e+02 2.698303e-05 1.071542e-06 3.591229e-05 4.493245e-05 5.305861e+01 2.274118e+00 
5.741306e+02 2.698303e-05 1.071542e-06 3.591229e-05 4.493245e-05 5.305861e+01 2.274118e+00 
5.741306e+02 2.698303e-05 1.071542e-06 3.591229e-05 4.493245e-05 5.305861e+01 2.274118e+00 
6.589746e+02 2.625268e-05 7.787635e-07 3.568312e-05 4.430683e-05 5.364543e+01 1.699133e+00 
