# 1      , 2      , 3      , 4    , 5     , 6      , 7      , 8      ,                    9              , 10  , 11  , 12  , 13    , 14      
# IGRF_In, IGRF_Ic, IGRF_Dc, dmeas, height, In_siB0, Ic_siB0, Dc_siB0,                    height m (-poh), In_m, Ic_m, Dc_m, min hP, max hP  
4.520184e-05 5.352726e+01 3.334743e+00 0.000000e+00 1.539596e+03 4.462750e-05 5.380227e+01 3.545539e+00 1.520100e+03 4.580861e+01 5.650020e+01 1.252400e+00 1.539112e+03 1.547784e+03 
4.520184e-05 5.352726e+01 3.334743e+00 8.359704e+01 1.547784e+03 4.493245e-05 5.305861e+01 2.274118e+00 -3.000000e+00 4.294607e+01 5.564600e+01 7.817900e+00 1.539112e+03 1.547784e+03 
4.520184e-05 5.352726e+01 3.334743e+00 8.359704e+01 1.547784e+03 4.493245e-05 5.305861e+01 2.274118e+00 -3.000000e+00 4.344104e+01 5.418160e+01 5.664100e+00 1.539112e+03 1.547784e+03 
4.520184e-05 5.352726e+01 3.334743e+00 1.646923e+02 1.539261e+03 4.438386e-05 5.314925e+01 2.947784e+00 1.517400e+03 4.461850e+01 5.554560e+01 -1.076828e+02 1.539112e+03 1.547784e+03 
4.520184e-05 5.352726e+01 3.334743e+00 1.659860e+02 1.539230e+03 4.443882e-05 5.303617e+01 2.809671e+00 1.516100e+03 4.329361e+01 5.618830e+01 -1.034348e+02 1.539112e+03 1.547784e+03 
4.520184e-05 5.352726e+01 3.334743e+00 1.687754e+02 1.539118e+03 4.439905e-05 5.289857e+01 2.501972e+00 1.514900e+03 4.394476e+01 5.537450e+01 -9.203330e+01 1.539112e+03 1.547784e+03 
4.520184e-05 5.352726e+01 3.334743e+00 2.492257e+02 1.547784e+03 4.493245e-05 5.305861e+01 2.274118e+00 -3.000000e+00 4.348935e+01 5.609510e+01 5.844000e+00 1.539112e+03 1.547784e+03 
4.520184e-05 5.352726e+01 3.334743e+00 2.492257e+02 1.547784e+03 4.493245e-05 5.305861e+01 2.274118e+00 -3.000000e+00 4.217796e+01 5.554420e+01 5.330300e+00 1.539112e+03 1.547784e+03 
4.520184e-05 5.352726e+01 3.334743e+00 3.292722e+02 1.539112e+03 4.445914e-05 5.281994e+01 2.381827e+00 1.513000e+03 4.210949e+01 5.337110e+01 -9.369370e+01 1.539112e+03 1.547784e+03 
4.520184e-05 5.352726e+01 3.334743e+00 4.093187e+02 1.547784e+03 4.493245e-05 5.305861e+01 2.274118e+00 -3.000000e+00 4.306455e+01 5.265910e+01 4.724900e+00 1.539112e+03 1.547784e+03 
4.520184e-05 5.352726e+01 3.334743e+00 4.093187e+02 1.547784e+03 4.493245e-05 5.305861e+01 2.274118e+00 -3.000000e+00 4.407953e+01 5.334760e+01 2.244500e+00 1.539112e+03 1.547784e+03 
4.520184e-05 5.352726e+01 3.334743e+00 4.093187e+02 1.547784e+03 4.493245e-05 5.305861e+01 2.274118e+00 -3.000000e+00 4.387186e+01 5.529540e+01 6.621000e-01 1.539112e+03 1.547784e+03 
4.520184e-05 5.352726e+01 3.334743e+00 4.093187e+02 1.547784e+03 4.493245e-05 5.305861e+01 2.274118e+00 -3.000000e+00 4.244626e+01 5.541780e+01 1.145300e+00 1.539112e+03 1.547784e+03 
4.520184e-05 5.352726e+01 3.334743e+00 4.093187e+02 1.547784e+03 4.493245e-05 5.305861e+01 2.274118e+00 -3.000000e+00 4.221207e+01 5.426500e+01 1.352000e+00 1.539112e+03 1.547784e+03 
4.520184e-05 5.352726e+01 3.334743e+00 4.093187e+02 1.547784e+03 4.493245e-05 5.305861e+01 2.274118e+00 -3.000000e+00 4.185152e+01 5.338760e+01 1.168600e+00 1.539112e+03 1.547784e+03 
4.520184e-05 5.352726e+01 3.334743e+00 4.093187e+02 1.547784e+03 4.493245e-05 5.305861e+01 2.274118e+00 -3.000000e+00 4.218122e+01 5.238610e+01 9.201000e-01 1.539112e+03 1.547784e+03 
4.520184e-05 5.352726e+01 3.334743e+00 4.093187e+02 1.547784e+03 4.493245e-05 5.305861e+01 2.274118e+00 -3.000000e+00 4.302023e+01 5.234820e+01 1.723700e+00 1.539112e+03 1.547784e+03 
4.520184e-05 5.352726e+01 3.334743e+00 4.093187e+02 1.547784e+03 4.493245e-05 5.305861e+01 2.274118e+00 -3.000000e+00 4.411219e+01 5.364960e+01 2.860800e+00 1.539112e+03 1.547784e+03 
4.520184e-05 5.352726e+01 3.334743e+00 4.093187e+02 1.547784e+03 4.493245e-05 5.305861e+01 2.274118e+00 -3.000000e+00 4.247514e+01 5.341710e+01 7.105000e-01 1.539112e+03 1.547784e+03 
4.520184e-05 5.352726e+01 3.334743e+00 4.093187e+02 1.547784e+03 4.493245e-05 5.305861e+01 2.274118e+00 -3.000000e+00 4.275780e+01 5.303430e+01 3.855000e-01 1.539112e+03 1.547784e+03 
4.520184e-05 5.352726e+01 3.334743e+00 4.093187e+02 1.547784e+03 4.493245e-05 5.305861e+01 2.274118e+00 -3.000000e+00 4.267100e+01 5.299950e+01 6.686000e-01 1.539112e+03 1.547784e+03 
4.520184e-05 5.352726e+01 3.334743e+00 4.093187e+02 1.547784e+03 4.493245e-05 5.305861e+01 2.274118e+00 -3.000000e+00 4.309985e+01 5.284990e+01 -1.559500e+00 1.539112e+03 1.547784e+03 
4.520184e-05 5.352726e+01 3.334743e+00 4.093187e+02 1.547784e+03 4.493245e-05 5.305861e+01 2.274118e+00 -3.000000e+00 4.341004e+01 5.313680e+01 -1.227900e+00 1.539112e+03 1.547784e+03 
4.520184e-05 5.352726e+01 3.334743e+00 4.093187e+02 1.547784e+03 4.493245e-05 5.305861e+01 2.274118e+00 -3.000000e+00 4.383743e+01 5.403313e+01 -2.370162e+00 1.539112e+03 1.547784e+03 
4.520184e-05 5.352726e+01 3.334743e+00 4.093187e+02 1.547784e+03 4.493245e-05 5.305861e+01 2.274118e+00 -3.000000e+00 4.234319e+01 5.405070e+01 -4.662950e-01 1.539112e+03 1.547784e+03 
4.520184e-05 5.352726e+01 3.334743e+00 4.093187e+02 1.547784e+03 4.493245e-05 5.305861e+01 2.274118e+00 -3.000000e+00 4.173955e+01 5.301116e+01 -1.640744e+00 1.539112e+03 1.547784e+03 
4.520184e-05 5.352726e+01 3.334743e+00 4.917247e+02 1.543892e+03 4.634781e-05 5.334529e+01 1.753026e+00 1.509400e+03 4.309889e+01 5.323646e+01 -9.736595e+01 1.539112e+03 1.547784e+03 
4.520184e-05 5.352726e+01 3.334743e+00 5.741306e+02 1.547784e+03 4.493245e-05 5.305861e+01 2.274118e+00 -3.000000e+00 4.181702e+01 5.145896e+01 -3.921623e+00 1.539112e+03 1.547784e+03 
4.520184e-05 5.352726e+01 3.334743e+00 5.741306e+02 1.547784e+03 4.493245e-05 5.305861e+01 2.274118e+00 -3.000000e+00 4.161961e+01 4.990352e+01 -3.885028e+00 1.539112e+03 1.547784e+03 
4.520184e-05 5.352726e+01 3.334743e+00 5.741306e+02 1.547784e+03 4.493245e-05 5.305861e+01 2.274118e+00 -3.000000e+00 4.227844e+01 4.928021e+01 -5.245471e+00 1.539112e+03 1.547784e+03 
4.520184e-05 5.352726e+01 3.334743e+00 5.741306e+02 1.547784e+03 4.493245e-05 5.305861e+01 2.274118e+00 -3.000000e+00 4.347542e+01 4.785683e+01 -8.248013e+00 1.539112e+03 1.547784e+03 
4.520184e-05 5.352726e+01 3.334743e+00 5.741306e+02 1.547784e+03 4.493245e-05 5.305861e+01 2.274118e+00 -3.000000e+00 4.460029e+01 4.927292e+01 -7.914214e+00 1.539112e+03 1.547784e+03 
4.520184e-05 5.352726e+01 3.334743e+00 5.741306e+02 1.547784e+03 4.493245e-05 5.305861e+01 2.274118e+00 -3.000000e+00 4.508887e+01 5.031803e+01 -8.532886e+00 1.539112e+03 1.547784e+03 
4.520184e-05 5.352726e+01 3.334743e+00 5.741306e+02 1.547784e+03 4.493245e-05 5.305861e+01 2.274118e+00 -3.000000e+00 4.574563e+01 5.050040e+01 -9.392272e+00 1.539112e+03 1.547784e+03 
4.520184e-05 5.352726e+01 3.334743e+00 5.741306e+02 1.547784e+03 4.493245e-05 5.305861e+01 2.274118e+00 -3.000000e+00 4.688576e+01 5.141134e+01 -9.743852e+00 1.539112e+03 1.547784e+03 
4.520184e-05 5.352726e+01 3.334743e+00 5.741306e+02 1.547784e+03 4.493245e-05 5.305861e+01 2.274118e+00 -3.000000e+00 4.858632e+01 5.356461e+01 -9.334044e+00 1.539112e+03 1.547784e+03 
4.520184e-05 5.352726e+01 3.334743e+00 5.741306e+02 1.547784e+03 4.493245e-05 5.305861e+01 2.274118e+00 -3.000000e+00 4.764333e+01 5.647253e+01 -8.492635e+00 1.539112e+03 1.547784e+03 
4.520184e-05 5.352726e+01 3.334743e+00 6.589746e+02 1.544209e+03 4.430683e-05 5.364543e+01 1.699133e+00 1.518500e+03 4.556049e+01 5.707406e+01 -4.705426e-01 1.539112e+03 1.547784e+03 
