# 1, 2, 3, 4   , 5   , 6   , 7   , 8   , 9   , 10  
# x, y, z, Bx_si, By_si, Bz_si, In_si, Ic_si, Dc_si, dmeas 
5.054212e+05 4.183194e+06 1.547467e+03 -2.067564e-07 -4.805862e-07 1.454654e-06 1.545875e-06 7.021860e+01 -1.132782e+02 0.000000e+00 
5.053376e+05 4.183191e+06 1.547467e+03 -2.500959e-07 1.496469e-08 1.031100e-06 1.061103e-06 7.634259e+01 1.765757e+02 8.359704e+01 
5.053376e+05 4.183191e+06 1.547467e+03 -2.500959e-07 1.496469e-08 1.031100e-06 1.061103e-06 7.634259e+01 1.765757e+02 8.359704e+01 
5.054185e+05 4.183198e+06 1.547467e+03 -2.096964e-07 -4.243641e-07 1.407355e-06 1.484825e-06 7.141024e+01 -1.162959e+02 1.646923e+02 
5.054177e+05 4.183199e+06 1.547467e+03 -2.105726e-07 -4.097062e-07 1.394393e-06 1.468513e-06 7.171851e+01 -1.172014e+02 1.659860e+02 
5.054174e+05 4.183201e+06 1.547467e+03 -2.112417e-07 -4.018291e-07 1.385847e-06 1.458308e-06 7.186242e+01 -1.177309e+02 1.687754e+02 
5.053376e+05 4.183191e+06 1.547467e+03 -2.500959e-07 1.496469e-08 1.031100e-06 1.061103e-06 7.634259e+01 1.765757e+02 2.492257e+02 
5.053376e+05 4.183191e+06 1.547467e+03 -2.500959e-07 1.496469e-08 1.031100e-06 1.061103e-06 7.634259e+01 1.765757e+02 2.492257e+02 
5.054165e+05 4.183204e+06 1.547467e+03 -2.127859e-07 -3.843881e-07 1.369357e-06 1.438113e-06 7.221131e+01 -1.189676e+02 3.292722e+02 
5.053376e+05 4.183191e+06 1.547467e+03 -2.500959e-07 1.496469e-08 1.031100e-06 1.061103e-06 7.634259e+01 1.765757e+02 4.093187e+02 
5.053376e+05 4.183191e+06 1.547467e+03 -2.500959e-07 1.496469e-08 1.031100e-06 1.061103e-06 7.634259e+01 1.765757e+02 4.093187e+02 
5.053376e+05 4.183191e+06 1.547467e+03 -2.500959e-07 1.496469e-08 1.031100e-06 1.061103e-06 7.634259e+01 1.765757e+02 4.093187e+02 
5.053376e+05 4.183191e+06 1.547467e+03 -2.500959e-07 1.496469e-08 1.031100e-06 1.061103e-06 7.634259e+01 1.765757e+02 4.093187e+02 
5.053376e+05 4.183191e+06 1.547467e+03 -2.500959e-07 1.496469e-08 1.031100e-06 1.061103e-06 7.634259e+01 1.765757e+02 4.093187e+02 
5.053376e+05 4.183191e+06 1.547467e+03 -2.500959e-07 1.496469e-08 1.031100e-06 1.061103e-06 7.634259e+01 1.765757e+02 4.093187e+02 
5.053376e+05 4.183191e+06 1.547467e+03 -2.500959e-07 1.496469e-08 1.031100e-06 1.061103e-06 7.634259e+01 1.765757e+02 4.093187e+02 
5.053376e+05 4.183191e+06 1.547467e+03 -2.500959e-07 1.496469e-08 1.031100e-06 1.061103e-06 7.634259e+01 1.765757e+02 4.093187e+02 
5.053376e+05 4.183191e+06 1.547467e+03 -2.500959e-07 1.496469e-08 1.031100e-06 1.061103e-06 7.634259e+01 1.765757e+02 4.093187e+02 
5.053376e+05 4.183191e+06 1.547467e+03 -2.500959e-07 1.496469e-08 1.031100e-06 1.061103e-06 7.634259e+01 1.765757e+02 4.093187e+02 
5.053376e+05 4.183191e+06 1.547467e+03 -2.500959e-07 1.496469e-08 1.031100e-06 1.061103e-06 7.634259e+01 1.765757e+02 4.093187e+02 
5.053376e+05 4.183191e+06 1.547467e+03 -2.500959e-07 1.496469e-08 1.031100e-06 1.061103e-06 7.634259e+01 1.765757e+02 4.093187e+02 
5.053376e+05 4.183191e+06 1.547467e+03 -2.500959e-07 1.496469e-08 1.031100e-06 1.061103e-06 7.634259e+01 1.765757e+02 4.093187e+02 
5.053376e+05 4.183191e+06 1.547467e+03 -2.500959e-07 1.496469e-08 1.031100e-06 1.061103e-06 7.634259e+01 1.765757e+02 4.093187e+02 
5.053376e+05 4.183191e+06 1.547467e+03 -2.500959e-07 1.496469e-08 1.031100e-06 1.061103e-06 7.634259e+01 1.765757e+02 4.093187e+02 
5.053376e+05 4.183191e+06 1.547467e+03 -2.500959e-07 1.496469e-08 1.031100e-06 1.061103e-06 7.634259e+01 1.765757e+02 4.093187e+02 
5.053376e+05 4.183191e+06 1.547467e+03 -2.500959e-07 1.496469e-08 1.031100e-06 1.061103e-06 7.634259e+01 1.765757e+02 4.093187e+02 
5.054074e+05 4.183235e+06 1.547467e+03 -2.477573e-07 -2.367473e-07 1.237975e-06 1.284530e-06 7.452734e+01 -1.363018e+02 4.917247e+02 
5.053376e+05 4.183191e+06 1.547467e+03 -2.500959e-07 1.496469e-08 1.031100e-06 1.061103e-06 7.634259e+01 1.765757e+02 5.741306e+02 
5.053376e+05 4.183191e+06 1.547467e+03 -2.500959e-07 1.496469e-08 1.031100e-06 1.061103e-06 7.634259e+01 1.765757e+02 5.741306e+02 
5.053376e+05 4.183191e+06 1.547467e+03 -2.500959e-07 1.496469e-08 1.031100e-06 1.061103e-06 7.634259e+01 1.765757e+02 5.741306e+02 
5.053376e+05 4.183191e+06 1.547467e+03 -2.500959e-07 1.496469e-08 1.031100e-06 1.061103e-06 7.634259e+01 1.765757e+02 5.741306e+02 
5.053376e+05 4.183191e+06 1.547467e+03 -2.500959e-07 1.496469e-08 1.031100e-06 1.061103e-06 7.634259e+01 1.765757e+02 5.741306e+02 
5.053376e+05 4.183191e+06 1.547467e+03 -2.500959e-07 1.496469e-08 1.031100e-06 1.061103e-06 7.634259e+01 1.765757e+02 5.741306e+02 
5.053376e+05 4.183191e+06 1.547467e+03 -2.500959e-07 1.496469e-08 1.031100e-06 1.061103e-06 7.634259e+01 1.765757e+02 5.741306e+02 
5.053376e+05 4.183191e+06 1.547467e+03 -2.500959e-07 1.496469e-08 1.031100e-06 1.061103e-06 7.634259e+01 1.765757e+02 5.741306e+02 
5.053376e+05 4.183191e+06 1.547467e+03 -2.500959e-07 1.496469e-08 1.031100e-06 1.061103e-06 7.634259e+01 1.765757e+02 5.741306e+02 
5.053376e+05 4.183191e+06 1.547467e+03 -2.500959e-07 1.496469e-08 1.031100e-06 1.061103e-06 7.634259e+01 1.765757e+02 5.741306e+02 
5.054025e+05 4.183246e+06 1.547467e+03 -2.734925e-07 -1.827236e-07 1.192859e-06 1.237376e-06 7.458444e+01 -1.462526e+02 6.589746e+02 
