# 1, 2, 3, 4   , 5   , 6   , 7   , 8   , 9   , 10  
# x, y, z, Bx_si, By_si, Bz_si, In_si, Ic_si, Dc_si, dmeas 
5.054212e+05 4.183194e+06 1.539596e+03 6.689311e-08 -5.189195e-07 3.349355e-07 6.212358e-07 -3.262538e+01 1.726546e+02 0.000000e+00 
5.053376e+05 4.183191e+06 1.547784e+03 -4.914577e-07 1.587326e-07 4.363102e-07 6.760867e-07 -4.019166e+01 -7.210042e+01 8.359704e+01 
5.053376e+05 4.183191e+06 1.547784e+03 -4.914577e-07 1.587326e-07 4.363102e-07 6.760867e-07 -4.019166e+01 -7.210042e+01 8.359704e+01 
5.054185e+05 4.183198e+06 1.539261e+03 -1.941240e-07 -2.410716e-07 8.326110e-07 8.882796e-07 -6.960786e+01 -1.411571e+02 1.646923e+02 
5.054177e+05 4.183199e+06 1.539230e+03 -2.531539e-07 -1.348842e-07 8.413025e-07 8.888591e-07 -7.117295e+01 -1.180494e+02 1.659860e+02 
5.054174e+05 4.183201e+06 1.539118e+03 -3.938321e-07 -6.708701e-08 9.372979e-07 1.018888e-06 -6.691481e+01 -9.966721e+01 1.687754e+02 
5.053376e+05 4.183191e+06 1.547784e+03 -4.914577e-07 1.587326e-07 4.363102e-07 6.760867e-07 -4.019166e+01 -7.210042e+01 2.492257e+02 
5.053376e+05 4.183191e+06 1.547784e+03 -4.914577e-07 1.587326e-07 4.363102e-07 6.760867e-07 -4.019166e+01 -7.210042e+01 2.492257e+02 
5.054165e+05 4.183204e+06 1.539112e+03 -4.464149e-07 2.011811e-08 9.262075e-07 1.028373e-06 -6.424405e+01 -8.741966e+01 3.292722e+02 
5.053376e+05 4.183191e+06 1.547784e+03 -4.914577e-07 1.587326e-07 4.363102e-07 6.760867e-07 -4.019166e+01 -7.210042e+01 4.093187e+02 
5.053376e+05 4.183191e+06 1.547784e+03 -4.914577e-07 1.587326e-07 4.363102e-07 6.760867e-07 -4.019166e+01 -7.210042e+01 4.093187e+02 
5.053376e+05 4.183191e+06 1.547784e+03 -4.914577e-07 1.587326e-07 4.363102e-07 6.760867e-07 -4.019166e+01 -7.210042e+01 4.093187e+02 
5.053376e+05 4.183191e+06 1.547784e+03 -4.914577e-07 1.587326e-07 4.363102e-07 6.760867e-07 -4.019166e+01 -7.210042e+01 4.093187e+02 
5.053376e+05 4.183191e+06 1.547784e+03 -4.914577e-07 1.587326e-07 4.363102e-07 6.760867e-07 -4.019166e+01 -7.210042e+01 4.093187e+02 
5.053376e+05 4.183191e+06 1.547784e+03 -4.914577e-07 1.587326e-07 4.363102e-07 6.760867e-07 -4.019166e+01 -7.210042e+01 4.093187e+02 
5.053376e+05 4.183191e+06 1.547784e+03 -4.914577e-07 1.587326e-07 4.363102e-07 6.760867e-07 -4.019166e+01 -7.210042e+01 4.093187e+02 
5.053376e+05 4.183191e+06 1.547784e+03 -4.914577e-07 1.587326e-07 4.363102e-07 6.760867e-07 -4.019166e+01 -7.210042e+01 4.093187e+02 
5.053376e+05 4.183191e+06 1.547784e+03 -4.914577e-07 1.587326e-07 4.363102e-07 6.760867e-07 -4.019166e+01 -7.210042e+01 4.093187e+02 
5.053376e+05 4.183191e+06 1.547784e+03 -4.914577e-07 1.587326e-07 4.363102e-07 6.760867e-07 -4.019166e+01 -7.210042e+01 4.093187e+02 
5.053376e+05 4.183191e+06 1.547784e+03 -4.914577e-07 1.587326e-07 4.363102e-07 6.760867e-07 -4.019166e+01 -7.210042e+01 4.093187e+02 
5.053376e+05 4.183191e+06 1.547784e+03 -4.914577e-07 1.587326e-07 4.363102e-07 6.760867e-07 -4.019166e+01 -7.210042e+01 4.093187e+02 
5.053376e+05 4.183191e+06 1.547784e+03 -4.914577e-07 1.587326e-07 4.363102e-07 6.760867e-07 -4.019166e+01 -7.210042e+01 4.093187e+02 
5.053376e+05 4.183191e+06 1.547784e+03 -4.914577e-07 1.587326e-07 4.363102e-07 6.760867e-07 -4.019166e+01 -7.210042e+01 4.093187e+02 
5.053376e+05 4.183191e+06 1.547784e+03 -4.914577e-07 1.587326e-07 4.363102e-07 6.760867e-07 -4.019166e+01 -7.210042e+01 4.093187e+02 
5.053376e+05 4.183191e+06 1.547784e+03 -4.914577e-07 1.587326e-07 4.363102e-07 6.760867e-07 -4.019166e+01 -7.210042e+01 4.093187e+02 
5.053376e+05 4.183191e+06 1.547784e+03 -4.914577e-07 1.587326e-07 4.363102e-07 6.760867e-07 -4.019166e+01 -7.210042e+01 4.093187e+02 
5.054074e+05 4.183235e+06 1.543892e+03 -7.165619e-07 8.319821e-07 -8.338305e-07 1.378742e-06 3.721276e+01 -4.073736e+01 4.917247e+02 
5.053376e+05 4.183191e+06 1.547784e+03 -4.914577e-07 1.587326e-07 4.363102e-07 6.760867e-07 -4.019166e+01 -7.210042e+01 5.741306e+02 
5.053376e+05 4.183191e+06 1.547784e+03 -4.914577e-07 1.587326e-07 4.363102e-07 6.760867e-07 -4.019166e+01 -7.210042e+01 5.741306e+02 
5.053376e+05 4.183191e+06 1.547784e+03 -4.914577e-07 1.587326e-07 4.363102e-07 6.760867e-07 -4.019166e+01 -7.210042e+01 5.741306e+02 
5.053376e+05 4.183191e+06 1.547784e+03 -4.914577e-07 1.587326e-07 4.363102e-07 6.760867e-07 -4.019166e+01 -7.210042e+01 5.741306e+02 
5.053376e+05 4.183191e+06 1.547784e+03 -4.914577e-07 1.587326e-07 4.363102e-07 6.760867e-07 -4.019166e+01 -7.210042e+01 5.741306e+02 
5.053376e+05 4.183191e+06 1.547784e+03 -4.914577e-07 1.587326e-07 4.363102e-07 6.760867e-07 -4.019166e+01 -7.210042e+01 5.741306e+02 
5.053376e+05 4.183191e+06 1.547784e+03 -4.914577e-07 1.587326e-07 4.363102e-07 6.760867e-07 -4.019166e+01 -7.210042e+01 5.741306e+02 
5.053376e+05 4.183191e+06 1.547784e+03 -4.914577e-07 1.587326e-07 4.363102e-07 6.760867e-07 -4.019166e+01 -7.210042e+01 5.741306e+02 
5.053376e+05 4.183191e+06 1.547784e+03 -4.914577e-07 1.587326e-07 4.363102e-07 6.760867e-07 -4.019166e+01 -7.210042e+01 5.741306e+02 
5.053376e+05 4.183191e+06 1.547784e+03 -4.914577e-07 1.587326e-07 4.363102e-07 6.760867e-07 -4.019166e+01 -7.210042e+01 5.741306e+02 
5.054025e+05 4.183246e+06 1.544209e+03 -7.842365e-07 -5.716235e-07 6.654771e-07 1.176707e-06 -3.443992e+01 -1.260880e+02 6.589746e+02 
