# 1    , 2      , 3      , 4      , 5      , 6      , 7       
# dmeas, Bx_siB0, By_siB0, Bz_siB0, In_siB0, Ic_siB0, Dc_siB0 
0.000000e+00 2.685304e-05 4.864986e-07 3.576990e-05 4.473040e-05 5.309934e+01 1.037918e+00 
1.462917e+00 2.684467e-05 4.666552e-07 3.565333e-05 4.463198e-05 5.301843e+01 9.959027e-01 
3.141891e+00 2.626363e-05 4.319033e-07 3.564120e-05 4.427483e-05 5.361019e+01 9.421396e-01 
5.068891e+00 2.677455e-05 6.912373e-07 3.488455e-05 4.398052e-05 5.248386e+01 1.478874e+00 
6.850777e+00 2.739249e-05 7.560473e-07 3.520361e-05 4.461182e-05 5.210238e+01 1.580993e+00 
7.898114e+00 2.692385e-05 8.051505e-07 3.450600e-05 4.377449e-05 5.202389e+01 1.712905e+00 
9.905640e+00 2.736879e-05 1.140590e-06 3.428973e-05 4.388779e-05 5.138019e+01 2.386410e+00 
1.175228e+01 2.780611e-05 1.519204e-06 3.394628e-05 4.390715e-05 5.063651e+01 3.127281e+00 
1.408905e+01 2.726278e-05 1.698930e-06 3.402068e-05 4.362972e-05 5.123854e+01 3.565879e+00 
1.616467e+01 2.999291e-05 1.549093e-06 3.542100e-05 4.643944e-05 4.970593e+01 2.956621e+00 
1.914335e+01 2.908720e-05 2.216485e-06 3.570323e-05 4.610530e-05 5.074927e+01 4.357598e+00 
2.129784e+01 2.930912e-05 1.555352e-06 3.613686e-05 4.655445e-05 5.091650e+01 3.037676e+00 
2.294425e+01 2.880972e-05 -4.001015e-07 3.701943e-05 4.691053e-05 5.210611e+01 -7.956569e-01 
2.543644e+01 2.818786e-05 4.060063e-07 3.633700e-05 4.599019e-05 5.219516e+01 8.252077e-01 
2.651729e+01 2.817637e-05 5.725389e-07 3.563183e-05 4.542976e-05 5.165857e+01 1.164080e+00 
2.789295e+01 2.758237e-05 2.728668e-07 3.645563e-05 4.571515e-05 5.288747e+01 5.667971e-01 
2.990289e+01 2.769880e-05 8.464770e-07 3.571991e-05 4.520898e-05 5.219546e+01 1.750418e+00 
3.085429e+01 2.767523e-05 7.435208e-07 3.543002e-05 4.496395e-05 5.199573e+01 1.538934e+00 
3.269822e+01 2.755940e-05 9.987055e-07 3.563677e-05 4.506104e-05 5.226553e+01 2.075393e+00 
3.451545e+01 2.743279e-05 9.534064e-07 3.567529e-05 4.501326e-05 5.242453e+01 1.990472e+00 
3.640440e+01 2.775224e-05 1.157823e-06 3.542603e-05 4.501701e-05 5.190118e+01 2.388994e+00 
3.803504e+01 2.704055e-05 1.409681e-06 3.501214e-05 4.426092e-05 5.228278e+01 2.984248e+00 
3.905805e+01 2.746007e-05 1.540590e-06 3.512519e-05 4.461175e-05 5.193882e+01 3.211093e+00 
4.164617e+01 2.739682e-05 8.136430e-07 3.543397e-05 4.479748e-05 5.227732e+01 1.701096e+00 
4.279082e+01 2.769357e-05 9.440536e-07 3.534145e-05 4.490927e-05 5.190159e+01 1.952416e+00 
4.524777e+01 2.761782e-05 1.463660e-06 3.568121e-05 4.514460e-05 5.222066e+01 3.033663e+00 
4.726816e+01 2.757033e-05 1.122164e-06 3.529401e-05 4.480011e-05 5.198140e+01 2.330760e+00 
4.909311e+01 2.725030e-05 1.189718e-06 3.605529e-05 4.521038e-05 5.289206e+01 2.499883e+00 
5.032032e+01 2.785811e-05 1.562860e-06 3.516749e-05 4.489175e-05 5.157149e+01 3.210969e+00 
5.163004e+01 2.762096e-05 2.135682e-06 3.520959e-05 4.480172e-05 5.180383e+01 4.421373e+00 
5.272181e+01 2.739618e-05 1.744494e-06 3.529668e-05 4.471521e-05 5.212634e+01 3.643477e+00 
5.463879e+01 2.812366e-05 1.832338e-06 3.570821e-05 4.549037e-05 5.171716e+01 3.727717e+00 
5.577126e+01 2.844848e-05 1.807169e-06 3.687816e-05 4.661095e-05 5.229694e+01 3.634788e+00 
5.702038e+01 2.845387e-05 1.500693e-06 3.667855e-05 4.644557e-05 5.215846e+01 3.019054e+00 
5.874908e+01 2.769406e-05 1.429959e-06 3.722977e-05 4.642264e-05 5.331906e+01 2.955793e+00 
5.986494e+01 2.722226e-05 1.011018e-06 3.721346e-05 4.611849e-05 5.379510e+01 2.126953e+00 
6.085990e+01 2.805646e-05 1.242547e-06 3.758233e-05 4.691631e-05 5.323053e+01 2.535823e+00 
6.211224e+01 2.772464e-05 8.445851e-07 3.744171e-05 4.659668e-05 5.346828e+01 1.744881e+00 
6.438260e+01 2.699440e-05 1.567018e-06 3.686184e-05 4.571595e-05 5.373825e+01 3.322277e+00 
