# 1      , 2      , 3      , 4    , 5     , 6      , 7      , 8      ,                    9              , 10  , 11  , 12  , 13    , 14      
# IGRF_In, IGRF_Ic, IGRF_Dc, dmeas, height, In_siB0, Ic_siB0, Dc_siB0,                    height m (-poh), In_m, Ic_m, Dc_m, min hP, max hP  
4.515490e-05 5.338396e+01 3.320776e+00 0.000000e+00 1.618170e+03 4.473040e-05 5.309934e+01 1.037918e+00 1.618200e+03 4.512688e+01 5.734835e+01 -5.014028e-01 1.614880e+03 1.619894e+03 
4.515490e-05 5.338396e+01 3.320776e+00 1.462917e+00 1.617876e+03 4.463198e-05 5.301843e+01 9.959027e-01 1.617500e+03 4.395462e+01 5.644628e+01 2.832817e-01 1.614880e+03 1.619894e+03 
4.515490e-05 5.338396e+01 3.320776e+00 3.141891e+00 1.617986e+03 4.427483e-05 5.361019e+01 9.421396e-01 1.616600e+03 4.285185e+01 5.445528e+01 1.212275e+00 1.614880e+03 1.619894e+03 
4.515490e-05 5.338396e+01 3.320776e+00 5.068891e+00 1.617294e+03 4.398052e-05 5.248386e+01 1.478874e+00 1.616100e+03 4.356360e+01 5.366400e+01 8.842551e-01 1.614880e+03 1.619894e+03 
4.515490e-05 5.338396e+01 3.320776e+00 6.850777e+00 1.616634e+03 4.461182e-05 5.210238e+01 1.580993e+00 1.615600e+03 4.366848e+01 5.436744e+01 -4.159297e-01 1.614880e+03 1.619894e+03 
4.515490e-05 5.338396e+01 3.320776e+00 7.898114e+00 1.616332e+03 4.377449e-05 5.202389e+01 1.712905e+00 1.615000e+03 4.361484e+01 5.383399e+01 2.539456e-01 1.614880e+03 1.619894e+03 
4.515490e-05 5.338396e+01 3.320776e+00 9.905640e+00 1.615742e+03 4.388779e-05 5.138019e+01 2.386410e+00 1.615200e+03 4.390633e+01 5.353076e+01 -2.788915e-01 1.614880e+03 1.619894e+03 
4.515490e-05 5.338396e+01 3.320776e+00 1.175228e+01 1.615105e+03 4.390715e-05 5.063651e+01 3.127281e+00 1.614500e+03 4.341071e+01 5.286854e+01 -8.125821e-01 1.614880e+03 1.619894e+03 
4.515490e-05 5.338396e+01 3.320776e+00 1.408905e+01 1.614880e+03 4.362972e-05 5.123854e+01 3.565879e+00 1.613000e+03 4.299787e+01 5.236421e+01 1.028947e+00 1.614880e+03 1.619894e+03 
4.515490e-05 5.338396e+01 3.320776e+00 1.616467e+01 1.615514e+03 4.643944e-05 4.970593e+01 2.956621e+00 1.613300e+03 4.267101e+01 5.165917e+01 3.401041e-01 1.614880e+03 1.619894e+03 
4.515490e-05 5.338396e+01 3.320776e+00 1.914335e+01 1.615862e+03 4.610530e-05 5.074927e+01 4.357598e+00 1.613500e+03 4.329734e+01 5.253257e+01 4.027359e+00 1.614880e+03 1.619894e+03 
4.515490e-05 5.338396e+01 3.320776e+00 2.129784e+01 1.615636e+03 4.655445e-05 5.091650e+01 3.037676e+00 1.613300e+03 4.332295e+01 5.205669e+01 2.739215e+00 1.614880e+03 1.619894e+03 
4.515490e-05 5.338396e+01 3.320776e+00 2.294425e+01 1.616363e+03 4.691053e-05 5.210611e+01 -7.956569e-01 1.613200e+03 4.392894e+01 5.136204e+01 2.961996e+00 1.614880e+03 1.619894e+03 
4.515490e-05 5.338396e+01 3.320776e+00 2.543644e+01 1.616661e+03 4.599019e-05 5.219516e+01 8.252077e-01 1.613800e+03 4.467428e+01 5.180661e+01 6.120830e+00 1.614880e+03 1.619894e+03 
4.515490e-05 5.338396e+01 3.320776e+00 2.651729e+01 1.616180e+03 4.542976e-05 5.165857e+01 1.164080e+00 1.615100e+03 4.522401e+01 5.240837e+01 3.259048e+00 1.614880e+03 1.619894e+03 
4.515490e-05 5.338396e+01 3.320776e+00 2.789295e+01 1.615752e+03 4.571515e-05 5.288747e+01 5.667971e-01 1.615100e+03 4.557778e+01 5.331225e+01 2.814648e+00 1.614880e+03 1.619894e+03 
4.515490e-05 5.338396e+01 3.320776e+00 2.990289e+01 1.615463e+03 4.520898e-05 5.219546e+01 1.750418e+00 1.614700e+03 4.530444e+01 5.340551e+01 -9.415508e-01 1.614880e+03 1.619894e+03 
4.515490e-05 5.338396e+01 3.320776e+00 3.085429e+01 1.615374e+03 4.496395e-05 5.199573e+01 1.538934e+00 1.614400e+03 4.468424e+01 5.303881e+01 -7.871670e-01 1.614880e+03 1.619894e+03 
4.515490e-05 5.338396e+01 3.320776e+00 3.269822e+01 1.615365e+03 4.506104e-05 5.226553e+01 2.075393e+00 1.614200e+03 4.461770e+01 5.367143e+01 -6.985970e-01 1.614880e+03 1.619894e+03 
4.515490e-05 5.338396e+01 3.320776e+00 3.451545e+01 1.615339e+03 4.501326e-05 5.242453e+01 1.990472e+00 1.614400e+03 4.464994e+01 5.332784e+01 -6.710090e-01 1.614880e+03 1.619894e+03 
4.515490e-05 5.338396e+01 3.320776e+00 3.640440e+01 1.615552e+03 4.501701e-05 5.190118e+01 2.388994e+00 1.614700e+03 4.484232e+01 5.399804e+01 -3.772879e-02 1.614880e+03 1.619894e+03 
4.515490e-05 5.338396e+01 3.320776e+00 3.803504e+01 1.615797e+03 4.426092e-05 5.228278e+01 2.984248e+00 1.614900e+03 4.463657e+01 5.362991e+01 -7.089642e-01 1.614880e+03 1.619894e+03 
4.515490e-05 5.338396e+01 3.320776e+00 3.905805e+01 1.615999e+03 4.461175e-05 5.193882e+01 3.211093e+00 1.614300e+03 4.440615e+01 5.348960e+01 4.315544e-01 1.614880e+03 1.619894e+03 
4.515490e-05 5.338396e+01 3.320776e+00 4.164617e+01 1.615708e+03 4.479748e-05 5.227732e+01 1.701096e+00 1.613200e+03 4.485111e+01 5.344340e+01 9.013794e-01 1.614880e+03 1.619894e+03 
4.515490e-05 5.338396e+01 3.320776e+00 4.279082e+01 1.615915e+03 4.490927e-05 5.190159e+01 1.952416e+00 1.613300e+03 4.509406e+01 5.216403e+01 nan 1.614880e+03 1.619894e+03 
4.515490e-05 5.338396e+01 3.320776e+00 4.524777e+01 1.616452e+03 4.514460e-05 5.222066e+01 3.033663e+00 1.614900e+03 4.543660e+01 5.433327e+01 -8.227240e-01 1.614880e+03 1.619894e+03 
4.515490e-05 5.338396e+01 3.320776e+00 4.726816e+01 1.616632e+03 4.480011e-05 5.198140e+01 2.330760e+00 1.615500e+03 4.507020e+01 5.541482e+01 -3.832664e-01 1.614880e+03 1.619894e+03 
4.515490e-05 5.338396e+01 3.320776e+00 4.909311e+01 1.616584e+03 4.521038e-05 5.289206e+01 2.499883e+00 1.614300e+03 4.318558e+01 5.366140e+01 nan 1.614880e+03 1.619894e+03 
4.515490e-05 5.338396e+01 3.320776e+00 5.032032e+01 1.616498e+03 4.489175e-05 5.157149e+01 3.210969e+00 1.614300e+03 4.387436e+01 5.201117e+01 nan 1.614880e+03 1.619894e+03 
4.515490e-05 5.338396e+01 3.320776e+00 5.163004e+01 1.616453e+03 4.480172e-05 5.180383e+01 4.421373e+00 1.615200e+03 4.523039e+01 5.308611e+01 nan 1.614880e+03 1.619894e+03 
4.515490e-05 5.338396e+01 3.320776e+00 5.272181e+01 1.616749e+03 4.471521e-05 5.212634e+01 3.643477e+00 1.615000e+03 4.552137e+01 5.269957e+01 nan 1.614880e+03 1.619894e+03 
4.515490e-05 5.338396e+01 3.320776e+00 5.463879e+01 1.617856e+03 4.549037e-05 5.171716e+01 3.727717e+00 1.615400e+03 4.529151e+01 5.342410e+01 nan 1.614880e+03 1.619894e+03 
4.515490e-05 5.338396e+01 3.320776e+00 5.577126e+01 1.618549e+03 4.661095e-05 5.229694e+01 3.634788e+00 1.615600e+03 4.482296e+01 5.254019e+01 nan 1.614880e+03 1.619894e+03 
4.515490e-05 5.338396e+01 3.320776e+00 5.702038e+01 1.619246e+03 4.644557e-05 5.215846e+01 3.019054e+00 1.615800e+03 4.482325e+01 5.144452e+01 nan 1.614880e+03 1.619894e+03 
4.515490e-05 5.338396e+01 3.320776e+00 5.874908e+01 1.619736e+03 4.642264e-05 5.331906e+01 2.955793e+00 1.617300e+03 4.659160e+01 5.444346e+01 nan 1.614880e+03 1.619894e+03 
4.515490e-05 5.338396e+01 3.320776e+00 5.986494e+01 1.619887e+03 4.611849e-05 5.379510e+01 2.126953e+00 1.618500e+03 4.670509e+01 5.460439e+01 nan 1.614880e+03 1.619894e+03 
4.515490e-05 5.338396e+01 3.320776e+00 6.085990e+01 1.619894e+03 4.691631e-05 5.323053e+01 2.535823e+00 1.619100e+03 4.662606e+01 5.522972e+01 2.790895e+00 1.614880e+03 1.619894e+03 
4.515490e-05 5.338396e+01 3.320776e+00 6.211224e+01 1.619725e+03 4.659668e-05 5.346828e+01 1.744881e+00 1.619900e+03 4.641214e+01 5.582490e+01 1.317295e+00 1.614880e+03 1.619894e+03 
4.515490e-05 5.338396e+01 3.320776e+00 6.438260e+01 1.619484e+03 4.571595e-05 5.373825e+01 3.322277e+00 1.619900e+03 4.642373e+01 5.581759e+01 1.604701e+00 1.614880e+03 1.619894e+03 
