# 1, 2, 3, 4   , 5   , 6   , 7   , 8   , 9   , 10  
# x, y, z, Bx_si, By_si, Bz_si, In_si, Ic_si, Dc_si, dmeas 
5.017023e+05 4.171114e+06 1.618170e+03 -1.073601e-06 -3.435829e-08 4.736997e-07 1.173964e-06 -2.379744e+01 -9.183300e+01 0.000000e+00 
5.017025e+05 4.171115e+06 1.617876e+03 -1.093445e-06 -4.272812e-08 5.902736e-07 1.243330e-06 -2.834321e+01 -9.223779e+01 1.462917e+00 
5.017017e+05 4.171116e+06 1.617986e+03 -1.128197e-06 -6.237697e-07 6.023951e-07 1.422953e-06 -2.504573e+01 -1.189378e+02 3.141891e+00 
5.017033e+05 4.171118e+06 1.617294e+03 -8.688627e-07 -1.128500e-07 1.359048e-06 1.616994e-06 -5.719066e+01 -9.740029e+01 5.068891e+00 
5.017051e+05 4.171118e+06 1.616634e+03 -8.040527e-07 5.050891e-07 1.039985e-06 1.408256e-06 -4.760308e+01 -5.786382e+01 6.850777e+00 
5.017057e+05 4.171119e+06 1.616332e+03 -7.549495e-07 3.644647e-08 1.737595e-06 1.894865e-06 -6.649166e+01 -8.723610e+01 7.898114e+00 
5.017070e+05 4.171120e+06 1.615742e+03 -4.195105e-07 4.813936e-07 1.953866e-06 2.055558e-06 -7.190226e+01 -4.107053e+01 9.905640e+00 
5.017086e+05 4.171121e+06 1.615105e+03 -4.089639e-08 9.187074e-07 2.297320e-06 2.474545e-06 -6.818377e+01 -2.548847e+00 1.175228e+01 
5.017102e+05 4.171123e+06 1.614880e+03 1.388299e-07 3.753848e-07 2.222921e-06 2.258664e-06 -7.979331e+01 2.029608e+01 1.408905e+01 
5.017116e+05 4.171124e+06 1.615514e+03 -1.100748e-08 3.105508e-06 8.226036e-07 3.212628e-06 -1.483600e+01 -2.030842e-01 1.616467e+01 
5.017146e+05 4.171125e+06 1.615862e+03 6.563853e-07 2.199798e-06 5.403659e-07 2.358378e-06 -1.324563e+01 1.661428e+01 1.914335e+01 
5.017166e+05 4.171124e+06 1.615636e+03 -4.747944e-09 2.421719e-06 1.067370e-07 2.424075e-06 -2.523667e+00 -1.123321e-01 2.129784e+01 
5.017177e+05 4.171125e+06 1.616363e+03 -1.960202e-06 1.922322e-06 -7.758288e-07 2.853002e-06 1.577939e+01 -4.555898e+01 2.294425e+01 
5.017198e+05 4.171127e+06 1.616661e+03 -1.154094e-06 1.300459e-06 -9.340154e-08 1.741221e-06 3.074902e+00 -4.158748e+01 2.543644e+01 
5.017208e+05 4.171126e+06 1.616180e+03 -9.875611e-07 1.288965e-06 6.117695e-07 1.735215e-06 -2.064405e+01 -3.745811e+01 2.651729e+01 
5.017222e+05 4.171126e+06 1.615752e+03 -1.287233e-06 6.949658e-07 -2.120349e-07 1.478143e-06 8.247349e+00 -6.163579e+01 2.789295e+01 
5.017238e+05 4.171127e+06 1.615463e+03 -7.136230e-07 8.114015e-07 5.236917e-07 1.200784e-06 -2.585688e+01 -4.133144e+01 2.990289e+01 
5.017247e+05 4.171127e+06 1.615374e+03 -8.165792e-07 7.878274e-07 8.135818e-07 1.396205e-06 -3.564133e+01 -4.602666e+01 3.085429e+01 
5.017260e+05 4.171129e+06 1.615365e+03 -5.613945e-07 6.720041e-07 6.068287e-07 1.065361e-06 -3.472227e+01 -3.987550e+01 3.269822e+01 
5.017273e+05 4.171130e+06 1.615339e+03 -6.066936e-07 5.453898e-07 5.683072e-07 9.942334e-07 -3.486211e+01 -4.804591e+01 3.451545e+01 
5.017274e+05 4.171132e+06 1.615552e+03 -4.022768e-07 8.648386e-07 8.175681e-07 1.256260e-06 -4.060158e+01 -2.494534e+01 3.640440e+01 
5.017271e+05 4.171134e+06 1.615797e+03 -1.504192e-07 1.531529e-07 1.231458e-06 1.250028e-06 -8.011162e+01 -4.448406e+01 3.803504e+01 
5.017275e+05 4.171135e+06 1.615999e+03 -1.951010e-08 5.726745e-07 1.118409e-06 1.256652e-06 -6.287207e+01 -1.951220e+00 3.905805e+01 
5.017300e+05 4.171135e+06 1.615708e+03 -7.464570e-07 5.094173e-07 8.096271e-07 1.213343e-06 -4.185671e+01 -5.568854e+01 4.164617e+01 
5.017300e+05 4.171136e+06 1.615915e+03 -6.160464e-07 8.061660e-07 9.021537e-07 1.357681e-06 -4.164254e+01 -3.738591e+01 4.279082e+01 
5.017292e+05 4.171139e+06 1.616452e+03 -9.644002e-08 7.304181e-07 5.623923e-07 9.268745e-07 -3.735574e+01 -7.521485e+00 4.524777e+01 
5.017304e+05 4.171140e+06 1.616632e+03 -4.379356e-07 6.829322e-07 9.495924e-07 1.248963e-06 -4.949104e+01 -3.267034e+01 4.726816e+01 
5.017319e+05 4.171141e+06 1.616584e+03 -3.703819e-07 3.629021e-07 1.883110e-07 5.516717e-07 -1.995891e+01 -4.558442e+01 4.909311e+01 
5.017329e+05 4.171142e+06 1.616498e+03 2.760120e-09 9.707066e-07 1.076107e-06 1.449236e-06 -4.794773e+01 1.629151e-01 5.032032e+01 
5.017342e+05 4.171142e+06 1.616453e+03 5.755822e-07 7.335636e-07 1.034011e-06 1.392332e-06 -4.795736e+01 3.811909e+01 5.163004e+01 
5.017351e+05 4.171143e+06 1.616749e+03 1.843939e-07 5.087834e-07 9.469176e-07 1.090649e-06 -6.025187e+01 1.992159e+01 5.272181e+01 
5.017360e+05 4.171145e+06 1.617856e+03 2.722377e-07 1.236257e-06 5.353911e-07 1.374441e-06 -2.292549e+01 1.241896e+01 5.463879e+01 
5.017364e+05 4.171146e+06 1.618549e+03 2.470688e-07 1.561083e-06 -6.345626e-07 1.703142e-06 2.187504e+01 8.993470e+00 5.577126e+01 
5.017370e+05 4.171147e+06 1.619246e+03 -5.940720e-08 1.566467e-06 -4.349502e-07 1.626816e-06 1.550740e+01 -2.171862e+00 5.702038e+01 
5.017386e+05 4.171148e+06 1.619736e+03 -1.301412e-07 8.066578e-07 -9.861660e-07 1.280686e-06 5.035653e+01 -9.164776e+00 5.874908e+01 
5.017396e+05 4.171148e+06 1.619887e+03 -5.490818e-07 3.348569e-07 -9.698609e-07 1.163723e-06 5.645090e+01 -5.862313e+01 5.986494e+01 
5.017405e+05 4.171149e+06 1.619894e+03 -3.175529e-07 1.169055e-06 -1.338734e-06 1.805475e-06 4.785815e+01 -1.519669e+01 6.085990e+01 
5.017417e+05 4.171149e+06 1.619725e+03 -7.155149e-07 8.372385e-07 -1.198110e-06 1.627390e-06 4.741005e+01 -4.051763e+01 6.211224e+01 
5.017438e+05 4.171149e+06 1.619484e+03 6.917945e-09 1.069962e-07 -6.182403e-07 6.274689e-07 8.016122e+01 3.699367e+00 6.438260e+01 
