# 1,2,3, 4    , 5    , 6    , 7    , 8    , 9     
# x,y,z, Bx_si, By_si, Bz_si, Bx_th, By_th, Bz_th 
2.523000e+01 4.977900e+01 1.000000e+00 2.603963e-07 -3.887749e-07 -1.502177e-06 0.000000e+00 0.000000e+00 0.000000e+00 
2.629435e+01 4.977900e+01 1.000000e+00 2.392455e-07 -3.921454e-07 -1.485210e-06 0.000000e+00 0.000000e+00 0.000000e+00 
2.735870e+01 4.977900e+01 1.000000e+00 2.198285e-07 -3.953682e-07 -1.469355e-06 0.000000e+00 0.000000e+00 0.000000e+00 
2.842304e+01 4.977900e+01 1.000000e+00 2.019533e-07 -3.984426e-07 -1.454564e-06 0.000000e+00 0.000000e+00 0.000000e+00 
2.948739e+01 4.977900e+01 1.000000e+00 1.854510e-07 -4.013677e-07 -1.440789e-06 0.000000e+00 0.000000e+00 0.000000e+00 
3.055174e+01 4.977900e+01 1.000000e+00 1.701724e-07 -4.041431e-07 -1.427983e-06 0.000000e+00 0.000000e+00 0.000000e+00 
3.161609e+01 4.977900e+01 1.000000e+00 1.559851e-07 -4.067686e-07 -1.416103e-06 0.000000e+00 0.000000e+00 0.000000e+00 
3.268043e+01 4.977900e+01 1.000000e+00 1.427714e-07 -4.092441e-07 -1.405108e-06 0.000000e+00 0.000000e+00 0.000000e+00 
3.374478e+01 4.977900e+01 1.000000e+00 1.304264e-07 -4.115695e-07 -1.394959e-06 0.000000e+00 0.000000e+00 0.000000e+00 
3.480913e+01 4.977900e+01 1.000000e+00 1.188560e-07 -4.137450e-07 -1.385618e-06 0.000000e+00 0.000000e+00 0.000000e+00 
3.587348e+01 4.977900e+01 1.000000e+00 1.079755e-07 -4.157709e-07 -1.377054e-06 0.000000e+00 0.000000e+00 0.000000e+00 
3.693783e+01 4.977900e+01 1.000000e+00 9.770858e-08 -4.176473e-07 -1.369233e-06 0.000000e+00 0.000000e+00 0.000000e+00 
3.800217e+01 4.977900e+01 1.000000e+00 8.798604e-08 -4.193748e-07 -1.362129e-06 0.000000e+00 0.000000e+00 0.000000e+00 
3.906652e+01 4.977900e+01 1.000000e+00 7.874479e-08 -4.209535e-07 -1.355714e-06 0.000000e+00 0.000000e+00 0.000000e+00 
4.013087e+01 4.977900e+01 1.000000e+00 6.992709e-08 -4.223841e-07 -1.349966e-06 0.000000e+00 0.000000e+00 0.000000e+00 
4.119522e+01 4.977900e+01 1.000000e+00 6.147979e-08 -4.236669e-07 -1.344862e-06 0.000000e+00 0.000000e+00 0.000000e+00 
4.225957e+01 4.977900e+01 1.000000e+00 5.335369e-08 -4.248022e-07 -1.340385e-06 0.000000e+00 0.000000e+00 0.000000e+00 
4.332391e+01 4.977900e+01 1.000000e+00 4.550294e-08 -4.257905e-07 -1.336518e-06 0.000000e+00 0.000000e+00 0.000000e+00 
4.438826e+01 4.977900e+01 1.000000e+00 3.788453e-08 -4.266322e-07 -1.333247e-06 0.000000e+00 0.000000e+00 0.000000e+00 
4.545261e+01 4.977900e+01 1.000000e+00 3.045780e-08 -4.273276e-07 -1.330560e-06 0.000000e+00 0.000000e+00 0.000000e+00 
4.651696e+01 4.977900e+01 1.000000e+00 2.318402e-08 -4.278770e-07 -1.328447e-06 0.000000e+00 0.000000e+00 0.000000e+00 
4.758130e+01 4.977900e+01 1.000000e+00 1.602596e-08 -4.282805e-07 -1.326900e-06 0.000000e+00 0.000000e+00 0.000000e+00 
4.864565e+01 4.977900e+01 1.000000e+00 8.947536e-09 -4.285384e-07 -1.325914e-06 0.000000e+00 0.000000e+00 0.000000e+00 
4.971000e+01 4.977900e+01 1.000000e+00 1.913455e-09 -4.286508e-07 -1.325485e-06 0.000000e+00 0.000000e+00 0.000000e+00 
5.077435e+01 4.977900e+01 1.000000e+00 -5.111156e-09 -4.286177e-07 -1.325611e-06 0.000000e+00 0.000000e+00 0.000000e+00 
5.183870e+01 4.977900e+01 1.000000e+00 -1.216107e-08 -4.284391e-07 -1.326294e-06 0.000000e+00 0.000000e+00 0.000000e+00 
5.290304e+01 4.977900e+01 1.000000e+00 -1.927132e-08 -4.281149e-07 -1.327534e-06 0.000000e+00 0.000000e+00 0.000000e+00 
5.396739e+01 4.977900e+01 1.000000e+00 -2.647751e-08 -4.276451e-07 -1.329338e-06 0.000000e+00 0.000000e+00 0.000000e+00 
5.503174e+01 4.977900e+01 1.000000e+00 -3.381620e-08 -4.270293e-07 -1.331711e-06 0.000000e+00 0.000000e+00 0.000000e+00 
5.609609e+01 4.977900e+01 1.000000e+00 -4.132524e-08 -4.262674e-07 -1.334663e-06 0.000000e+00 0.000000e+00 0.000000e+00 
5.716043e+01 4.977900e+01 1.000000e+00 -4.904421e-08 -4.253590e-07 -1.338203e-06 0.000000e+00 0.000000e+00 0.000000e+00 
5.822478e+01 4.977900e+01 1.000000e+00 -5.701477e-08 -4.243038e-07 -1.342346e-06 0.000000e+00 0.000000e+00 0.000000e+00 
5.928913e+01 4.977900e+01 1.000000e+00 -6.528116e-08 -4.231014e-07 -1.347106e-06 0.000000e+00 0.000000e+00 0.000000e+00 
6.035348e+01 4.977900e+01 1.000000e+00 -7.389070e-08 -4.217515e-07 -1.352500e-06 0.000000e+00 0.000000e+00 0.000000e+00 
6.141783e+01 4.977900e+01 1.000000e+00 -8.289429e-08 -4.202535e-07 -1.358549e-06 0.000000e+00 0.000000e+00 0.000000e+00 
6.248217e+01 4.977900e+01 1.000000e+00 -9.234710e-08 -4.186071e-07 -1.365275e-06 0.000000e+00 0.000000e+00 0.000000e+00 
6.354652e+01 4.977900e+01 1.000000e+00 -1.023092e-07 -4.168119e-07 -1.372702e-06 0.000000e+00 0.000000e+00 0.000000e+00 
6.461087e+01 4.977900e+01 1.000000e+00 -1.128463e-07 -4.148675e-07 -1.380857e-06 0.000000e+00 0.000000e+00 0.000000e+00 
6.567522e+01 4.977900e+01 1.000000e+00 -1.240309e-07 -4.127736e-07 -1.389771e-06 0.000000e+00 0.000000e+00 0.000000e+00 
6.673957e+01 4.977900e+01 1.000000e+00 -1.359427e-07 -4.105299e-07 -1.399475e-06 0.000000e+00 0.000000e+00 0.000000e+00 
6.780391e+01 4.977900e+01 1.000000e+00 -1.486708e-07 -4.081362e-07 -1.410004e-06 0.000000e+00 0.000000e+00 0.000000e+00 
6.886826e+01 4.977900e+01 1.000000e+00 -1.623137e-07 -4.055924e-07 -1.421397e-06 0.000000e+00 0.000000e+00 0.000000e+00 
6.993261e+01 4.977900e+01 1.000000e+00 -1.769822e-07 -4.028987e-07 -1.433693e-06 0.000000e+00 0.000000e+00 0.000000e+00 
7.099696e+01 4.977900e+01 1.000000e+00 -1.928003e-07 -4.000551e-07 -1.446934e-06 0.000000e+00 0.000000e+00 0.000000e+00 
7.206130e+01 4.977900e+01 1.000000e+00 -2.099078e-07 -3.970620e-07 -1.461166e-06 0.000000e+00 0.000000e+00 0.000000e+00 
7.312565e+01 4.977900e+01 1.000000e+00 -2.284623e-07 -3.939200e-07 -1.476435e-06 0.000000e+00 0.000000e+00 0.000000e+00 
7.419000e+01 4.977900e+01 1.000000e+00 -2.486431e-07 -3.906299e-07 -1.492790e-06 0.000000e+00 0.000000e+00 0.000000e+00 
