# 1 , 2 , 3 , 4      , 5      , 6      , 7      , 8      , 9      , 10 (pm), 11 (pm), 12 (pm)  
# xm, ym, zm, IGRF_In, IGRF_Ic, IGRF_Dc, In_siB0, Ic_siB0, Dc_siB0, Bx_siB0, By_siB0, Bz_siB0  
2.477900e+01 2.300000e-01 1.207864e+00 4.518274e-05 5.346856e+01 3.327694e+00 5.131592e-05 5.138770e+01 3.465762e+00 3.196500e-05 1.935891e-06 4.009756e-05 
2.477900e+01 1.294348e+00 2.255164e+00 4.518274e-05 5.346856e+01 3.327694e+00 5.125422e-05 5.277260e+01 3.710160e+00 3.094279e-05 2.006490e-06 4.081069e-05 
2.477900e+01 2.358696e+00 3.211530e+00 4.518274e-05 5.346856e+01 3.327694e+00 5.120201e-05 5.380846e+01 3.899829e+00 3.016409e-05 2.056291e-06 4.132246e-05 
2.477900e+01 3.423043e+00 4.008937e+00 4.518274e-05 5.346856e+01 3.327694e+00 5.116584e-05 5.494560e+01 4.121579e+00 2.931130e-05 2.112157e-06 4.188473e-05 
2.477900e+01 4.487391e+00 4.590665e+00 4.518274e-05 5.346856e+01 3.327694e+00 5.074129e-05 5.644792e+01 4.401502e+00 2.796173e-05 2.152275e-06 4.228697e-05 
2.477900e+01 5.551739e+00 4.915335e+00 4.518274e-05 5.346856e+01 3.327694e+00 4.957707e-05 5.733442e+01 4.487197e+00 2.667644e-05 2.093484e-06 4.173572e-05 
2.477900e+01 6.616087e+00 4.959853e+00 4.518274e-05 5.346856e+01 3.327694e+00 4.872686e-05 5.752001e+01 4.444664e+00 2.608788e-05 2.027810e-06 4.110496e-05 
2.477900e+01 7.680435e+00 4.721053e+00 4.518274e-05 5.346856e+01 3.327694e+00 4.813424e-05 5.762991e+01 4.412502e+00 2.569401e-05 1.982686e-06 4.065455e-05 
2.477900e+01 8.744783e+00 4.215920e+00 4.518274e-05 5.346856e+01 3.327694e+00 4.760644e-05 5.777531e+01 4.397577e+00 2.531096e-05 1.946496e-06 4.027331e-05 
2.477900e+01 9.809130e+00 3.480385e+00 4.518274e-05 5.346856e+01 3.327694e+00 4.692214e-05 5.796275e+01 4.377275e+00 2.481821e-05 1.899756e-06 3.977606e-05 
2.477900e+01 1.087348e+01 2.566767e+00 4.518274e-05 5.346856e+01 3.327694e+00 4.587615e-05 5.732435e+01 4.132454e+00 2.470335e-05 1.784823e-06 3.861581e-05 
2.477900e+01 1.193783e+01 1.540052e+00 4.518274e-05 5.346856e+01 3.327694e+00 4.577051e-05 5.624335e+01 3.909256e+00 2.537397e-05 1.733942e-06 3.805384e-05 
2.477900e+01 1.300217e+01 4.732709e-01 4.518274e-05 5.346856e+01 3.327694e+00 4.587533e-05 5.552858e+01 3.794277e+00 2.590830e-05 1.718228e-06 3.782002e-05 
2.477900e+01 1.406652e+01 -5.576963e-01 4.518274e-05 5.346856e+01 3.327694e+00 4.608330e-05 5.487643e+01 3.705920e+00 2.645821e-05 1.713721e-06 3.769213e-05 
2.477900e+01 1.513087e+01 -1.479516e+00 4.518274e-05 5.346856e+01 3.327694e+00 4.663894e-05 5.432865e+01 3.673936e+00 2.714091e-05 1.742726e-06 3.788832e-05 
2.477900e+01 1.619522e+01 -2.226619e+00 4.518274e-05 5.346856e+01 3.327694e+00 4.706205e-05 5.483574e+01 3.832245e+00 2.704349e-05 1.811514e-06 3.847343e-05 
2.477900e+01 1.725957e+01 -2.745863e+00 4.518274e-05 5.346856e+01 3.327694e+00 4.675911e-05 5.498663e+01 3.844207e+00 2.676849e-05 1.798707e-06 3.829656e-05 
2.477900e+01 1.832391e+01 -3.000315e+00 4.518274e-05 5.346856e+01 3.327694e+00 4.640798e-05 5.462729e+01 3.745282e+00 2.680787e-05 1.754864e-06 3.784124e-05 
2.477900e+01 1.938826e+01 -2.971874e+00 4.518274e-05 5.346856e+01 3.327694e+00 4.633000e-05 5.362328e+01 3.547621e+00 2.742529e-05 1.700283e-06 3.730190e-05 
2.477900e+01 2.045261e+01 -2.662564e+00 4.518274e-05 5.346856e+01 3.327694e+00 4.731045e-05 5.292066e+01 3.511236e+00 2.847089e-05 1.746958e-06 3.774435e-05 
2.477900e+01 2.151696e+01 -2.094387e+00 4.518274e-05 5.346856e+01 3.327694e+00 4.805709e-05 5.331241e+01 3.651547e+00 2.865349e-05 1.828607e-06 3.853722e-05 
2.477900e+01 2.258130e+01 -1.307757e+00 4.518274e-05 5.346856e+01 3.327694e+00 4.843682e-05 5.379021e+01 3.772211e+00 2.855175e-05 1.882496e-06 3.908170e-05 
2.477900e+01 2.364565e+01 -3.586271e-01 4.518274e-05 5.346856e+01 3.327694e+00 4.867481e-05 5.423682e+01 3.873009e+00 2.838236e-05 1.921483e-06 3.949667e-05 
2.477900e+01 2.471000e+01 6.854902e-01 4.518274e-05 5.346856e+01 3.327694e+00 4.885191e-05 5.467381e+01 3.966439e+00 2.818001e-05 1.953952e-06 3.985697e-05 
2.477900e+01 2.577435e+01 1.750327e+00 4.518274e-05 5.346856e+01 3.327694e+00 4.900261e-05 5.513815e+01 4.064492e+00 2.793943e-05 1.985320e-06 4.020824e-05 
2.477900e+01 2.683870e+01 2.760140e+00 4.518274e-05 5.346856e+01 3.327694e+00 4.914400e-05 5.568383e+01 4.181933e+00 2.763162e-05 2.020379e-06 4.058996e-05 
2.477900e+01 2.790304e+01 3.643101e+00 4.518274e-05 5.346856e+01 3.327694e+00 4.927155e-05 5.641307e+01 4.343320e+00 2.717882e-05 2.064252e-06 4.104554e-05 
2.477900e+01 2.896739e+01 4.336405e+00 4.518274e-05 5.346856e+01 3.327694e+00 4.924247e-05 5.754771e+01 4.591042e+00 2.633858e-05 2.115008e-06 4.155269e-05 
2.477900e+01 3.003174e+01 4.790737e+00 4.518274e-05 5.346856e+01 3.327694e+00 4.839597e-05 5.883108e+01 4.807332e+00 2.495984e-05 2.099153e-06 4.140978e-05 
2.477900e+01 3.109609e+01 4.973780e+00 4.518274e-05 5.346856e+01 3.327694e+00 4.733390e-05 5.914069e+01 4.768895e+00 2.419501e-05 2.018485e-06 4.063281e-05 
2.477900e+01 3.216043e+01 4.872513e+00 4.518274e-05 5.346856e+01 3.327694e+00 4.660907e-05 5.917592e+01 4.701330e+00 2.380231e-05 1.957462e-06 4.002529e-05 
2.477900e+01 3.322478e+01 4.494141e+00 4.518274e-05 5.346856e+01 3.327694e+00 4.601429e-05 5.923316e+01 4.656367e+00 2.346072e-05 1.910836e-06 3.953806e-05 
2.477900e+01 3.428913e+01 3.865577e+00 4.518274e-05 5.346856e+01 3.327694e+00 4.538503e-05 5.936682e+01 4.627843e+00 2.305009e-05 1.865840e-06 3.905142e-05 
2.477900e+01 3.535348e+01 3.031531e+00 4.518274e-05 5.346856e+01 3.327694e+00 4.435917e-05 5.936750e+01 4.518169e+00 2.253207e-05 1.780502e-06 3.816899e-05 
2.477900e+01 3.641783e+01 2.051329e+00 4.518274e-05 5.346856e+01 3.327694e+00 4.368937e-05 5.812283e+01 4.166652e+00 2.301138e-05 1.676385e-06 3.710024e-05 
2.477900e+01 3.748217e+01 9.946926e-01 4.518274e-05 5.346856e+01 3.327694e+00 4.367981e-05 5.726080e+01 3.998123e+00 2.356525e-05 1.647067e-06 3.674088e-05 
2.477900e+01 3.854652e+01 -6.321798e-02 4.518274e-05 5.346856e+01 3.327694e+00 4.378226e-05 5.661298e+01 3.893155e+00 2.403741e-05 1.635821e-06 3.655698e-05 
2.477900e+01 3.961087e+01 -1.047154e+00 4.518274e-05 5.346856e+01 3.327694e+00 4.408221e-05 5.600993e+01 3.820955e+00 2.458935e-05 1.642256e-06 3.655008e-05 
2.477900e+01 4.067522e+01 -1.887127e+00 4.518274e-05 5.346856e+01 3.327694e+00 4.480931e-05 5.607249e+01 3.930426e+00 2.495121e-05 1.714315e-06 3.718028e-05 
2.477900e+01 4.173957e+01 -2.523389e+00 4.518274e-05 5.346856e+01 3.327694e+00 4.471499e-05 5.672196e+01 4.066319e+00 2.447346e-05 1.739819e-06 3.738253e-05 
2.477900e+01 4.280391e+01 -2.910683e+00 4.518274e-05 5.346856e+01 3.327694e+00 4.434599e-05 5.678444e+01 4.043099e+00 2.423185e-05 1.712774e-06 3.710054e-05 
2.477900e+01 4.386826e+01 -3.021461e+00 4.518274e-05 5.346856e+01 3.327694e+00 4.399930e-05 5.631153e+01 3.905373e+00 2.434873e-05 1.662224e-06 3.661031e-05 
2.477900e+01 4.493261e+01 -2.847843e+00 4.518274e-05 5.346856e+01 3.327694e+00 4.435135e-05 5.529713e+01 3.737857e+00 2.519643e-05 1.646098e-06 3.646194e-05 
2.477900e+01 4.599696e+01 -2.402178e+00 4.518274e-05 5.346856e+01 3.327694e+00 4.523251e-05 5.555403e+01 3.882701e+00 2.552609e-05 1.732452e-06 3.730144e-05 
2.477900e+01 4.706130e+01 -1.716167e+00 4.518274e-05 5.346856e+01 3.327694e+00 4.553482e-05 5.637038e+01 4.078964e+00 2.515431e-05 1.793801e-06 3.791389e-05 
2.477900e+01 4.812565e+01 -8.386058e-01 4.518274e-05 5.346856e+01 3.327694e+00 4.540610e-05 5.732556e+01 4.262948e+00 2.444534e-05 1.822158e-06 3.822066e-05 
2.477900e+01 4.919000e+01 1.680840e-01 4.518274e-05 5.346856e+01 3.327694e+00 4.441676e-05 5.838074e+01 4.373986e+00 2.321865e-05 1.775974e-06 3.782313e-05 
