# 1,2,3, 4    , 5    , 6    , 7    , 8    , 9     
# x,y,z, Bx_si, By_si, Bz_si, In_si, Ic_si, Dc_si 
2.477900e+01 2.300000e-01 1.207864e+00 3.593252e-07 1.372018e-06 1.093580e-06 1.790940e-06 -3.763422e+01 1.467590e+01 
2.477900e+01 1.294348e+00 2.255164e+00 4.295642e-07 1.481035e-06 8.549304e-07 1.763206e-06 -2.900413e+01 1.617445e+01 
2.477900e+01 2.358696e+00 3.211530e+00 4.790361e-07 1.459828e-06 2.913124e-07 1.563789e-06 -1.073614e+01 1.816702e+01 
2.477900e+01 3.423043e+00 4.008937e+00 5.346071e-07 1.101573e-06 -4.021832e-07 1.288806e-06 1.818335e+01 2.588787e+01 
2.477900e+01 4.487391e+00 4.590665e+00 5.744663e-07 1.078323e-07 -9.377961e-07 1.105034e-06 5.806599e+01 7.936879e+01 
2.477900e+01 5.551739e+00 4.915335e+00 5.154513e-07 -9.031152e-07 -5.092781e-07 1.157874e-06 2.609362e+01 1.502845e+02 
2.477900e+01 6.616087e+00 4.959853e+00 4.495900e-07 -1.269968e-06 1.050887e-08 1.347241e-06 -4.469280e-01 1.605052e+02 
2.477900e+01 7.680435e+00 4.721053e+00 4.043139e-07 -1.478482e-06 3.604988e-07 1.574592e-06 -1.323511e+01 1.647055e+02 
2.477900e+01 8.744783e+00 4.215920e+00 3.680064e-07 -1.702560e-06 6.503098e-07 1.859312e-06 -2.047253e+01 1.678032e+02 
2.477900e+01 9.809130e+00 3.480385e+00 3.211837e-07 -2.056121e-06 1.063728e-06 2.337158e-06 -2.707378e+01 1.711217e+02 
2.477900e+01 1.087348e+01 2.566767e+00 2.062016e-07 -2.047009e-06 2.146553e-06 2.973290e-06 -4.621532e+01 1.742478e+02 
2.477900e+01 1.193783e+01 1.540052e+00 1.553025e-07 -1.264316e-06 2.636500e-06 2.928096e-06 -6.421260e+01 1.729971e+02 
2.477900e+01 1.300217e+01 4.732709e-01 1.396003e-07 -6.273397e-07 2.802882e-06 2.875621e-06 -7.708565e+01 1.674545e+02 
2.477900e+01 1.406652e+01 -5.576963e-01 1.351341e-07 1.772295e-08 2.867218e-06 2.870455e-06 -8.727853e+01 8.252826e+01 
2.477900e+01 1.513087e+01 -1.479516e+00 1.642082e-07 7.896109e-07 2.610769e-06 2.732501e-06 -7.283332e+01 1.174784e+01 
2.477900e+01 1.619522e+01 -2.226619e+00 2.330905e-07 7.766481e-07 1.968180e-06 2.128672e-06 -6.760879e+01 1.670575e+01 
2.477900e+01 1.725957e+01 -2.745863e+00 2.204042e-07 5.824074e-07 2.089902e-06 2.180703e-06 -7.340780e+01 2.072847e+01 
2.477900e+01 1.832391e+01 -3.000315e+00 1.767049e-07 6.997020e-07 2.492009e-06 2.594401e-06 -7.384932e+01 1.417330e+01 
2.477900e+01 1.938826e+01 -2.971874e+00 1.222920e-07 1.392942e-06 2.979700e-06 3.291482e-06 -6.486049e+01 5.017361e+00 
2.477900e+01 2.045261e+01 -2.662564e+00 1.691574e-07 2.512936e-06 2.486831e-06 3.539462e-06 -4.463610e+01 3.851036e+00 
2.477900e+01 2.151696e+01 -2.094387e+00 2.510185e-07 2.769084e-06 1.644463e-06 3.230340e-06 -3.060177e+01 5.179727e+00 
2.477900e+01 2.258130e+01 -1.307757e+00 3.051424e-07 2.740567e-06 1.051120e-06 2.951046e-06 -2.086613e+01 6.353305e+00 
2.477900e+01 2.364565e+01 -3.586271e-01 3.443855e-07 2.644591e-06 5.876277e-07 2.730892e-06 -1.242597e+01 7.419454e+00 
2.477900e+01 2.471000e+01 6.854902e-01 3.771313e-07 2.516287e-06 1.788513e-07 2.550670e-06 -4.020842e+00 8.523821e+00 
2.477900e+01 2.577435e+01 1.750327e+00 4.087981e-07 2.350856e-06 -2.211103e-07 2.396357e-06 5.294174e+00 9.864709e+00 
2.477900e+01 2.683870e+01 2.760140e+00 4.441775e-07 2.119732e-06 -6.520401e-07 2.261794e-06 1.675527e+01 1.183476e+01 
2.477900e+01 2.790304e+01 3.643101e+00 4.883915e-07 1.745606e-06 -1.157650e-06 2.150772e-06 3.256449e+01 1.563074e+01 
2.477900e+01 2.896739e+01 4.336405e+00 5.395099e-07 9.864797e-07 -1.715970e-06 2.051528e-06 5.676558e+01 2.867444e+01 
2.477900e+01 3.003174e+01 4.790737e+00 5.240391e-07 -3.082454e-07 -1.625712e-06 1.735676e-06 6.949551e+01 1.204645e+02 
2.477900e+01 3.109609e+01 4.973780e+00 4.437758e-07 -9.856579e-07 -9.032697e-07 1.408671e-06 3.988293e+01 1.557611e+02 
2.477900e+01 3.216043e+01 4.872513e+00 3.831792e-07 -1.286995e-06 -3.525693e-07 1.388340e-06 1.471139e+01 1.634201e+02 
2.477900e+01 3.322478e+01 4.494141e+00 3.369996e-07 -1.532691e-06 7.505785e-08 1.571097e-06 -2.738301e+00 1.675994e+02 
2.477900e+01 3.428913e+01 3.865577e+00 2.924697e-07 -1.842243e-06 4.987499e-07 1.930842e-06 -1.496963e+01 1.709792e+02 
2.477900e+01 3.535348e+01 3.031531e+00 2.076165e-07 -2.253245e-06 1.314206e-06 2.616745e-06 -3.014759e+01 1.747356e+02 
2.477900e+01 3.641783e+01 2.051329e+00 1.040027e-07 -1.660126e-06 2.311153e-06 2.847501e-06 -5.425672e+01 1.764152e+02 
2.477900e+01 3.748217e+01 9.946926e-01 7.520381e-08 -9.846308e-07 2.592886e-06 2.774565e-06 -6.915070e+01 1.756324e+02 
2.477900e+01 3.854652e+01 -6.321798e-02 6.449187e-08 -3.818106e-07 2.692078e-06 2.719784e-06 -8.181492e+01 1.704126e+02 
2.477900e+01 3.961087e+01 -1.047154e+00 7.147244e-08 3.113313e-07 2.605575e-06 2.625082e-06 -8.301071e+01 1.292938e+01 
2.477900e+01 4.067522e+01 -1.887127e+00 1.440874e-07 8.268410e-07 1.871099e-06 2.050717e-06 -6.584087e+01 9.885240e+00 
2.477900e+01 4.173957e+01 -2.523389e+00 1.701539e-07 5.176320e-07 1.550702e-06 1.643646e-06 -7.063970e+01 1.819652e+01 
2.477900e+01 4.280391e+01 -2.910683e+00 1.436738e-07 4.627225e-07 1.696367e-06 1.764204e-06 -7.405965e+01 1.724940e+01 
2.477900e+01 4.386826e+01 -3.021461e+00 9.368931e-08 7.889244e-07 2.025562e-06 2.175795e-06 -6.858385e+01 6.772486e+00 
2.477900e+01 4.493261e+01 -2.847843e+00 7.812406e-08 1.874823e-06 1.977586e-06 2.726153e-06 -4.650319e+01 2.386140e+00 
2.477900e+01 4.599696e+01 -2.402178e+00 1.650308e-07 2.480461e-06 8.877091e-07 2.639688e-06 -1.965120e+01 3.806411e+00 
2.477900e+01 4.706130e+01 -1.716167e+00 2.269203e-07 2.434154e-06 -6.624204e-08 2.445605e-06 1.552112e+00 5.325920e+00 
2.477900e+01 4.812565e+01 -8.386058e-01 2.558020e-07 2.106444e-06 -8.915046e-07 2.301591e-06 2.278926e+01 6.923972e+00 
2.477900e+01 4.919000e+01 1.680840e-01 2.101237e-07 1.221334e-06 -1.411677e-06 1.878467e-06 4.872089e+01 9.761856e+00 
