# 1 , 2 , 3 , 4      , 5      , 6      , 7      , 8      , 9      , 10 (pm), 11 (pm), 12 (pm)  
# xm, ym, zm, IGRF_In, IGRF_Ic, IGRF_Dc, In_siB0, Ic_siB0, Dc_siB0, Bx_siB0, By_siB0, Bz_siB0  
2.477900e+01 2.300000e-01 1.207864e+00 4.518274e-05 5.346856e+01 3.327694e+00 4.516726e-05 5.122341e+01 3.892969e+00 2.822232e-05 1.920525e-06 3.521212e-05 
2.477900e+01 1.294348e+00 2.255164e+00 4.518274e-05 5.346856e+01 3.327694e+00 4.542449e-05 5.130023e+01 4.019409e+00 2.833133e-05 1.990764e-06 3.545077e-05 
2.477900e+01 2.358696e+00 3.211530e+00 4.518274e-05 5.346856e+01 3.327694e+00 4.585479e-05 5.175776e+01 4.122029e+00 2.831013e-05 2.040236e-06 3.601439e-05 
2.477900e+01 3.423043e+00 4.008937e+00 4.518274e-05 5.346856e+01 3.327694e+00 4.618624e-05 5.263445e+01 4.287964e+00 2.795187e-05 2.095807e-06 3.670788e-05 
2.477900e+01 4.487391e+00 4.590665e+00 4.518274e-05 5.346856e+01 3.327694e+00 4.602586e-05 5.401650e+01 4.529603e+00 2.695813e-05 2.135666e-06 3.724350e-05 
2.477900e+01 5.551739e+00 4.915335e+00 4.518274e-05 5.346856e+01 3.327694e+00 4.508782e-05 5.473765e+01 4.575844e+00 2.594718e-05 2.076651e-06 3.681498e-05 
2.477900e+01 6.616087e+00 4.959853e+00 4.518274e-05 5.346856e+01 3.327694e+00 4.444927e-05 5.474122e+01 4.494600e+00 2.558033e-05 2.010790e-06 3.629519e-05 
2.477900e+01 7.680435e+00 4.721053e+00 4.518274e-05 5.346856e+01 3.327694e+00 4.404146e-05 5.470296e+01 4.429765e+00 2.537182e-05 1.965514e-06 3.594520e-05 
2.477900e+01 8.744783e+00 4.215920e+00 4.518274e-05 5.346856e+01 3.327694e+00 4.367422e-05 5.472547e+01 4.386848e+00 2.514774e-05 1.929206e-06 3.565539e-05 
2.477900e+01 9.809130e+00 3.480385e+00 4.518274e-05 5.346856e+01 3.327694e+00 4.313109e-05 5.479451e+01 4.341589e+00 2.479418e-05 1.882384e-06 3.524197e-05 
2.477900e+01 1.087348e+01 2.566767e+00 4.518274e-05 5.346856e+01 3.327694e+00 4.225132e-05 5.394722e+01 4.075821e+00 2.480329e-05 1.767402e-06 3.415915e-05 
2.477900e+01 1.193783e+01 1.540052e+00 4.518274e-05 5.346856e+01 3.327694e+00 4.232262e-05 5.270599e+01 3.838086e+00 2.558598e-05 1.716503e-06 3.366920e-05 
2.477900e+01 1.300217e+01 4.732709e-01 4.518274e-05 5.346856e+01 3.327694e+00 4.257905e-05 5.189101e+01 3.710961e+00 2.622296e-05 1.700800e-06 3.350282e-05 
2.477900e+01 1.406652e+01 -5.576963e-01 4.518274e-05 5.346856e+01 3.327694e+00 4.292901e-05 5.116225e+01 3.612620e+00 2.686802e-05 1.696334e-06 3.343848e-05 
2.477900e+01 1.513087e+01 -1.479516e+00 4.518274e-05 5.346856e+01 3.327694e+00 4.361525e-05 5.058337e+01 3.572027e+00 2.763991e-05 1.725408e-06 3.369493e-05 
2.477900e+01 1.619522e+01 -2.226619e+00 4.518274e-05 5.346856e+01 3.327694e+00 4.410820e-05 5.112197e+01 3.715976e+00 2.762695e-05 1.794291e-06 3.433752e-05 
2.477900e+01 1.725957e+01 -2.745863e+00 4.518274e-05 5.346856e+01 3.327694e+00 4.389132e-05 5.122005e+01 3.715829e+00 2.743271e-05 1.781604e-06 3.421580e-05 
2.477900e+01 1.832391e+01 -3.000315e+00 4.518274e-05 5.346856e+01 3.327694e+00 4.365076e-05 5.077255e+01 3.609541e+00 2.755000e-05 1.737905e-06 3.381369e-05 
2.477900e+01 1.938826e+01 -2.971874e+00 4.518274e-05 5.346856e+01 3.327694e+00 4.371655e-05 4.966915e+01 3.411187e+00 2.824324e-05 1.683492e-06 3.332600e-05 
2.477900e+01 2.045261e+01 -2.662564e+00 4.518274e-05 5.346856e+01 3.327694e+00 4.482086e-05 4.898468e+01 3.372505e+00 2.936324e-05 1.730357e-06 3.381887e-05 
2.477900e+01 2.151696e+01 -2.094387e+00 4.518274e-05 5.346856e+01 3.327694e+00 4.562887e-05 4.943194e+01 3.501194e+00 2.961938e-05 1.812219e-06 3.466124e-05 
2.477900e+01 2.258130e+01 -1.307757e+00 4.518274e-05 5.346856e+01 3.327694e+00 4.606504e-05 4.993563e+01 3.608954e+00 2.959087e-05 1.866342e-06 3.525458e-05 
2.477900e+01 2.364565e+01 -3.586271e-01 4.518274e-05 5.346856e+01 3.327694e+00 4.636120e-05 5.039255e+01 3.696589e+00 2.949489e-05 1.905586e-06 3.571807e-05 
2.477900e+01 2.471000e+01 6.854902e-01 4.518274e-05 5.346856e+01 3.327694e+00 4.659724e-05 5.083226e+01 3.776310e+00 2.936659e-05 1.938331e-06 3.612685e-05 
2.477900e+01 2.577435e+01 1.750327e+00 4.518274e-05 5.346856e+01 3.327694e+00 4.680594e-05 5.129614e+01 3.859498e+00 2.920116e-05 1.969998e-06 3.652681e-05 
2.477900e+01 2.683870e+01 2.760140e+00 4.518274e-05 5.346856e+01 3.327694e+00 4.700169e-05 5.184169e+01 3.959839e+00 2.897003e-05 2.005378e-06 3.695774e-05 
2.477900e+01 2.790304e+01 3.643101e+00 4.518274e-05 5.346856e+01 3.327694e+00 4.717446e-05 5.257456e+01 4.099624e+00 2.859591e-05 2.049592e-06 3.746335e-05 
2.477900e+01 2.896739e+01 4.336405e+00 4.518274e-05 5.346856e+01 3.327694e+00 4.716934e-05 5.371347e+01 4.315661e+00 2.783678e-05 2.100710e-06 3.802167e-05 
2.477900e+01 3.003174e+01 4.790737e+00 4.518274e-05 5.346856e+01 3.327694e+00 4.634243e-05 5.493520e+01 4.492135e+00 2.654205e-05 2.085239e-06 3.793141e-05 
2.477900e+01 3.109609e+01 4.973780e+00 4.518274e-05 5.346856e+01 3.327694e+00 4.535975e-05 5.511564e+01 4.432591e+00 2.586464e-05 2.004976e-06 3.720897e-05 
2.477900e+01 3.216043e+01 4.872513e+00 4.518274e-05 5.346856e+01 3.327694e+00 4.473357e-05 5.503279e+01 4.349619e+00 2.556330e-05 1.944379e-06 3.665827e-05 
2.477900e+01 3.322478e+01 4.494141e+00 4.518274e-05 5.346856e+01 3.327694e+00 4.424075e-05 5.497910e+01 4.287756e+00 2.531761e-05 1.898200e-06 3.623064e-05 
2.477900e+01 3.428913e+01 3.865577e+00 4.518274e-05 5.346856e+01 3.327694e+00 4.371472e-05 5.499531e+01 4.239177e+00 2.500806e-05 1.853670e-06 3.580695e-05 
2.477900e+01 3.535348e+01 3.031531e+00 4.518274e-05 5.346856e+01 3.327694e+00 4.280828e-05 5.482539e+01 4.113158e+00 2.459705e-05 1.768817e-06 3.499149e-05 
2.477900e+01 3.641783e+01 2.051329e+00 4.518274e-05 5.346856e+01 3.327694e+00 4.234321e-05 5.340155e+01 3.782049e+00 2.519017e-05 1.665203e-06 3.399455e-05 
2.477900e+01 3.748217e+01 9.946926e-01 4.518274e-05 5.346856e+01 3.327694e+00 4.252369e-05 5.244802e+01 3.620020e+00 2.586567e-05 1.636404e-06 3.371281e-05 
2.477900e+01 3.854652e+01 -6.321798e-02 4.518274e-05 5.346856e+01 3.327694e+00 4.281471e-05 5.172948e+01 3.514686e+00 2.646849e-05 1.625692e-06 3.361362e-05 
2.477900e+01 3.961087e+01 -1.047154e+00 4.518274e-05 5.346856e+01 3.327694e+00 4.331418e-05 5.108138e+01 3.439882e+00 2.716163e-05 1.632672e-06 3.370013e-05 
2.477900e+01 4.067522e+01 -1.887127e+00 4.518274e-05 5.346856e+01 3.327694e+00 4.421169e-05 5.115607e+01 3.525740e+00 2.767714e-05 1.705287e-06 3.443460e-05 
2.477900e+01 4.173957e+01 -2.523389e+00 4.518274e-05 5.346856e+01 3.327694e+00 4.427088e-05 5.172560e+01 3.619830e+00 2.736793e-05 1.731354e-06 3.475500e-05 
2.477900e+01 4.280391e+01 -2.910683e+00 4.518274e-05 5.346856e+01 3.327694e+00 4.412158e-05 5.166599e+01 3.571758e+00 2.731302e-05 1.704874e-06 3.460933e-05 
2.477900e+01 4.386826e+01 -3.021461e+00 4.518274e-05 5.346856e+01 3.327694e+00 4.406578e-05 5.107153e+01 3.426475e+00 2.763922e-05 1.654889e-06 3.428014e-05 
2.477900e+01 4.493261e+01 -2.847843e+00 4.518274e-05 5.346856e+01 3.327694e+00 4.479106e-05 5.003218e+01 3.266290e+00 2.872512e-05 1.639324e-06 3.432811e-05 
2.477900e+01 4.599696e+01 -2.402178e+00 4.518274e-05 5.346856e+01 3.327694e+00 4.601856e-05 5.032210e+01 3.368197e+00 2.933076e-05 1.726231e-06 3.541799e-05 
2.477900e+01 4.706130e+01 -1.716167e+00 4.518274e-05 5.346856e+01 3.327694e+00 4.673002e-05 5.110903e+01 3.494165e+00 2.928445e-05 1.788120e-06 3.637194e-05 
2.477900e+01 4.812565e+01 -8.386058e-01 4.518274e-05 5.346856e+01 3.327694e+00 4.717443e-05 5.204589e+01 3.590536e+00 2.895674e-05 1.817002e-06 3.719720e-05 
2.477900e+01 4.919000e+01 1.680840e-01 4.518274e-05 5.346856e+01 3.327694e+00 4.705055e-05 5.328653e+01 3.610584e+00 2.807163e-05 1.771324e-06 3.771738e-05 
