# 1      , 2      , 3      , 4    , 5     , 6      , 7      , 8      ,                    9              , 10  , 11  , 12  , 13    , 14      
# IGRF_In, IGRF_Ic, IGRF_Dc, dmeas, height, In_siB0, Ic_siB0, Dc_siB0,                    height m (-poh), In_m, Ic_m, Dc_m, min hP, max hP  
4.515061e-05 5.339022e+01 3.316679e+00 0.000000e+00 1.822618e+03 4.596995e-05 5.286892e+01 2.625335e+00 1.818100e+03 4.482015e+01 5.254505e+01 -4.371883e+00 1.820333e+03 1.823542e+03 
4.515061e-05 5.339022e+01 3.316679e+00 1.685317e+00 1.822419e+03 4.604765e-05 5.294424e+01 2.716210e+00 1.818600e+03 4.339567e+01 5.190727e+01 -2.038274e+00 1.820333e+03 1.823542e+03 
4.515061e-05 5.339022e+01 3.316679e+00 4.598079e+00 1.822276e+03 4.609321e-05 5.301002e+01 2.581454e+00 1.819000e+03 4.491976e+01 5.221889e+01 -1.172150e+00 1.820333e+03 1.823542e+03 
4.515061e-05 5.339022e+01 3.316679e+00 7.560808e+00 1.821923e+03 4.597518e-05 5.294057e+01 2.501316e+00 1.818700e+03 4.450587e+01 5.249522e+01 -1.944868e+00 1.820333e+03 1.823542e+03 
4.515061e-05 5.339022e+01 3.316679e+00 1.055607e+01 1.821708e+03 4.581407e-05 5.285270e+01 2.671777e+00 1.818800e+03 4.453166e+01 5.242053e+01 -5.328123e-01 1.820333e+03 1.823542e+03 
4.515061e-05 5.339022e+01 3.316679e+00 1.376890e+01 1.821365e+03 4.586725e-05 5.283844e+01 2.864408e+00 1.818600e+03 4.514468e+01 5.216733e+01 -3.747770e-01 1.820333e+03 1.823542e+03 
4.515061e-05 5.339022e+01 3.316679e+00 1.677593e+01 1.820900e+03 4.603828e-05 5.260319e+01 2.983549e+00 1.817700e+03 4.478684e+01 5.231048e+01 -1.864069e+00 1.820333e+03 1.823542e+03 
4.515061e-05 5.339022e+01 3.316679e+00 2.056958e+01 1.820333e+03 4.590870e-05 5.237477e+01 3.362657e+00 1.817300e+03 4.458616e+01 5.167729e+01 2.310897e-01 1.820333e+03 1.823542e+03 
4.515061e-05 5.339022e+01 3.316679e+00 2.258611e+01 1.820624e+03 4.592640e-05 5.256370e+01 3.468548e+00 1.817200e+03 4.433318e+01 5.223751e+01 -6.050983e-01 1.820333e+03 1.823542e+03 
4.515061e-05 5.339022e+01 3.316679e+00 2.484205e+01 1.820880e+03 4.591738e-05 5.274643e+01 3.443434e+00 1.817500e+03 4.436321e+01 5.216692e+01 -6.602022e-01 1.820333e+03 1.823542e+03 
4.515061e-05 5.339022e+01 3.316679e+00 2.720848e+01 1.820870e+03 4.588265e-05 5.280986e+01 3.345362e+00 1.817300e+03 4.401683e+01 5.286895e+01 -1.802330e+00 1.820333e+03 1.823542e+03 
4.515061e-05 5.339022e+01 3.316679e+00 2.910909e+01 1.820966e+03 4.582039e-05 5.281068e+01 3.379525e+00 1.817000e+03 4.214628e+01 5.309234e+01 -1.481072e+00 1.820333e+03 1.823542e+03 
4.515061e-05 5.339022e+01 3.316679e+00 3.117530e+01 1.820866e+03 4.585705e-05 5.273766e+01 3.484411e+00 1.818000e+03 4.347949e+01 5.386607e+01 8.572987e-01 1.820333e+03 1.823542e+03 
4.515061e-05 5.339022e+01 3.316679e+00 3.322573e+01 1.820877e+03 4.596412e-05 5.260774e+01 3.558268e+00 1.818600e+03 4.406197e+01 5.340774e+01 -1.064406e-01 1.820333e+03 1.823542e+03 
4.515061e-05 5.339022e+01 3.316679e+00 3.512911e+01 1.820813e+03 4.603454e-05 5.241773e+01 3.492568e+00 1.818900e+03 4.500955e+01 5.306955e+01 -2.852120e-01 1.820333e+03 1.823542e+03 
4.515061e-05 5.339022e+01 3.316679e+00 3.704974e+01 1.821021e+03 4.613526e-05 5.230166e+01 3.630970e+00 1.818500e+03 4.493144e+01 5.264289e+01 -1.741396e+00 1.820333e+03 1.823542e+03 
4.515061e-05 5.339022e+01 3.316679e+00 3.920576e+01 1.820696e+03 4.609778e-05 5.185227e+01 3.438653e+00 1.817300e+03 4.456044e+01 5.051566e+01 -2.350561e+00 1.820333e+03 1.823542e+03 
4.515061e-05 5.339022e+01 3.316679e+00 4.107615e+01 1.820473e+03 4.591484e-05 5.157936e+01 3.530046e+00 1.816800e+03 4.311324e+01 4.947262e+01 -4.088760e+00 1.820333e+03 1.823542e+03 
4.515061e-05 5.339022e+01 3.316679e+00 4.371808e+01 1.820559e+03 4.572215e-05 5.174503e+01 3.902132e+00 1.817200e+03 4.178258e+01 5.112478e+01 1.953635e+00 1.820333e+03 1.823542e+03 
4.515061e-05 5.339022e+01 3.316679e+00 4.587952e+01 1.820672e+03 4.551212e-05 5.196700e+01 4.172181e+00 1.817400e+03 4.204502e+01 5.342609e+01 4.634239e+00 1.820333e+03 1.823542e+03 
4.515061e-05 5.339022e+01 3.316679e+00 4.790971e+01 1.821148e+03 4.550695e-05 5.234861e+01 4.564442e+00 1.817600e+03 4.289192e+01 5.190291e+01 1.591797e+00 1.820333e+03 1.823542e+03 
4.515061e-05 5.339022e+01 3.316679e+00 4.966589e+01 1.821637e+03 4.561228e-05 5.269314e+01 4.749082e+00 1.817700e+03 4.252099e+01 5.203278e+01 4.122573e+00 1.820333e+03 1.823542e+03 
4.515061e-05 5.339022e+01 3.316679e+00 5.155037e+01 1.822157e+03 4.579371e-05 5.285705e+01 4.644510e+00 1.818900e+03 4.380134e+01 5.362560e+01 2.717628e+00 1.820333e+03 1.823542e+03 
4.515061e-05 5.339022e+01 3.316679e+00 5.274983e+01 1.822446e+03 4.588036e-05 5.300200e+01 4.622600e+00 1.819100e+03 4.376596e+01 5.321776e+01 4.169024e+00 1.820333e+03 1.823542e+03 
4.515061e-05 5.339022e+01 3.316679e+00 5.488560e+01 1.822905e+03 4.604804e-05 5.339403e+01 4.561563e+00 1.818900e+03 4.358782e+01 5.359276e+01 3.051379e+00 1.820333e+03 1.823542e+03 
4.515061e-05 5.339022e+01 3.316679e+00 5.672384e+01 1.823328e+03 4.621056e-05 5.358240e+01 4.055020e+00 1.819700e+03 4.465049e+01 5.431262e+01 5.198311e+00 1.820333e+03 1.823542e+03 
4.515061e-05 5.339022e+01 3.316679e+00 5.796573e+01 1.823401e+03 4.624290e-05 5.364804e+01 3.702188e+00 1.820300e+03 4.512623e+01 5.434575e+01 4.608589e+00 1.820333e+03 1.823542e+03 
4.515061e-05 5.339022e+01 3.316679e+00 5.999998e+01 1.823538e+03 4.628216e-05 5.375032e+01 3.143741e+00 1.820900e+03 4.529596e+01 5.461466e+01 2.548233e+00 1.820333e+03 1.823542e+03 
4.515061e-05 5.339022e+01 3.316679e+00 6.201509e+01 1.823542e+03 4.625797e-05 5.375760e+01 2.268508e+00 1.820900e+03 4.543313e+01 5.470440e+01 1.798131e+00 1.820333e+03 1.823542e+03 
4.515061e-05 5.339022e+01 3.316679e+00 6.649282e+01 1.822040e+03 4.562704e-05 5.307744e+01 1.467640e+00 1.821700e+03 4.501497e+01 5.390430e+01 -8.565499e-01 1.820333e+03 1.823542e+03 
