# 1, 2, 3, 4   , 5   , 6   , 7   , 8   , 9   , 10  
# x, y, z, Bx_si, By_si, Bz_si, In_si, Ic_si, Dc_si, dmeas 
4.993297e+05 4.171931e+06 1.822618e+03 -2.867502e-07 8.392005e-07 -4.067461e-07 9.756667e-07 2.463842e+01 -1.886501e+01 0.000000e+00 
4.993311e+05 4.171930e+06 1.822419e+03 -2.428514e-07 8.357702e-07 -5.051974e-07 1.006336e-06 3.013350e+01 -1.620239e+01 1.685317e+00 
4.993341e+05 4.171930e+06 1.822276e+03 -3.087092e-07 8.240021e-07 -5.734209e-07 1.050282e-06 3.309087e+01 -2.053827e+01 4.598079e+00 
4.993370e+05 4.171930e+06 1.821923e+03 -3.486186e-07 7.992225e-07 -4.455907e-07 9.792051e-07 2.706838e+01 -2.356670e+01 7.560808e+00 
4.993400e+05 4.171930e+06 1.821708e+03 -2.681858e-07 7.544940e-07 -2.746384e-07 8.465288e-07 1.893098e+01 -1.956782e+01 1.055607e+01 
4.993430e+05 4.171929e+06 1.821365e+03 -1.732222e-07 7.911656e-07 -3.101358e-07 8.672561e-07 2.095323e+01 -1.234978e+01 1.376890e+01 
4.993456e+05 4.171928e+06 1.820900e+03 -1.024774e-07 1.041603e-06 -3.319403e-07 1.098008e-06 1.759648e+01 -5.618925e+00 1.677593e+01 
4.993491e+05 4.171926e+06 1.820333e+03 8.614393e-08 1.097731e-06 -1.175444e-07 1.107362e-06 6.093322e+00 4.487065e+00 2.056958e+01 
4.993511e+05 4.171926e+06 1.820624e+03 1.312375e-07 9.855508e-07 -2.238219e-07 1.019132e-06 1.268672e+01 7.584974e+00 2.258611e+01 
4.993533e+05 4.171927e+06 1.820880e+03 1.117008e-07 8.646066e-07 -3.054944e-07 9.237686e-07 1.931154e+01 7.361417e+00 2.484205e+01 
4.993557e+05 4.171926e+06 1.820870e+03 6.061998e-08 8.060583e-07 -3.085787e-07 8.652315e-07 2.089417e+01 4.300859e+00 2.720848e+01 
4.993575e+05 4.171927e+06 1.820966e+03 7.487887e-08 7.669989e-07 -2.593807e-07 8.131251e-07 1.860200e+01 5.575876e+00 2.910909e+01 
4.993595e+05 4.171926e+06 1.820866e+03 1.296635e-07 8.325287e-07 -2.532263e-07 8.797955e-07 1.672773e+01 8.852503e+00 3.117530e+01 
4.993615e+05 4.171926e+06 1.820877e+03 1.745536e-07 9.777540e-07 -2.752429e-07 1.030646e-06 1.548932e+01 1.012210e+01 3.322573e+01 
4.993634e+05 4.171926e+06 1.820813e+03 1.525924e-07 1.143321e-06 -2.382774e-07 1.177813e-06 1.167178e+01 7.602010e+00 3.512911e+01 
4.993652e+05 4.171926e+06 1.821021e+03 2.288593e-07 1.274272e-06 -2.610191e-07 1.320711e-06 1.139871e+01 1.018177e+01 3.704974e+01 
4.993673e+05 4.171925e+06 1.820696e+03 1.500765e-07 1.541931e-06 -9.148111e-09 1.549244e-06 3.383271e-01 5.559104e+00 3.920576e+01 
4.993691e+05 4.171925e+06 1.820473e+03 1.990243e-07 1.597728e-06 2.702171e-07 1.632593e-06 -9.527094e+00 7.100593e+00 4.107615e+01 
4.993716e+05 4.171924e+06 1.820559e+03 3.687246e-07 1.362795e-06 3.391763e-07 1.451967e-06 -1.350898e+01 1.513975e+01 4.371808e+01 
4.993737e+05 4.171924e+06 1.820672e+03 4.822725e-07 1.085398e-06 3.952055e-07 1.251744e-06 -1.840452e+01 2.395691e+01 4.587952e+01 
4.993756e+05 4.171923e+06 1.821148e+03 6.543870e-07 8.290088e-07 2.133350e-07 1.077492e-06 -1.141957e+01 3.828618e+01 4.790971e+01 
4.993773e+05 4.171922e+06 1.821637e+03 7.309794e-07 6.689462e-07 -3.694658e-08 9.915568e-07 2.135403e+00 4.753722e+01 4.966589e+01 
4.993791e+05 4.171923e+06 1.822157e+03 6.811508e-07 6.787062e-07 -2.605148e-07 9.962311e-07 1.515911e+01 4.510300e+01 5.155037e+01 
4.993803e+05 4.171923e+06 1.822446e+03 6.673647e-07 6.393981e-07 -3.995524e-07 1.006900e-06 2.337918e+01 4.622602e+01 5.274983e+01 
4.993821e+05 4.171922e+06 1.822905e+03 6.260075e-07 4.908653e-07 -7.222125e-07 1.074442e-06 4.223513e+01 5.189928e+01 5.488560e+01 
4.993839e+05 4.171922e+06 1.823328e+03 3.821532e-07 4.839643e-07 -9.430706e-07 1.126785e-06 5.682016e+01 3.829571e+01 5.672384e+01 
4.993851e+05 4.171923e+06 1.823401e+03 2.120880e-07 4.719960e-07 -1.000521e-06 1.126412e-06 6.265257e+01 2.419643e+01 5.796573e+01 
4.993871e+05 4.171923e+06 1.823538e+03 -5.697047e-08 4.446900e-07 -1.081049e-06 1.170326e-06 6.747561e+01 -7.300554e+00 5.999998e+01 
4.993891e+05 4.171923e+06 1.823542e+03 -4.753017e-07 4.454057e-07 -1.065019e-06 1.248425e-06 5.854943e+01 -4.685978e+01 6.201509e+01 
4.993936e+05 4.171922e+06 1.822040e+03 -8.557718e-07 5.197706e-07 -2.333500e-07 1.028085e-06 1.311907e+01 -5.872674e+01 6.649282e+01 
