# 1    , 2      , 3      , 4      , 5      , 6      , 7       
# dmeas, Bx_siB0, By_siB0, Bz_siB0, In_siB0, Ic_siB0, Dc_siB0 
0.000000e+00 2.772020e-05 1.271050e-06 3.664985e-05 4.596995e-05 5.286892e+01 2.625335e+00 
1.685317e+00 2.771677e-05 1.314949e-06 3.674830e-05 4.604765e-05 5.294424e+01 2.716210e+00 
4.598079e+00 2.770500e-05 1.249091e-06 3.681652e-05 4.609321e-05 5.301002e+01 2.581454e+00 
7.560808e+00 2.768022e-05 1.209181e-06 3.668869e-05 4.597518e-05 5.294057e+01 2.501316e+00 
1.055607e+01 2.763549e-05 1.289614e-06 3.651774e-05 4.581407e-05 5.285270e+01 2.671777e+00 
1.376890e+01 2.767217e-05 1.384578e-06 3.655324e-05 4.586725e-05 5.283844e+01 2.864408e+00 
1.677593e+01 2.792260e-05 1.455323e-06 3.657504e-05 4.603828e-05 5.260319e+01 2.983549e+00 
2.056958e+01 2.797873e-05 1.643944e-06 3.636064e-05 4.590870e-05 5.237477e+01 3.362657e+00 
2.258611e+01 2.786655e-05 1.689037e-06 3.646692e-05 4.592640e-05 5.256370e+01 3.468548e+00 
2.484205e+01 2.774561e-05 1.669501e-06 3.654859e-05 4.591738e-05 5.274643e+01 3.443434e+00 
2.720848e+01 2.768706e-05 1.618420e-06 3.655168e-05 4.588265e-05 5.280986e+01 3.345362e+00 
2.910909e+01 2.764800e-05 1.632679e-06 3.650248e-05 4.582039e-05 5.281068e+01 3.379525e+00 
3.117530e+01 2.771353e-05 1.687464e-06 3.649633e-05 4.585705e-05 5.273766e+01 3.484411e+00 
3.322573e+01 2.785875e-05 1.732354e-06 3.651834e-05 4.596412e-05 5.260774e+01 3.558268e+00 
3.512911e+01 2.802432e-05 1.710392e-06 3.648138e-05 4.603454e-05 5.241773e+01 3.492568e+00 
3.704974e+01 2.815527e-05 1.786659e-06 3.650412e-05 4.613526e-05 5.230166e+01 3.630970e+00 
3.920576e+01 2.842293e-05 1.707877e-06 3.625225e-05 4.609778e-05 5.185227e+01 3.438653e+00 
4.107615e+01 2.847873e-05 1.756824e-06 3.597288e-05 4.591484e-05 5.157936e+01 3.530046e+00 
4.371808e+01 2.824379e-05 1.926525e-06 3.590392e-05 4.572215e-05 5.174503e+01 3.902132e+00 
4.587952e+01 2.796640e-05 2.040073e-06 3.584789e-05 4.551212e-05 5.196700e+01 4.172181e+00 
4.790971e+01 2.771001e-05 2.212187e-06 3.602976e-05 4.550695e-05 5.234861e+01 4.564442e+00 
4.966589e+01 2.754995e-05 2.288779e-06 3.628005e-05 4.561228e-05 5.269314e+01 4.749082e+00 
5.155037e+01 2.755971e-05 2.238951e-06 3.650361e-05 4.579371e-05 5.285705e+01 4.644510e+00 
5.274983e+01 2.752040e-05 2.225165e-06 3.664265e-05 4.588036e-05 5.300200e+01 4.622600e+00 
5.488560e+01 2.737187e-05 2.183807e-06 3.696531e-05 4.604804e-05 5.339403e+01 4.561563e+00 
5.672384e+01 2.736496e-05 1.939953e-06 3.718617e-05 4.621056e-05 5.358240e+01 4.055020e+00 
5.796573e+01 2.735300e-05 1.769888e-06 3.724362e-05 4.624290e-05 5.364804e+01 3.702188e+00 
5.999998e+01 2.732569e-05 1.500830e-06 3.732415e-05 4.628216e-05 5.375032e+01 3.143741e+00 
6.201509e+01 2.732641e-05 1.082498e-06 3.730812e-05 4.625797e-05 5.375760e+01 2.268508e+00 
6.649282e+01 2.740077e-05 7.020282e-07 3.647645e-05 4.562704e-05 5.307744e+01 1.467640e+00 
