# 1, 2, 3, 4   , 5   , 6   , 7   , 8   , 9   , 10  
# x, y, z, Bx_si, By_si, Bz_si, In_si, Ic_si, Dc_si, dmeas 
4.993297e+05 4.171931e+06 1.823633e+03 -4.527261e-07 1.002469e-07 1.459933e-06 1.531801e-06 7.237953e+01 1.675145e+02 0.000000e+00 
4.993311e+05 4.171930e+06 1.823633e+03 -4.517058e-07 9.619177e-08 1.458914e-06 1.530268e-06 7.243427e+01 1.679783e+02 1.685317e+00 
4.993341e+05 4.171930e+06 1.823633e+03 -4.530298e-07 8.735976e-08 1.453213e-06 1.524695e-06 7.238604e+01 1.690854e+02 4.598079e+00 
4.993370e+05 4.171930e+06 1.823633e+03 -4.544343e-07 7.869988e-08 1.447746e-06 1.519432e-06 7.233003e+01 1.701748e+02 7.560808e+00 
4.993400e+05 4.171930e+06 1.823633e+03 -4.569097e-07 7.016220e-08 1.441399e-06 1.513711e-06 7.221864e+01 1.712700e+02 1.055607e+01 
4.993430e+05 4.171929e+06 1.823633e+03 -4.557611e-07 6.245516e-08 1.439748e-06 1.511454e-06 7.228057e+01 1.721971e+02 1.376890e+01 
4.993456e+05 4.171928e+06 1.823633e+03 -4.537035e-07 5.599921e-08 1.440129e-06 1.510945e-06 7.238877e+01 1.729637e+02 1.677593e+01 
4.993491e+05 4.171926e+06 1.823633e+03 -4.515803e-07 4.757304e-08 1.440620e-06 1.510488e-06 7.250530e+01 1.739862e+02 2.056958e+01 
4.993511e+05 4.171926e+06 1.823633e+03 -4.527796e-07 4.244157e-08 1.437686e-06 1.507896e-06 7.244695e+01 1.746450e+02 2.258611e+01 
4.993533e+05 4.171927e+06 1.823633e+03 -4.537297e-07 3.680685e-08 1.435126e-06 1.505593e-06 7.240103e+01 1.753623e+02 2.484205e+01 
4.993557e+05 4.171926e+06 1.823633e+03 -4.534539e-07 3.117031e-08 1.434446e-06 1.504735e-06 7.241847e+01 1.760677e+02 2.720848e+01 
4.993575e+05 4.171927e+06 1.823633e+03 -4.547565e-07 2.663304e-08 1.431871e-06 1.502587e-06 7.235204e+01 1.766483e+02 2.910909e+01 
4.993595e+05 4.171926e+06 1.823633e+03 -4.536368e-07 2.207507e-08 1.432834e-06 1.503092e-06 7.241265e+01 1.772140e+02 3.117530e+01 
4.993615e+05 4.171926e+06 1.823633e+03 -4.535944e-07 1.722504e-08 1.432364e-06 1.502568e-06 7.241640e+01 1.778253e+02 3.322573e+01 
4.993634e+05 4.171926e+06 1.823633e+03 -4.531376e-07 1.280829e-08 1.432668e-06 1.502676e-06 7.244181e+01 1.783809e+02 3.512911e+01 
4.993652e+05 4.171926e+06 1.823633e+03 -4.543093e-07 8.413095e-09 1.430689e-06 1.501112e-06 7.238013e+01 1.789391e+02 3.704974e+01 
4.993673e+05 4.171925e+06 1.823633e+03 -4.528884e-07 3.677134e-09 1.432626e-06 1.502511e-06 7.245643e+01 1.795348e+02 3.920576e+01 
4.993691e+05 4.171925e+06 1.823633e+03 -4.520766e-07 -6.161283e-10 1.433822e-06 1.503403e-06 7.250020e+01 -1.799219e+02 4.107615e+01 
4.993716e+05 4.171924e+06 1.823633e+03 -4.506848e-07 -6.674991e-09 1.436107e-06 1.505179e-06 7.257510e+01 -1.791515e+02 4.371808e+01 
4.993737e+05 4.171924e+06 1.823633e+03 -4.491874e-07 -1.158367e-08 1.438744e-06 1.507278e-06 7.265580e+01 -1.785228e+02 4.587952e+01 
4.993756e+05 4.171923e+06 1.823633e+03 -4.478499e-07 -1.629108e-08 1.441283e-06 1.509348e-06 7.272768e+01 -1.779167e+02 4.790971e+01 
4.993773e+05 4.171922e+06 1.823633e+03 -4.466974e-07 -2.042498e-08 1.443602e-06 1.511272e-06 7.278933e+01 -1.773820e+02 4.966589e+01 
4.993791e+05 4.171923e+06 1.823633e+03 -4.477867e-07 -2.460502e-08 1.442213e-06 1.510330e-06 7.272670e+01 -1.768549e+02 5.155037e+01 
4.993803e+05 4.171923e+06 1.823633e+03 -4.476597e-07 -2.753424e-08 1.442794e-06 1.510897e-06 7.273166e+01 -1.764803e+02 5.274983e+01 
4.993821e+05 4.171922e+06 1.823633e+03 -4.452737e-07 -3.230868e-08 1.447510e-06 1.514793e-06 7.285908e+01 -1.758499e+02 5.488560e+01 
4.993839e+05 4.171922e+06 1.823633e+03 -4.453159e-07 -3.683946e-08 1.448151e-06 1.515521e-06 7.285202e+01 -1.752709e+02 5.672384e+01 
4.993851e+05 4.171923e+06 1.823633e+03 -4.455908e-07 -3.982785e-08 1.448208e-06 1.515732e-06 7.283351e+01 -1.748924e+02 5.796573e+01 
4.993871e+05 4.171923e+06 1.823633e+03 -4.458722e-07 -4.481251e-08 1.448715e-06 1.516438e-06 7.281204e+01 -1.742607e+02 5.999998e+01 
4.993891e+05 4.171923e+06 1.823633e+03 -4.446257e-07 -5.006114e-08 1.451930e-06 1.519308e-06 7.287249e+01 -1.735760e+02 6.201509e+01 
4.993936e+05 4.171922e+06 1.823633e+03 -4.420987e-07 -6.215462e-08 1.459176e-06 1.525946e-06 7.298809e+01 -1.719972e+02 6.649282e+01 
