# 1    , 2      , 3      , 4      , 5      , 6      , 7       
# dmeas, Bx_siB0, By_siB0, Bz_siB0, In_siB0, Ic_siB0, Dc_siB0 
0.000000e+00 2.940951e-05 1.138859e-06 3.633906e-05 4.676263e-05 5.099547e+01 2.217624e+00 
0.000000e+00 2.912096e-05 1.068363e-06 3.705911e-05 4.714393e-05 5.182110e+01 2.101073e+00 
0.000000e+00 2.857464e-05 1.005900e-06 3.769858e-05 4.731495e-05 5.282165e+01 2.016124e+00 
0.000000e+00 2.781689e-05 9.678442e-07 3.809884e-05 4.718302e-05 5.384940e+01 1.992711e+00 
0.000000e+00 2.700582e-05 9.620295e-07 3.818306e-05 4.677805e-05 5.471216e+01 2.040187e+00 
0.000000e+00 2.627318e-05 9.822400e-07 3.800876e-05 4.621591e-05 5.532749e+01 2.141043e+00 
0.000000e+00 2.564485e-05 1.020517e-06 3.765075e-05 4.556621e-05 5.571917e+01 2.278839e+00 
0.000000e+00 2.511988e-05 1.076564e-06 3.711181e-05 4.482693e-05 5.588270e+01 2.454027e+00 
0.000000e+00 2.477035e-05 1.153224e-06 3.636561e-05 4.401543e-05 5.571049e+01 2.665573e+00 
0.000000e+00 2.473024e-05 1.243408e-06 3.548109e-05 4.326706e-05 5.508966e+01 2.878342e+00 
0.000000e+00 2.503887e-05 1.327325e-06 3.464873e-05 4.276963e-05 5.410811e+01 3.034442e+00 
0.000000e+00 2.557574e-05 1.389574e-06 3.401774e-05 4.258234e-05 5.302229e+01 3.109920e+00 
0.000000e+00 2.618904e-05 1.428545e-06 3.360650e-05 4.262985e-05 5.202998e+01 3.122244e+00 
0.000000e+00 2.678629e-05 1.449546e-06 3.336772e-05 4.281368e-05 5.120298e+01 3.097553e+00 
0.000000e+00 2.732815e-05 1.458086e-06 3.325208e-05 4.306571e-05 5.054504e+01 3.054104e+00 
0.000000e+00 2.780290e-05 1.457792e-06 3.322783e-05 4.334992e-05 5.004087e+01 3.001446e+00 
0.000000e+00 2.821092e-05 1.450553e-06 3.327925e-05 4.365167e-05 4.967465e+01 2.943451e+00 
0.000000e+00 2.855822e-05 1.437019e-06 3.340171e-05 4.396943e-05 4.943401e+01 2.880632e+00 
0.000000e+00 2.885311e-05 1.417078e-06 3.359700e-05 4.430879e-05 4.930990e+01 2.811739e+00 
0.000000e+00 2.910363e-05 1.390181e-06 3.387026e-05 4.467828e-05 4.929631e+01 2.734745e+00 
0.000000e+00 2.931469e-05 1.355528e-06 3.422811e-05 4.508605e-05 4.939134e+01 2.647505e+00 
0.000000e+00 2.948406e-05 1.312171e-06 3.467785e-05 4.553663e-05 4.959993e+01 2.548234e+00 
0.000000e+00 2.959735e-05 1.259115e-06 3.522654e-05 4.602714e-05 4.993750e+01 2.435979e+00 
0.000000e+00 2.962003e-05 1.195705e-06 3.587755e-05 4.654003e-05 5.043447e+01 2.311668e+00 
0.000000e+00 2.949069e-05 1.122965e-06 3.661803e-05 4.703022e-05 5.113315e+01 2.180691e+00 
0.000000e+00 2.912431e-05 1.046724e-06 3.738936e-05 4.740554e-05 5.206538e+01 2.058318e+00 
0.000000e+00 2.846300e-05 9.814359e-07 3.805110e-05 4.752885e-05 5.318643e+01 1.974840e+00 
0.000000e+00 2.757140e-05 9.459333e-07 3.842152e-05 4.730000e-05 5.432069e+01 1.964961e+00 
0.000000e+00 2.663331e-05 9.481771e-07 3.842294e-05 4.676061e-05 5.525480e+01 2.038936e+00 
0.000000e+00 2.578900e-05 9.818553e-07 3.811417e-05 4.602962e-05 5.589747e+01 2.180349e+00 
0.000000e+00 2.508605e-05 1.041175e-06 3.754982e-05 4.517060e-05 5.623137e+01 2.376648e+00 
0.000000e+00 2.459621e-05 1.125729e-06 3.673407e-05 4.422254e-05 5.616701e+01 2.620508e+00 
0.000000e+00 2.446088e-05 1.227560e-06 3.574373e-05 4.332962e-05 5.558099e+01 2.872957e+00 
0.000000e+00 2.473495e-05 1.324257e-06 3.479379e-05 4.271042e-05 5.455220e+01 3.064568e+00 
0.000000e+00 2.528637e-05 1.396850e-06 3.406714e-05 4.244905e-05 5.337353e+01 3.161874e+00 
0.000000e+00 2.593605e-05 1.442818e-06 3.359060e-05 4.246280e-05 5.228464e+01 3.184071e+00 
0.000000e+00 2.657404e-05 1.468271e-06 3.330913e-05 4.263606e-05 5.137454e+01 3.162496e+00 
0.000000e+00 2.715452e-05 1.479912e-06 3.316209e-05 4.288686e-05 5.064628e+01 3.119515e+00 
0.000000e+00 2.766417e-05 1.482105e-06 3.311089e-05 4.317214e-05 5.008081e+01 3.066684e+00 
0.000000e+00 2.810276e-05 1.477350e-06 3.313425e-05 4.347213e-05 4.965810e+01 3.009245e+00 
0.000000e+00 2.847617e-05 1.466566e-06 3.322535e-05 4.378318e-05 4.936389e+01 2.948215e+00 
0.000000e+00 2.879325e-05 1.449847e-06 3.338446e-05 4.410982e-05 4.918718e+01 2.882620e+00 
0.000000e+00 2.906352e-05 1.426742e-06 3.361622e-05 4.446092e-05 4.912023e+01 2.810421e+00 
0.000000e+00 2.929504e-05 1.396488e-06 3.392734e-05 4.484656e-05 4.915841e+01 2.729210e+00 
0.000000e+00 2.949197e-05 1.358174e-06 3.432516e-05 4.527513e-05 4.930103e+01 2.636741e+00 
0.000000e+00 2.964846e-05 1.310644e-06 3.481861e-05 4.575025e-05 4.955760e+01 2.531177e+00 
0.000000e+00 2.974726e-05 1.252721e-06 3.541626e-05 4.626856e-05 4.994702e+01 2.411424e+00 
