# 1,2,3, 4    , 5    , 6    , 7    , 8    , 9     
# x,y,z, Bx_si, By_si, Bz_si, In_si, Ic_si, Dc_si 
1.247790e+02 1.002300e+02 2.054321e+00 -4.223409e-07 2.559206e-06 -3.336016e-08 2.594036e-06 7.368630e-01 -9.370952e+00 
1.247790e+02 1.012943e+02 3.084228e+00 -4.928368e-07 2.270663e-06 -7.534144e-07 2.442628e-06 1.796550e+01 -1.224585e+01 
1.247790e+02 1.023587e+02 4.023203e+00 -5.553005e-07 1.724336e-06 -1.392881e-06 2.285128e-06 3.755638e+01 -1.785049e+01 
1.247790e+02 1.034230e+02 4.803219e+00 -5.933558e-07 9.665888e-07 -1.793137e-06 2.121723e-06 5.768617e+01 -3.154434e+01 
1.247790e+02 1.044874e+02 5.367556e+00 -5.991705e-07 1.555232e-07 -1.877362e-06 1.976785e-06 7.175098e+01 -7.544918e+01 
1.247790e+02 1.055517e+02 5.674834e+00 -5.789600e-07 -5.771189e-07 -1.703055e-06 1.889089e-06 6.435884e+01 -1.349088e+02 
1.247790e+02 1.066161e+02 5.701961e+00 -5.406826e-07 -1.205445e-06 -1.345054e-06 1.885366e-06 4.551368e+01 -1.558422e+02 
1.247790e+02 1.076804e+02 5.445770e+00 -4.846359e-07 -1.730424e-06 -8.061141e-07 1.969533e-06 2.416037e+01 -1.643542e+02 
1.247790e+02 1.087448e+02 4.923246e+00 -4.079760e-07 -2.079949e-06 -5.991299e-08 2.120430e-06 1.619114e+00 -1.689025e+02 
1.247790e+02 1.098091e+02 4.170320e+00 -3.177921e-07 -2.120064e-06 8.246062e-07 2.296876e-06 -2.103954e+01 -1.714750e+02 
1.247790e+02 1.108735e+02 3.239310e+00 -2.338754e-07 -1.811433e-06 1.656974e-06 2.466080e-06 -4.221434e+01 -1.726432e+02 
1.247790e+02 1.119378e+02 2.195204e+00 -1.716264e-07 -1.274559e-06 2.287961e-06 2.624638e-06 -6.065968e+01 -1.723309e+02 
1.247790e+02 1.130022e+02 1.111031e+00 -1.326548e-07 -6.612572e-07 2.699196e-06 2.782179e-06 -7.597109e+01 -1.686565e+02 
1.247790e+02 1.140665e+02 6.267280e-02 -1.116538e-07 -6.401012e-08 2.937976e-06 2.940794e-06 -8.749171e+01 -1.198253e+02 
1.247790e+02 1.151309e+02 -8.765383e-01 -1.031144e-07 4.778537e-07 3.053618e-06 3.092500e-06 -8.090472e+01 -1.217695e+01 
1.247790e+02 1.161952e+02 -1.641032e+00 -1.034083e-07 9.526000e-07 3.077867e-06 3.223571e-06 -7.270768e+01 -6.195413e+00 
1.247790e+02 1.172596e+02 -2.177668e+00 -1.106469e-07 1.360615e-06 3.026450e-06 3.320078e-06 -6.572182e+01 -4.649134e+00 
1.247790e+02 1.183239e+02 -2.449511e+00 -1.241815e-07 1.707918e-06 2.903990e-06 3.371285e-06 -5.947297e+01 -4.158616e+00 
1.247790e+02 1.193883e+02 -2.438461e+00 -1.441219e-07 2.002807e-06 2.708696e-06 3.371801e-06 -5.345005e+01 -4.115906e+00 
1.247790e+02 1.204526e+02 -2.146543e+00 -1.710190e-07 2.253331e-06 2.435442e-06 3.322368e-06 -4.714221e+01 -4.340204e+00 
1.247790e+02 1.215170e+02 -1.595757e+00 -2.056715e-07 2.464389e-06 2.077592e-06 3.229846e-06 -4.003444e+01 -4.770702e+00 
1.247790e+02 1.225813e+02 -8.265183e-01 -2.490294e-07 2.633756e-06 1.627848e-06 3.106216e-06 -3.160509e+01 -5.401426e+00 
1.247790e+02 1.236457e+02 1.052202e-01 -3.020848e-07 2.747050e-06 1.079163e-06 2.966838e-06 -2.133016e+01 -6.275430e+00 
1.247790e+02 1.247100e+02 1.131946e+00 -3.654950e-07 2.769731e-06 4.281459e-07 2.826359e-06 -8.712892e+00 -7.517346e+00 
1.247790e+02 1.257743e+02 2.179391e+00 -4.382348e-07 2.640390e-06 -3.123273e-07 2.694672e-06 6.655854e+00 -9.423675e+00 
1.247790e+02 1.268387e+02 3.171813e+00 -5.144756e-07 2.274013e-06 -1.083658e-06 2.571018e-06 2.492868e+01 -1.274806e+01 
1.247790e+02 1.279030e+02 4.037383e+00 -5.797641e-07 1.612697e-06 -1.745395e-06 2.446083e-06 4.552425e+01 -1.977350e+01 
1.247790e+02 1.289674e+02 4.713296e+00 -6.152667e-07 7.211029e-07 -2.115820e-06 2.318456e-06 6.586700e+01 -4.047181e+01 
1.247790e+02 1.300317e+02 5.150236e+00 -6.130229e-07 -2.169933e-07 -2.117244e-06 2.214860e-06 7.292607e+01 -1.094926e+02 
1.247790e+02 1.310961e+02 5.315888e+00 -5.793447e-07 -1.061302e-06 -1.808467e-06 2.175444e-06 5.623350e+01 -1.513707e+02 
1.247790e+02 1.321604e+02 5.197230e+00 -5.200249e-07 -1.764246e-06 -1.244117e-06 2.220544e-06 3.407486e+01 -1.635767e+02 
1.247790e+02 1.332248e+02 4.801467e+00 -4.354708e-07 -2.254091e-06 -4.283732e-07 2.335394e-06 1.056941e+01 -1.690657e+02 
1.247790e+02 1.342891e+02 4.155511e+00 -3.336399e-07 -2.389416e-06 5.619735e-07 2.477183e-06 -1.311227e+01 -1.720510e+02 
1.247790e+02 1.353535e+02 3.304074e+00 -2.369435e-07 -2.115348e-06 1.511906e-06 2.610881e-06 -3.538578e+01 -1.736088e+02 
1.247790e+02 1.364178e+02 2.306480e+00 -1.643504e-07 -1.563929e-06 2.238556e-06 2.735694e-06 -5.491272e+01 -1.740009e+02 
1.247790e+02 1.374822e+02 1.232453e+00 -1.183824e-07 -9.142453e-07 2.715095e-06 2.867333e-06 -7.124570e+01 -1.726220e+02 
1.247790e+02 1.385465e+02 1.571511e-01 -9.292859e-08 -2.762584e-07 2.996568e-06 3.010710e-06 -8.444445e+01 -1.614079e+02 
1.247790e+02 1.396109e+02 -8.441758e-01 -8.128752e-08 3.042227e-07 3.143610e-06 3.159342e-06 -8.427976e+01 -1.495980e+01 
1.247790e+02 1.406752e+02 -1.701540e+00 -7.909486e-08 8.138707e-07 3.194812e-06 3.297797e-06 -7.564347e+01 -5.550777e+00 
1.247790e+02 1.417396e+02 -2.355194e+00 -8.384958e-08 1.252465e-06 3.171452e-06 3.410837e-06 -6.840622e+01 -3.830103e+00 
1.247790e+02 1.428039e+02 -2.759880e+00 -9.463405e-08 1.625872e-06 3.080348e-06 3.484388e-06 -6.213395e+01 -3.331148e+00 
1.247790e+02 1.438683e+02 -2.888049e+00 -1.113530e-07 1.942955e-06 2.921236e-06 3.510142e-06 -5.632824e+01 -3.280100e+00 
1.247790e+02 1.449326e+02 -2.731822e+00 -1.344582e-07 2.213216e-06 2.689484e-06 3.485646e-06 -5.049675e+01 -3.476583e+00 
1.247790e+02 1.459970e+02 -2.303548e+00 -1.647123e-07 2.444738e-06 2.378358e-06 3.414742e-06 -4.414664e+01 -3.854434e+00 
1.247790e+02 1.470613e+02 -1.634928e+00 -2.030261e-07 2.641671e-06 1.980537e-06 3.307896e-06 -3.677900e+01 -4.394838e+00 
1.247790e+02 1.481257e+02 -7.747585e-01 -2.505559e-07 2.798164e-06 1.487087e-06 3.178668e-06 -2.789374e+01 -5.116788e+00 
1.247790e+02 1.491900e+02 2.145401e-01 -3.084788e-07 2.896956e-06 8.894440e-07 3.046083e-06 -1.697749e+01 -6.078167e+00 
