# 1 , 2 , 3 , 4      , 5      , 6      , 7      , 8      , 9        
# xm, ym, zm, IGRF_In, IGRF_Ic, IGRF_Dc, In_siB0, Ic_siB0, Dc_siB0  
1.247790e+02 1.002300e+02 2.054321e+00 4.518274e-05 5.346856e+01 3.327694e+00 4.676263e-05 5.099547e+01 2.217624e+00 
1.247790e+02 1.012943e+02 3.084228e+00 4.518274e-05 5.346856e+01 3.327694e+00 4.714393e-05 5.182110e+01 2.101073e+00 
1.247790e+02 1.023587e+02 4.023203e+00 4.518274e-05 5.346856e+01 3.327694e+00 4.731495e-05 5.282165e+01 2.016124e+00 
1.247790e+02 1.034230e+02 4.803219e+00 4.518274e-05 5.346856e+01 3.327694e+00 4.718302e-05 5.384940e+01 1.992711e+00 
1.247790e+02 1.044874e+02 5.367556e+00 4.518274e-05 5.346856e+01 3.327694e+00 4.677805e-05 5.471216e+01 2.040187e+00 
1.247790e+02 1.055517e+02 5.674834e+00 4.518274e-05 5.346856e+01 3.327694e+00 4.621591e-05 5.532749e+01 2.141043e+00 
1.247790e+02 1.066161e+02 5.701961e+00 4.518274e-05 5.346856e+01 3.327694e+00 4.556621e-05 5.571917e+01 2.278839e+00 
1.247790e+02 1.076804e+02 5.445770e+00 4.518274e-05 5.346856e+01 3.327694e+00 4.482693e-05 5.588270e+01 2.454027e+00 
1.247790e+02 1.087448e+02 4.923246e+00 4.518274e-05 5.346856e+01 3.327694e+00 4.401543e-05 5.571049e+01 2.665573e+00 
1.247790e+02 1.098091e+02 4.170320e+00 4.518274e-05 5.346856e+01 3.327694e+00 4.326706e-05 5.508966e+01 2.878342e+00 
1.247790e+02 1.108735e+02 3.239310e+00 4.518274e-05 5.346856e+01 3.327694e+00 4.276963e-05 5.410811e+01 3.034442e+00 
1.247790e+02 1.119378e+02 2.195204e+00 4.518274e-05 5.346856e+01 3.327694e+00 4.258234e-05 5.302229e+01 3.109920e+00 
1.247790e+02 1.130022e+02 1.111031e+00 4.518274e-05 5.346856e+01 3.327694e+00 4.262985e-05 5.202998e+01 3.122244e+00 
1.247790e+02 1.140665e+02 6.267280e-02 4.518274e-05 5.346856e+01 3.327694e+00 4.281368e-05 5.120298e+01 3.097553e+00 
1.247790e+02 1.151309e+02 -8.765383e-01 4.518274e-05 5.346856e+01 3.327694e+00 4.306571e-05 5.054504e+01 3.054104e+00 
1.247790e+02 1.161952e+02 -1.641032e+00 4.518274e-05 5.346856e+01 3.327694e+00 4.334992e-05 5.004087e+01 3.001446e+00 
1.247790e+02 1.172596e+02 -2.177668e+00 4.518274e-05 5.346856e+01 3.327694e+00 4.365167e-05 4.967465e+01 2.943451e+00 
1.247790e+02 1.183239e+02 -2.449511e+00 4.518274e-05 5.346856e+01 3.327694e+00 4.396943e-05 4.943401e+01 2.880632e+00 
1.247790e+02 1.193883e+02 -2.438461e+00 4.518274e-05 5.346856e+01 3.327694e+00 4.430879e-05 4.930990e+01 2.811739e+00 
1.247790e+02 1.204526e+02 -2.146543e+00 4.518274e-05 5.346856e+01 3.327694e+00 4.467828e-05 4.929631e+01 2.734745e+00 
1.247790e+02 1.215170e+02 -1.595757e+00 4.518274e-05 5.346856e+01 3.327694e+00 4.508605e-05 4.939134e+01 2.647505e+00 
1.247790e+02 1.225813e+02 -8.265183e-01 4.518274e-05 5.346856e+01 3.327694e+00 4.553663e-05 4.959993e+01 2.548234e+00 
1.247790e+02 1.236457e+02 1.052202e-01 4.518274e-05 5.346856e+01 3.327694e+00 4.602714e-05 4.993750e+01 2.435979e+00 
1.247790e+02 1.247100e+02 1.131946e+00 4.518274e-05 5.346856e+01 3.327694e+00 4.654003e-05 5.043447e+01 2.311668e+00 
1.247790e+02 1.257743e+02 2.179391e+00 4.518274e-05 5.346856e+01 3.327694e+00 4.703022e-05 5.113315e+01 2.180691e+00 
1.247790e+02 1.268387e+02 3.171813e+00 4.518274e-05 5.346856e+01 3.327694e+00 4.740554e-05 5.206538e+01 2.058318e+00 
1.247790e+02 1.279030e+02 4.037383e+00 4.518274e-05 5.346856e+01 3.327694e+00 4.752885e-05 5.318643e+01 1.974840e+00 
1.247790e+02 1.289674e+02 4.713296e+00 4.518274e-05 5.346856e+01 3.327694e+00 4.730000e-05 5.432069e+01 1.964961e+00 
1.247790e+02 1.300317e+02 5.150236e+00 4.518274e-05 5.346856e+01 3.327694e+00 4.676061e-05 5.525480e+01 2.038936e+00 
1.247790e+02 1.310961e+02 5.315888e+00 4.518274e-05 5.346856e+01 3.327694e+00 4.602962e-05 5.589747e+01 2.180349e+00 
1.247790e+02 1.321604e+02 5.197230e+00 4.518274e-05 5.346856e+01 3.327694e+00 4.517060e-05 5.623137e+01 2.376648e+00 
1.247790e+02 1.332248e+02 4.801467e+00 4.518274e-05 5.346856e+01 3.327694e+00 4.422254e-05 5.616701e+01 2.620508e+00 
1.247790e+02 1.342891e+02 4.155511e+00 4.518274e-05 5.346856e+01 3.327694e+00 4.332962e-05 5.558099e+01 2.872957e+00 
1.247790e+02 1.353535e+02 3.304074e+00 4.518274e-05 5.346856e+01 3.327694e+00 4.271042e-05 5.455220e+01 3.064568e+00 
1.247790e+02 1.364178e+02 2.306480e+00 4.518274e-05 5.346856e+01 3.327694e+00 4.244905e-05 5.337353e+01 3.161874e+00 
1.247790e+02 1.374822e+02 1.232453e+00 4.518274e-05 5.346856e+01 3.327694e+00 4.246280e-05 5.228464e+01 3.184071e+00 
1.247790e+02 1.385465e+02 1.571511e-01 4.518274e-05 5.346856e+01 3.327694e+00 4.263606e-05 5.137454e+01 3.162496e+00 
1.247790e+02 1.396109e+02 -8.441758e-01 4.518274e-05 5.346856e+01 3.327694e+00 4.288686e-05 5.064628e+01 3.119515e+00 
1.247790e+02 1.406752e+02 -1.701540e+00 4.518274e-05 5.346856e+01 3.327694e+00 4.317214e-05 5.008081e+01 3.066684e+00 
1.247790e+02 1.417396e+02 -2.355194e+00 4.518274e-05 5.346856e+01 3.327694e+00 4.347213e-05 4.965810e+01 3.009245e+00 
1.247790e+02 1.428039e+02 -2.759880e+00 4.518274e-05 5.346856e+01 3.327694e+00 4.378318e-05 4.936389e+01 2.948215e+00 
1.247790e+02 1.438683e+02 -2.888049e+00 4.518274e-05 5.346856e+01 3.327694e+00 4.410982e-05 4.918718e+01 2.882620e+00 
1.247790e+02 1.449326e+02 -2.731822e+00 4.518274e-05 5.346856e+01 3.327694e+00 4.446092e-05 4.912023e+01 2.810421e+00 
1.247790e+02 1.459970e+02 -2.303548e+00 4.518274e-05 5.346856e+01 3.327694e+00 4.484656e-05 4.915841e+01 2.729210e+00 
1.247790e+02 1.470613e+02 -1.634928e+00 4.518274e-05 5.346856e+01 3.327694e+00 4.527513e-05 4.930103e+01 2.636741e+00 
1.247790e+02 1.481257e+02 -7.747585e-01 4.518274e-05 5.346856e+01 3.327694e+00 4.575025e-05 4.955760e+01 2.531177e+00 
1.247790e+02 1.491900e+02 2.145401e-01 4.518274e-05 5.346856e+01 3.327694e+00 4.626856e-05 4.994702e+01 2.411424e+00 
