# 1,2,3, 4    , 5    , 6    , 7    , 8    , 9    , 10   , 11   , 12    
# x,y,z, Bx_vi, By_vi, Bz_vi, Bx_si, By_si, Bz_si, In_si, Ic_si, Dc_si 
225.2300000000 249.7790000000 1.0000000000 0.0000000016 -0.0000000918 -0.0000002855 0.0000000016 -0.0000000918 -0.0000002855 0.0000002999 72.1750235312 179.0138607254 
226.2943478261 249.7790000000 1.0000000000 0.0000000015 -0.0000000918 -0.0000002854 0.0000000015 -0.0000000918 -0.0000002854 0.0000002998 72.1614050152 179.0582782280 
227.3586956522 249.7790000000 1.0000000000 0.0000000014 -0.0000000919 -0.0000002852 0.0000000014 -0.0000000919 -0.0000002852 0.0000002997 72.1483874738 179.1024215057 
228.4230434783 249.7790000000 1.0000000000 0.0000000014 -0.0000000919 -0.0000002851 0.0000000014 -0.0000000919 -0.0000002851 0.0000002995 72.1359704233 179.1463043011 
229.4873913043 249.7790000000 1.0000000000 0.0000000013 -0.0000000919 -0.0000002850 0.0000000013 -0.0000000919 -0.0000002850 0.0000002994 72.1241536782 179.1899393572 
230.5517391304 249.7790000000 1.0000000000 0.0000000012 -0.0000000919 -0.0000002849 0.0000000012 -0.0000000919 -0.0000002849 0.0000002993 72.1129367577 179.2333399016 
231.6160869565 249.7790000000 1.0000000000 0.0000000012 -0.0000000919 -0.0000002847 0.0000000012 -0.0000000919 -0.0000002847 0.0000002992 72.1023193666 179.2765193598 
232.6804347826 249.7790000000 1.0000000000 0.0000000011 -0.0000000920 -0.0000002846 0.0000000011 -0.0000000920 -0.0000002846 0.0000002991 72.0923010216 179.3194900333 
233.7447826087 249.7790000000 1.0000000000 0.0000000010 -0.0000000920 -0.0000002845 0.0000000010 -0.0000000920 -0.0000002845 0.0000002990 72.0828817328 179.3622650014 
234.8091304348 249.7790000000 1.0000000000 0.0000000010 -0.0000000920 -0.0000002844 0.0000000010 -0.0000000920 -0.0000002844 0.0000002989 72.0740610632 179.4048568969 
235.8734782609 249.7790000000 1.0000000000 0.0000000009 -0.0000000920 -0.0000002843 0.0000000009 -0.0000000920 -0.0000002843 0.0000002989 72.0658385746 179.4472779140 
236.9378260870 249.7790000000 1.0000000000 0.0000000008 -0.0000000920 -0.0000002843 0.0000000008 -0.0000000920 -0.0000002843 0.0000002988 72.0582143120 179.4895406906 
238.0021739130 249.7790000000 1.0000000000 0.0000000008 -0.0000000921 -0.0000002842 0.0000000008 -0.0000000921 -0.0000002842 0.0000002987 72.0511878481 179.5316574385 
239.0665217391 249.7790000000 1.0000000000 0.0000000007 -0.0000000921 -0.0000002841 0.0000000007 -0.0000000921 -0.0000002841 0.0000002987 72.0447590428 179.5736403265 
240.1308695652 249.7790000000 1.0000000000 0.0000000006 -0.0000000921 -0.0000002841 0.0000000006 -0.0000000921 -0.0000002841 0.0000002986 72.0389276011 179.6155014565 
241.1952173913 249.7790000000 1.0000000000 0.0000000006 -0.0000000921 -0.0000002840 0.0000000006 -0.0000000921 -0.0000002840 0.0000002986 72.0336934248 179.6572529131 
242.2595652174 249.7790000000 1.0000000000 0.0000000005 -0.0000000921 -0.0000002840 0.0000000005 -0.0000000921 -0.0000002840 0.0000002985 72.0290562714 179.6989068766 
243.3239130435 249.7790000000 1.0000000000 0.0000000004 -0.0000000921 -0.0000002839 0.0000000004 -0.0000000921 -0.0000002839 0.0000002985 72.0250160152 179.7404751893 
244.3882608696 249.7790000000 1.0000000000 0.0000000004 -0.0000000921 -0.0000002839 0.0000000004 -0.0000000921 -0.0000002839 0.0000002984 72.0215726501 179.7819694573 
245.4526086957 249.7790000000 1.0000000000 0.0000000003 -0.0000000921 -0.0000002838 0.0000000003 -0.0000000921 -0.0000002838 0.0000002984 72.0187258984 179.8234018939 
246.5169565217 249.7790000000 1.0000000000 0.0000000002 -0.0000000921 -0.0000002838 0.0000000002 -0.0000000921 -0.0000002838 0.0000002984 72.0164757090 179.8647840882 
247.5813043478 249.7790000000 1.0000000000 0.0000000002 -0.0000000921 -0.0000002838 0.0000000002 -0.0000000921 -0.0000002838 0.0000002984 72.0148221692 179.9061279928 
248.6456521739 249.7790000000 1.0000000000 0.0000000001 -0.0000000921 -0.0000002838 0.0000000001 -0.0000000921 -0.0000002838 0.0000002984 72.0137650308 179.9474453417 
249.7100000000 249.7790000000 1.0000000000 0.0000000000 -0.0000000921 -0.0000002838 0.0000000000 -0.0000000921 -0.0000002838 0.0000002984 72.0133042615 179.9887474179 
250.7743478261 249.7790000000 1.0000000000 -0.0000000000 -0.0000000921 -0.0000002838 -0.0000000000 -0.0000000921 -0.0000002838 0.0000002984 72.0134399705 -179.9699533797 
251.8386956522 249.7790000000 1.0000000000 -0.0000000001 -0.0000000921 -0.0000002838 -0.0000000001 -0.0000000921 -0.0000002838 0.0000002984 72.0141721707 -179.9286458217 
252.9030434783 249.7790000000 1.0000000000 -0.0000000002 -0.0000000921 -0.0000002838 -0.0000000002 -0.0000000921 -0.0000002838 0.0000002984 72.0155007084 -179.8873177627 
253.9673913043 249.7790000000 1.0000000000 -0.0000000002 -0.0000000921 -0.0000002838 -0.0000000002 -0.0000000921 -0.0000002838 0.0000002984 72.0174257350 -179.8459579581 
255.0317391304 249.7790000000 1.0000000000 -0.0000000003 -0.0000000921 -0.0000002839 -0.0000000003 -0.0000000921 -0.0000002839 0.0000002984 72.0199473762 -179.8045544441 
256.0960869565 249.7790000000 1.0000000000 -0.0000000004 -0.0000000921 -0.0000002839 -0.0000000004 -0.0000000921 -0.0000002839 0.0000002985 72.0230656401 -179.7630950568 
257.1604347826 249.7790000000 1.0000000000 -0.0000000004 -0.0000000921 -0.0000002839 -0.0000000004 -0.0000000921 -0.0000002839 0.0000002985 72.0267805232 -179.7215686237 
258.2247826087 249.7790000000 1.0000000000 -0.0000000005 -0.0000000921 -0.0000002840 -0.0000000005 -0.0000000921 -0.0000002840 0.0000002985 72.0310924212 -179.6799629616 
259.2891304348 249.7790000000 1.0000000000 -0.0000000006 -0.0000000921 -0.0000002840 -0.0000000006 -0.0000000921 -0.0000002840 0.0000002986 72.0360012497 -179.6382662281 
260.3534782609 249.7790000000 1.0000000000 -0.0000000006 -0.0000000921 -0.0000002841 -0.0000000006 -0.0000000921 -0.0000002841 0.0000002986 72.0415072172 -179.5964662486 
261.4178260870 249.7790000000 1.0000000000 -0.0000000007 -0.0000000921 -0.0000002842 -0.0000000007 -0.0000000921 -0.0000002842 0.0000002987 72.0476104899 -179.5545510935 
262.4821739130 249.7790000000 1.0000000000 -0.0000000008 -0.0000000920 -0.0000002842 -0.0000000008 -0.0000000920 -0.0000002842 0.0000002988 72.0543112780 -179.5125087479 
263.5465217391 249.7790000000 1.0000000000 -0.0000000009 -0.0000000920 -0.0000002843 -0.0000000009 -0.0000000920 -0.0000002843 0.0000002988 72.0616097597 -179.4703271353 
264.6108695652 249.7790000000 1.0000000000 -0.0000000009 -0.0000000920 -0.0000002844 -0.0000000009 -0.0000000920 -0.0000002844 0.0000002989 72.0695061600 -179.4279939441 
265.6752173913 249.7790000000 1.0000000000 -0.0000000010 -0.0000000920 -0.0000002845 -0.0000000010 -0.0000000920 -0.0000002845 0.0000002990 72.0780008473 -179.3854966681 
266.7395652174 249.7790000000 1.0000000000 -0.0000000011 -0.0000000920 -0.0000002846 -0.0000000011 -0.0000000920 -0.0000002846 0.0000002991 72.0870938895 -179.3428232515 
267.8039130435 249.7790000000 1.0000000000 -0.0000000011 -0.0000000920 -0.0000002847 -0.0000000011 -0.0000000920 -0.0000002847 0.0000002992 72.0967857763 -179.2999607247 
268.8682608696 249.7790000000 1.0000000000 -0.0000000012 -0.0000000919 -0.0000002848 -0.0000000012 -0.0000000919 -0.0000002848 0.0000002993 72.1070766162 -179.2568963698 
269.9326086957 249.7790000000 1.0000000000 -0.0000000013 -0.0000000919 -0.0000002849 -0.0000000013 -0.0000000919 -0.0000002849 0.0000002994 72.1179667812 -179.2136180074 
270.9969565217 249.7790000000 1.0000000000 -0.0000000013 -0.0000000919 -0.0000002850 -0.0000000013 -0.0000000919 -0.0000002850 0.0000002995 72.1294566956 -179.1701123531 
272.0613043478 249.7790000000 1.0000000000 -0.0000000014 -0.0000000919 -0.0000002852 -0.0000000014 -0.0000000919 -0.0000002852 0.0000002996 72.1415465548 -179.1263662827 
273.1256521739 249.7790000000 1.0000000000 -0.0000000015 -0.0000000918 -0.0000002853 -0.0000000015 -0.0000000918 -0.0000002853 0.0000002997 72.1542368434 -179.0823665304 
274.1900000000 249.7790000000 1.0000000000 -0.0000000015 -0.0000000918 -0.0000002854 -0.0000000015 -0.0000000918 -0.0000002854 0.0000002998 72.1675277544 -179.0381000553 
