# 1      , 2      , 3      , 4    , 5     , 6      , 7      , 8      ,                    9              , 10  , 11  , 12  , 13    , 14      
# IGRF_In, IGRF_Ic, IGRF_Dc, dmeas, height, In_siB0, Ic_siB0, Dc_siB0,                    height m (-poh), In_m, Ic_m, Dc_m, min hP, max hP  
4.520148e-05 5.352724e+01 3.334555e+00 0.000000e+00 1.556266e+03 4.426318e-05 5.711788e+01 -2.613288e+00 1.557300e+03 4.448792e+01 5.583627e+01 -1.122377e+00 1.535078e+03 1.556266e+03 
4.520148e-05 5.352724e+01 3.334555e+00 2.157064e+00 1.555682e+03 4.409310e-05 5.677527e+01 -2.423981e+00 1.556000e+03 4.196911e+01 5.305396e+01 1.006797e+00 1.535078e+03 1.556266e+03 
4.520148e-05 5.352724e+01 3.334555e+00 4.009790e+00 1.555524e+03 4.410409e-05 5.694732e+01 -1.933930e+00 1.555300e+03 4.446192e+01 5.314424e+01 6.568822e-02 1.535078e+03 1.556266e+03 
4.520148e-05 5.352724e+01 3.334555e+00 6.432482e+00 1.555228e+03 4.427543e-05 5.729197e+01 -1.334736e+00 1.554700e+03 4.390247e+01 5.501466e+01 -2.053104e-02 1.535078e+03 1.556266e+03 
4.520148e-05 5.352724e+01 3.334555e+00 1.060382e+01 1.554987e+03 4.310728e-05 5.954929e+01 1.352285e+00 1.554000e+03 4.332387e+01 5.624892e+01 2.283837e+00 1.535078e+03 1.556266e+03 
4.520148e-05 5.352724e+01 3.334555e+00 1.279858e+01 1.553799e+03 4.001206e-05 5.763201e+01 4.466112e+00 1.553300e+03 4.142757e+01 5.767648e+01 2.327239e+00 1.535078e+03 1.556266e+03 
4.520148e-05 5.352724e+01 3.334555e+00 1.570972e+01 1.552447e+03 4.096407e-05 5.589850e+01 4.789930e+00 1.552000e+03 4.145050e+01 5.546068e+01 3.812288e+00 1.535078e+03 1.556266e+03 
4.520148e-05 5.352724e+01 3.334555e+00 1.871373e+01 1.551012e+03 4.145522e-05 5.450772e+01 4.109315e+00 1.550600e+03 4.136905e+01 5.443539e+01 3.024181e+00 1.535078e+03 1.556266e+03 
4.520148e-05 5.352724e+01 3.334555e+00 2.378995e+01 1.548554e+03 4.195267e-05 5.260060e+01 3.902830e+00 1.548300e+03 4.152581e+01 5.120870e+01 1.675675e+00 1.535078e+03 1.556266e+03 
4.520148e-05 5.352724e+01 3.334555e+00 2.482539e+01 1.548130e+03 4.192002e-05 5.236453e+01 3.967626e+00 1.547200e+03 4.169582e+01 5.002213e+01 1.848368e+00 1.535078e+03 1.556266e+03 
4.520148e-05 5.352724e+01 3.334555e+00 2.569447e+01 1.547834e+03 4.184152e-05 5.192086e+01 3.990446e+00 1.545700e+03 4.319422e+01 4.868189e+01 -7.589213e-01 1.535078e+03 1.556266e+03 
4.520148e-05 5.352724e+01 3.334555e+00 2.920594e+01 1.546610e+03 4.290356e-05 5.105680e+01 3.737934e+00 1.544700e+03 4.333031e+01 5.164319e+01 1.495654e+00 1.535078e+03 1.556266e+03 
4.520148e-05 5.352724e+01 3.334555e+00 3.250502e+01 1.545895e+03 4.314765e-05 5.155862e+01 3.037666e+00 1.543700e+03 4.271910e+01 5.084754e+01 1.506776e+00 1.535078e+03 1.556266e+03 
4.520148e-05 5.352724e+01 3.334555e+00 3.440177e+01 1.545507e+03 4.325909e-05 5.152598e+01 2.293526e+00 1.543400e+03 4.324763e+01 5.055983e+01 1.430580e+00 1.535078e+03 1.556266e+03 
4.520148e-05 5.352724e+01 3.334555e+00 3.600708e+01 1.545133e+03 4.319108e-05 5.132178e+01 1.979042e+00 1.543500e+03 4.379217e+01 5.129007e+01 1.584933e+00 1.535078e+03 1.556266e+03 
4.520148e-05 5.352724e+01 3.334555e+00 3.806029e+01 1.544676e+03 4.321641e-05 5.073310e+01 1.934226e+00 1.543400e+03 4.399741e+01 5.198218e+01 1.437308e+00 1.535078e+03 1.556266e+03 
4.520148e-05 5.352724e+01 3.334555e+00 4.012339e+01 1.544287e+03 4.365468e-05 5.044148e+01 1.707200e+00 1.543400e+03 4.428109e+01 5.239893e+01 1.402505e+00 1.535078e+03 1.556266e+03 
4.520148e-05 5.352724e+01 3.334555e+00 4.206202e+01 1.544040e+03 4.368521e-05 5.075555e+01 1.266937e+00 1.543600e+03 4.415443e+01 5.250524e+01 1.276626e+00 1.535078e+03 1.556266e+03 
4.520148e-05 5.352724e+01 3.334555e+00 4.396952e+01 1.543803e+03 4.354739e-05 5.056208e+01 1.107807e+00 1.543100e+03 4.386501e+01 5.230985e+01 7.168437e-01 1.535078e+03 1.556266e+03 
4.520148e-05 5.352724e+01 3.334555e+00 4.625121e+01 1.543597e+03 4.351802e-05 5.044336e+01 6.547996e-01 1.543000e+03 4.364468e+01 5.192835e+01 3.594499e-01 1.535078e+03 1.556266e+03 
4.520148e-05 5.352724e+01 3.334555e+00 4.892883e+01 1.543383e+03 4.334648e-05 4.960725e+01 6.432809e-01 1.542700e+03 4.364898e+01 5.088048e+01 -1.493370e-01 1.535078e+03 1.556266e+03 
4.520148e-05 5.352724e+01 3.334555e+00 5.087570e+01 1.543261e+03 4.410358e-05 4.906624e+01 1.111654e+00 1.542600e+03 4.411006e+01 4.912592e+01 -1.025141e+00 1.535078e+03 1.556266e+03 
4.520148e-05 5.352724e+01 3.334555e+00 5.302838e+01 1.543507e+03 4.481609e-05 4.973339e+01 9.709821e-01 1.543600e+03 4.685463e+01 4.930186e+01 -2.361017e+00 1.535078e+03 1.556266e+03 
4.520148e-05 5.352724e+01 3.334555e+00 5.487540e+01 1.543641e+03 4.556515e-05 4.949208e+01 1.738676e+00 1.545700e+03 4.767540e+01 5.239186e+01 -2.225564e+00 1.535078e+03 1.556266e+03 
4.520148e-05 5.352724e+01 3.334555e+00 5.719304e+01 1.544288e+03 4.770420e-05 5.092738e+01 2.217439e+00 1.546600e+03 4.691841e+01 5.428650e+01 2.349734e-01 1.535078e+03 1.556266e+03 
4.520148e-05 5.352724e+01 3.334555e+00 5.955443e+01 1.545109e+03 4.802881e-05 5.440731e+01 3.031092e+00 1.547100e+03 4.662411e+01 5.438320e+01 1.165516e+00 1.535078e+03 1.556266e+03 
4.520148e-05 5.352724e+01 3.334555e+00 6.111958e+01 1.545241e+03 4.576132e-05 5.619980e+01 3.426904e+00 1.547400e+03 4.638731e+01 5.608657e+01 1.661418e+00 1.535078e+03 1.556266e+03 
4.520148e-05 5.352724e+01 3.334555e+00 6.319502e+01 1.544877e+03 4.421467e-05 5.546225e+01 3.080747e+00 1.547500e+03 4.429685e+01 5.651648e+01 3.191259e+00 1.535078e+03 1.556266e+03 
4.520148e-05 5.352724e+01 3.334555e+00 6.455714e+01 1.544620e+03 4.357923e-05 5.511235e+01 2.588097e+00 1.545900e+03 4.227339e+01 5.662921e+01 2.873329e+00 1.535078e+03 1.556266e+03 
4.520148e-05 5.352724e+01 3.334555e+00 6.593101e+01 1.544292e+03 4.276578e-05 5.444185e+01 2.616445e+00 1.544800e+03 4.097923e+01 5.512826e+01 2.597322e+00 1.535078e+03 1.556266e+03 
4.520148e-05 5.352724e+01 3.334555e+00 6.749700e+01 1.543874e+03 4.234611e-05 5.333264e+01 3.005666e+00 1.543900e+03 4.100407e+01 5.231613e+01 2.928146e+00 1.535078e+03 1.556266e+03 
4.520148e-05 5.352724e+01 3.334555e+00 6.929172e+01 1.543386e+03 4.217108e-05 5.172391e+01 3.534153e+00 1.543100e+03 4.181209e+01 5.269397e+01 2.313403e+00 1.535078e+03 1.556266e+03 
4.520148e-05 5.352724e+01 3.334555e+00 7.093375e+01 1.542951e+03 4.297078e-05 5.025459e+01 3.474519e+00 1.542100e+03 4.160604e+01 5.192082e+01 1.837403e+00 1.535078e+03 1.556266e+03 
4.520148e-05 5.352724e+01 3.334555e+00 7.262516e+01 1.542931e+03 4.396400e-05 5.089578e+01 3.339392e+00 1.541900e+03 4.257990e+01 5.171535e+01 2.168046e+00 1.535078e+03 1.556266e+03 
4.520148e-05 5.352724e+01 3.334555e+00 7.492696e+01 1.542915e+03 4.432337e-05 5.168762e+01 3.130812e+00 1.541600e+03 4.286244e+01 5.224487e+01 3.161507e+00 1.535078e+03 1.556266e+03 
4.520148e-05 5.352724e+01 3.334555e+00 7.718037e+01 1.542831e+03 4.405569e-05 5.196064e+01 2.718746e+00 1.541200e+03 4.290580e+01 5.310423e+01 3.222746e+00 1.535078e+03 1.556266e+03 
4.520148e-05 5.352724e+01 3.334555e+00 7.948909e+01 1.542659e+03 4.378553e-05 5.154714e+01 2.213640e+00 1.540600e+03 4.238042e+01 5.295924e+01 2.702064e+00 1.535078e+03 1.556266e+03 
4.520148e-05 5.352724e+01 3.334555e+00 8.102207e+01 1.542506e+03 4.381364e-05 5.115180e+01 1.961501e+00 1.540300e+03 4.231536e+01 5.251960e+01 3.145245e+00 1.535078e+03 1.556266e+03 
4.520148e-05 5.352724e+01 3.334555e+00 8.324161e+01 1.542444e+03 4.421018e-05 5.084501e+01 1.504917e+00 1.540000e+03 4.257007e+01 5.167717e+01 2.593745e+00 1.535078e+03 1.556266e+03 
4.520148e-05 5.352724e+01 3.334555e+00 8.494116e+01 1.542390e+03 4.428385e-05 5.063332e+01 1.043741e+00 1.539700e+03 4.323530e+01 5.182386e+01 2.435426e+00 1.535078e+03 1.556266e+03 
4.520148e-05 5.352724e+01 3.334555e+00 8.694708e+01 1.542215e+03 4.437244e-05 4.972316e+01 5.211961e-01 1.539700e+03 4.348858e+01 5.213753e+01 2.205294e+00 1.535078e+03 1.556266e+03 
4.520148e-05 5.352724e+01 3.334555e+00 8.905913e+01 1.542490e+03 4.520704e-05 5.004201e+01 -2.605691e-01 1.539800e+03 4.375665e+01 5.153973e+01 1.794059e+00 1.535078e+03 1.556266e+03 
4.520148e-05 5.352724e+01 3.334555e+00 9.124541e+01 1.542880e+03 4.568923e-05 5.042219e+01 -8.510598e-01 1.539800e+03 4.333735e+01 5.242923e+01 1.497827e+00 1.535078e+03 1.556266e+03 
4.520148e-05 5.352724e+01 3.334555e+00 9.347366e+01 1.543012e+03 4.597064e-05 5.048426e+01 -5.816186e-01 1.539600e+03 4.340233e+01 5.063036e+01 1.295131e+00 1.535078e+03 1.556266e+03 
4.520148e-05 5.352724e+01 3.334555e+00 9.565355e+01 1.543457e+03 4.637453e-05 5.201687e+01 1.190257e-02 1.539600e+03 4.693453e+01 4.701704e+01 1.684363e+00 1.535078e+03 1.556266e+03 
4.520148e-05 5.352724e+01 3.334555e+00 9.679860e+01 1.543570e+03 4.601723e-05 5.296483e+01 7.493944e-01 1.540900e+03 4.612276e+01 5.226802e+01 -5.761827e-01 1.535078e+03 1.556266e+03 
4.520148e-05 5.352724e+01 3.334555e+00 9.879789e+01 1.543560e+03 4.386309e-05 5.289270e+01 3.700265e+00 1.540800e+03 4.659234e+01 5.460551e+01 -2.922006e+00 1.535078e+03 1.556266e+03 
4.520148e-05 5.352724e+01 3.334555e+00 1.007518e+02 1.543365e+03 4.419468e-05 5.180535e+01 4.883603e+00 1.541900e+03 4.461297e+01 5.579629e+01 -3.906813e-01 1.535078e+03 1.556266e+03 
4.520148e-05 5.352724e+01 3.334555e+00 1.035650e+02 1.543354e+03 4.568236e-05 5.135360e+01 4.716032e+00 1.542400e+03 4.394269e+01 5.541521e+01 -2.411192e-01 1.535078e+03 1.556266e+03 
4.520148e-05 5.352724e+01 3.334555e+00 1.056521e+02 1.543513e+03 4.670648e-05 5.078702e+01 4.171944e+00 1.542100e+03 4.222226e+01 5.514488e+01 2.161051e+00 1.535078e+03 1.556266e+03 
4.520148e-05 5.352724e+01 3.334555e+00 1.073063e+02 1.543841e+03 4.769624e-05 5.071516e+01 3.561766e+00 1.542200e+03 4.164813e+01 5.273971e+01 4.783560e+00 1.535078e+03 1.556266e+03 
4.520148e-05 5.352724e+01 3.334555e+00 1.086161e+02 1.543947e+03 4.786756e-05 5.098759e+01 2.834770e+00 1.541800e+03 4.351370e+01 5.109438e+01 6.023655e+00 1.535078e+03 1.556266e+03 
4.520148e-05 5.352724e+01 3.334555e+00 1.106090e+02 1.544195e+03 4.794469e-05 5.152433e+01 2.050399e+00 1.542100e+03 4.607738e+01 5.147225e+01 3.011337e+00 1.535078e+03 1.556266e+03 
4.520148e-05 5.352724e+01 3.334555e+00 1.117330e+02 1.544448e+03 4.795717e-05 5.157347e+01 1.682480e+00 1.542600e+03 4.670324e+01 5.271624e+01 2.011809e+00 1.535078e+03 1.556266e+03 
4.520148e-05 5.352724e+01 3.334555e+00 1.133783e+02 1.544864e+03 4.853742e-05 5.147560e+01 9.584959e-01 1.542600e+03 4.558016e+01 5.322058e+01 -6.130479e-01 1.535078e+03 1.556266e+03 
4.520148e-05 5.352724e+01 3.334555e+00 1.164429e+02 1.545085e+03 4.836024e-05 5.286017e+01 2.221466e-01 1.542700e+03 4.526098e+01 5.269316e+01 -1.001412e+00 1.535078e+03 1.556266e+03 
4.520148e-05 5.352724e+01 3.334555e+00 1.182755e+02 1.545647e+03 4.912000e-05 5.363235e+01 -1.168356e+00 1.543400e+03 4.521312e+01 5.251648e+01 7.519339e-01 1.535078e+03 1.556266e+03 
4.520148e-05 5.352724e+01 3.334555e+00 1.200628e+02 1.545878e+03 4.815209e-05 5.544115e+01 -2.535789e+00 1.543700e+03 4.514027e+01 5.070417e+01 1.222414e+00 1.535078e+03 1.556266e+03 
4.520148e-05 5.352724e+01 3.334555e+00 1.217589e+02 1.545694e+03 4.656854e-05 5.588529e+01 -2.063365e+00 1.544800e+03 4.744231e+01 5.205731e+01 1.068296e+00 1.535078e+03 1.556266e+03 
4.520148e-05 5.352724e+01 3.334555e+00 1.236359e+02 1.545508e+03 4.558671e-05 5.541621e+01 -1.095647e+00 1.544900e+03 4.709993e+01 5.639430e+01 -2.769507e+00 1.535078e+03 1.556266e+03 
4.520148e-05 5.352724e+01 3.334555e+00 1.259096e+02 1.545113e+03 4.535788e-05 5.527821e+01 -7.962080e-01 1.544400e+03 4.364940e+01 5.667753e+01 -7.207159e+00 1.535078e+03 1.556266e+03 
4.520148e-05 5.352724e+01 3.334555e+00 1.277039e+02 1.545001e+03 4.490708e-05 5.511212e+01 -1.312481e+00 1.543800e+03 4.121377e+01 5.379794e+01 -2.278588e+00 1.535078e+03 1.556266e+03 
4.520148e-05 5.352724e+01 3.334555e+00 1.303288e+02 1.544738e+03 4.432376e-05 5.443609e+01 -2.115193e+00 1.543100e+03 4.360169e+01 5.223138e+01 4.067718e-01 1.535078e+03 1.556266e+03 
4.520148e-05 5.352724e+01 3.334555e+00 1.319264e+02 1.544486e+03 4.376717e-05 5.426683e+01 -2.704683e+00 1.542800e+03 4.407682e+01 5.262185e+01 -1.190656e-01 1.535078e+03 1.556266e+03 
4.520148e-05 5.352724e+01 3.334555e+00 1.337913e+02 1.544235e+03 4.299764e-05 5.394779e+01 -2.067197e+00 1.542700e+03 4.439353e+01 5.344606e+01 -5.660931e-01 1.535078e+03 1.556266e+03 
4.520148e-05 5.352724e+01 3.334555e+00 1.352497e+02 1.543927e+03 4.252369e-05 5.316011e+01 -1.110784e+00 1.542800e+03 4.347919e+01 5.414681e+01 -1.049436e+00 1.535078e+03 1.556266e+03 
4.520148e-05 5.352724e+01 3.334555e+00 1.369434e+02 1.543481e+03 4.231011e-05 5.215538e+01 9.604990e-03 1.542700e+03 4.311361e+01 5.347171e+01 -2.338540e-01 1.535078e+03 1.556266e+03 
4.520148e-05 5.352724e+01 3.334555e+00 1.385889e+02 1.543222e+03 4.223182e-05 5.133939e+01 6.818124e-01 1.543500e+03 4.329046e+01 5.271491e+01 6.364126e-01 1.535078e+03 1.556266e+03 
4.520148e-05 5.352724e+01 3.334555e+00 1.402659e+02 1.543092e+03 4.229231e-05 5.069914e+01 1.567205e+00 1.543300e+03 4.405094e+01 5.371134e+01 1.076425e+00 1.535078e+03 1.556266e+03 
4.520148e-05 5.352724e+01 3.334555e+00 1.425849e+02 1.542552e+03 4.265503e-05 4.874890e+01 2.993918e+00 1.543200e+03 4.308813e+01 5.266710e+01 9.360760e-01 1.535078e+03 1.556266e+03 
4.520148e-05 5.352724e+01 3.334555e+00 1.441713e+02 1.542437e+03 4.377445e-05 4.668011e+01 3.340301e+00 1.543100e+03 4.361254e+01 5.237617e+01 1.271262e+00 1.535078e+03 1.556266e+03 
4.520148e-05 5.352724e+01 3.334555e+00 1.459531e+02 1.542767e+03 4.545894e-05 4.706315e+01 3.577411e+00 1.542800e+03 4.347306e+01 5.203587e+01 1.375366e+00 1.535078e+03 1.556266e+03 
4.520148e-05 5.352724e+01 3.334555e+00 1.469585e+02 1.542986e+03 4.591670e-05 4.735425e+01 3.487724e+00 1.542400e+03 4.363393e+01 5.188368e+01 1.439842e+00 1.535078e+03 1.556266e+03 
4.520148e-05 5.352724e+01 3.334555e+00 1.487142e+02 1.543562e+03 4.644939e-05 4.709661e+01 3.847328e+00 1.541500e+03 4.373689e+01 5.044286e+01 1.122758e+00 1.535078e+03 1.556266e+03 
4.520148e-05 5.352724e+01 3.334555e+00 1.508990e+02 1.544059e+03 4.796135e-05 4.739300e+01 3.528177e+00 1.541400e+03 4.399965e+01 5.075273e+01 6.641804e-01 1.535078e+03 1.556266e+03 
4.520148e-05 5.352724e+01 3.334555e+00 1.547376e+02 1.545427e+03 4.888759e-05 4.991589e+01 2.698924e+00 1.543200e+03 4.545103e+01 4.849445e+01 2.634746e+00 1.535078e+03 1.556266e+03 
4.520148e-05 5.352724e+01 3.334555e+00 1.563237e+02 1.546035e+03 4.996876e-05 5.049560e+01 3.172757e+00 1.544400e+03 4.770238e+01 4.925869e+01 2.282191e+00 1.535078e+03 1.556266e+03 
4.520148e-05 5.352724e+01 3.334555e+00 1.580484e+02 1.546950e+03 5.098096e-05 5.237189e+01 2.222525e+00 1.544800e+03 4.917775e+01 5.132983e+01 1.157750e+00 1.535078e+03 1.556266e+03 
4.520148e-05 5.352724e+01 3.334555e+00 1.597138e+02 1.547545e+03 5.050280e-05 5.372863e+01 -4.692178e-01 1.544700e+03 4.703244e+01 5.424963e+01 1.997217e-01 1.535078e+03 1.556266e+03 
4.520148e-05 5.352724e+01 3.334555e+00 1.614858e+02 1.547979e+03 4.892365e-05 5.366356e+01 -3.620691e+00 1.544300e+03 4.615388e+01 5.150006e+01 1.715321e+00 1.535078e+03 1.556266e+03 
4.520148e-05 5.352724e+01 3.334555e+00 1.637563e+02 1.548948e+03 5.032525e-05 5.279898e+01 -5.348485e+00 1.544600e+03 4.804514e+01 4.944723e+01 5.260500e+00 1.535078e+03 1.556266e+03 
4.520148e-05 5.352724e+01 3.334555e+00 1.660495e+02 1.550463e+03 5.314162e-05 5.426353e+01 -4.963580e+00 1.545300e+03 4.737498e+01 5.087166e+01 7.040976e+00 1.535078e+03 1.556266e+03 
4.520148e-05 5.352724e+01 3.334555e+00 1.681422e+02 1.551664e+03 5.344870e-05 5.746612e+01 -6.556523e+00 1.547400e+03 4.832565e+01 5.473040e+01 8.034639e+00 1.535078e+03 1.556266e+03 
4.520148e-05 5.352724e+01 3.334555e+00 1.682044e+02 1.551653e+03 5.349656e-05 5.736646e+01 -6.457280e+00 1.547400e+03 4.849527e+01 5.383797e+01 5.516721e+00 1.535078e+03 1.556266e+03 
4.520148e-05 5.352724e+01 3.334555e+00 1.696096e+02 1.552655e+03 5.097092e-05 6.133109e+01 -5.650381e+00 1.548700e+03 4.747329e+01 5.353095e+01 4.105337e+00 1.535078e+03 1.556266e+03 
4.520148e-05 5.352724e+01 3.334555e+00 1.731167e+02 1.551894e+03 4.556672e-05 6.278192e+01 -1.107584e+00 1.544200e+03 4.815239e+01 5.537150e+01 -1.326956e+00 1.535078e+03 1.556266e+03 
4.520148e-05 5.352724e+01 3.334555e+00 1.760754e+02 1.550315e+03 4.141023e-05 6.040985e+01 -5.644860e+00 1.543900e+03 4.612961e+01 6.074418e+01 5.561774e-01 1.535078e+03 1.556266e+03 
4.520148e-05 5.352724e+01 3.334555e+00 1.773472e+02 1.549118e+03 3.910323e-05 5.795019e+01 -2.808275e+00 1.542800e+03 4.445392e+01 6.568666e+01 -1.241810e+01 1.535078e+03 1.556266e+03 
4.520148e-05 5.352724e+01 3.334555e+00 1.796748e+02 1.549316e+03 3.968090e-05 5.656294e+01 -2.961483e+00 1.541800e+03 4.279455e+01 6.124319e+01 2.857434e+00 1.535078e+03 1.556266e+03 
4.520148e-05 5.352724e+01 3.334555e+00 1.814633e+02 1.547402e+03 3.969102e-05 5.225009e+01 -1.937541e+00 1.548800e+03 4.179907e+01 5.304400e+01 -3.836298e-01 1.535078e+03 1.556266e+03 
4.520148e-05 5.352724e+01 3.334555e+00 1.829765e+02 1.545898e+03 4.086197e-05 4.922904e+01 -1.853280e+00 1.548200e+03 4.216683e+01 5.307585e+01 -1.674401e+00 1.535078e+03 1.556266e+03 
4.520148e-05 5.352724e+01 3.334555e+00 1.847136e+02 1.544850e+03 4.202255e-05 4.972961e+01 -2.616415e+00 1.547400e+03 4.290856e+01 5.331989e+01 -1.589852e+00 1.535078e+03 1.556266e+03 
4.520148e-05 5.352724e+01 3.334555e+00 1.863904e+02 1.543783e+03 4.183519e-05 4.911497e+01 -1.467503e+00 1.546700e+03 4.288546e+01 5.336968e+01 -3.594397e+00 1.535078e+03 1.556266e+03 
4.520148e-05 5.352724e+01 3.334555e+00 1.884935e+02 1.542529e+03 4.166089e-05 4.769034e+01 1.065780e+00 1.546000e+03 4.223477e+01 5.259882e+01 -1.291264e+00 1.535078e+03 1.556266e+03 
4.520148e-05 5.352724e+01 3.334555e+00 1.899643e+02 1.541948e+03 4.223491e-05 4.668634e+01 2.356099e+00 1.545100e+03 4.102368e+01 5.287970e+01 -1.148582e+00 1.535078e+03 1.556266e+03 
4.520148e-05 5.352724e+01 3.334555e+00 1.916195e+02 1.541606e+03 4.389583e-05 4.738913e+01 2.694139e+00 1.543900e+03 4.164495e+01 5.003042e+01 1.669709e+00 1.535078e+03 1.556266e+03 
4.520148e-05 5.352724e+01 3.334555e+00 1.933386e+02 1.541451e+03 4.448098e-05 4.815820e+01 2.982388e+00 1.543000e+03 4.264267e+01 5.056570e+01 1.614315e+00 1.535078e+03 1.556266e+03 
4.520148e-05 5.352724e+01 3.334555e+00 1.948557e+02 1.541429e+03 4.489598e-05 4.863858e+01 3.341641e+00 1.541700e+03 4.342484e+01 5.052783e+01 1.789757e+00 1.535078e+03 1.556266e+03 
4.520148e-05 5.352724e+01 3.334555e+00 1.970284e+02 1.541433e+03 4.552037e-05 4.858474e+01 3.941664e+00 1.540900e+03 4.397124e+01 5.169277e+01 2.693670e+00 1.535078e+03 1.556266e+03 
4.520148e-05 5.352724e+01 3.334555e+00 1.997555e+02 1.542100e+03 4.708213e-05 5.074816e+01 2.922950e+00 1.540600e+03 4.452215e+01 5.185518e+01 1.583166e+00 1.535078e+03 1.556266e+03 
4.520148e-05 5.352724e+01 3.334555e+00 2.025419e+02 1.542595e+03 4.657117e-05 5.305198e+01 1.053818e+00 1.540500e+03 4.578723e+01 5.242492e+01 7.333876e-01 1.535078e+03 1.556266e+03 
4.520148e-05 5.352724e+01 3.334555e+00 2.043886e+02 1.542510e+03 4.580157e-05 5.321364e+01 8.190236e-01 1.541100e+03 4.501628e+01 5.416932e+01 -3.666159e-01 1.535078e+03 1.556266e+03 
4.520148e-05 5.352724e+01 3.334555e+00 2.062066e+02 1.542486e+03 4.547718e-05 5.304913e+01 7.424873e-01 1.541000e+03 4.440732e+01 5.456089e+01 -1.180510e+00 1.535078e+03 1.556266e+03 
4.520148e-05 5.352724e+01 3.334555e+00 2.080318e+02 1.542419e+03 4.533323e-05 5.295518e+01 7.476990e-01 1.540900e+03 4.345749e+01 5.455760e+01 -1.319032e+00 1.535078e+03 1.556266e+03 
4.520148e-05 5.352724e+01 3.334555e+00 2.100417e+02 1.542389e+03 4.527500e-05 5.289148e+01 4.889350e-01 1.540600e+03 4.333011e+01 5.351250e+01 -1.189557e-01 1.535078e+03 1.556266e+03 
4.520148e-05 5.352724e+01 3.334555e+00 2.122547e+02 1.542302e+03 4.509897e-05 5.287525e+01 2.329728e-02 1.540600e+03 4.383210e+01 5.302252e+01 -6.923340e-02 1.535078e+03 1.556266e+03 
4.520148e-05 5.352724e+01 3.334555e+00 2.145339e+02 1.542153e+03 4.484960e-05 5.234934e+01 3.405784e-01 1.540600e+03 4.453225e+01 5.331030e+01 -1.795810e-01 1.535078e+03 1.556266e+03 
4.520148e-05 5.352724e+01 3.334555e+00 2.168454e+02 1.541989e+03 4.484203e-05 5.196566e+01 1.273579e+00 1.540600e+03 4.449596e+01 5.452690e+01 -4.801669e-01 1.535078e+03 1.556266e+03 
4.520148e-05 5.352724e+01 3.334555e+00 2.191083e+02 1.541925e+03 4.464823e-05 5.168330e+01 2.688012e+00 1.539900e+03 4.321488e+01 5.491263e+01 -3.391484e-01 1.535078e+03 1.556266e+03 
4.520148e-05 5.352724e+01 3.334555e+00 2.211803e+02 1.542058e+03 4.474828e-05 5.179255e+01 4.209611e+00 1.539600e+03 4.362244e+01 5.337837e+01 2.826230e-04 1.535078e+03 1.556266e+03 
4.520148e-05 5.352724e+01 3.334555e+00 2.232723e+02 1.542257e+03 4.500949e-05 5.117938e+01 4.613118e+00 1.539100e+03 4.357931e+01 5.363767e+01 5.904045e-01 1.535078e+03 1.556266e+03 
4.520148e-05 5.352724e+01 3.334555e+00 2.250348e+02 1.542438e+03 4.551156e-05 4.908136e+01 4.257337e+00 1.539000e+03 4.275391e+01 5.323554e+01 1.235312e+00 1.535078e+03 1.556266e+03 
4.520148e-05 5.352724e+01 3.334555e+00 2.268908e+02 1.543451e+03 4.893735e-05 4.902254e+01 3.717307e+00 1.539300e+03 4.286663e+01 5.168238e+01 1.508501e+00 1.535078e+03 1.556266e+03 
4.520148e-05 5.352724e+01 3.334555e+00 2.295877e+02 1.544963e+03 5.167426e-05 5.178992e+01 1.148763e-01 1.539600e+03 4.315136e+01 5.019224e+01 2.788409e+00 1.535078e+03 1.556266e+03 
4.520148e-05 5.352724e+01 3.334555e+00 2.318938e+02 1.545680e+03 5.256619e-05 5.508366e+01 -1.519674e+00 1.540500e+03 4.578857e+01 4.878858e+01 2.683316e+00 1.535078e+03 1.556266e+03 
4.520148e-05 5.352724e+01 3.334555e+00 2.335234e+02 1.545818e+03 5.232597e-05 5.675257e+01 -3.426750e+00 1.541300e+03 4.727535e+01 5.090495e+01 -9.930897e-02 1.535078e+03 1.556266e+03 
4.520148e-05 5.352724e+01 3.334555e+00 2.353038e+02 1.546016e+03 4.754248e-05 6.094053e+01 -6.388037e+00 1.542100e+03 4.838431e+01 5.284410e+01 1.144985e+00 1.535078e+03 1.556266e+03 
4.520148e-05 5.352724e+01 3.334555e+00 2.363412e+02 1.545638e+03 4.542551e-05 6.108820e+01 -7.120120e+00 1.543500e+03 4.756678e+01 5.484378e+01 -1.263009e+00 1.535078e+03 1.556266e+03 
4.520148e-05 5.352724e+01 3.334555e+00 2.382151e+02 1.544869e+03 4.271505e-05 6.061492e+01 -7.348891e+00 1.544100e+03 4.771110e+01 5.711368e+01 -1.193583e+00 1.535078e+03 1.556266e+03 
4.520148e-05 5.352724e+01 3.334555e+00 2.394675e+02 1.544364e+03 4.094087e-05 6.011616e+01 -6.387995e+00 1.544900e+03 4.543249e+01 5.992780e+01 -3.243286e+00 1.535078e+03 1.556266e+03 
4.520148e-05 5.352724e+01 3.334555e+00 2.412849e+02 1.543205e+03 3.850940e-05 5.845219e+01 -3.695451e+00 1.544900e+03 4.267248e+01 6.027011e+01 -3.173430e+00 1.535078e+03 1.556266e+03 
4.520148e-05 5.352724e+01 3.334555e+00 2.428526e+02 1.542146e+03 3.763887e-05 5.590117e+01 -1.397427e+00 1.543600e+03 4.159712e+01 5.789257e+01 -2.915180e+00 1.535078e+03 1.556266e+03 
4.520148e-05 5.352724e+01 3.334555e+00 2.439705e+02 1.541329e+03 3.762532e-05 5.416370e+01 -2.912908e-01 1.542700e+03 4.047966e+01 5.733275e+01 2.591390e-01 1.535078e+03 1.556266e+03 
4.520148e-05 5.352724e+01 3.334555e+00 2.455183e+02 1.540195e+03 3.786291e-05 5.227678e+01 7.010452e-01 1.541800e+03 4.040144e+01 5.638868e+01 4.943449e-01 1.535078e+03 1.556266e+03 
4.520148e-05 5.352724e+01 3.334555e+00 2.469844e+02 1.539574e+03 3.801668e-05 5.184521e+01 1.000605e+00 1.541000e+03 4.071995e+01 5.618657e+01 7.123870e-01 1.535078e+03 1.556266e+03 
4.520148e-05 5.352724e+01 3.334555e+00 2.481270e+02 1.539101e+03 3.812823e-05 5.144679e+01 1.129852e+00 1.540800e+03 4.075032e+01 5.583331e+01 5.342485e-01 1.535078e+03 1.556266e+03 
4.520148e-05 5.352724e+01 3.334555e+00 2.491184e+02 1.538405e+03 3.835849e-05 5.046109e+01 1.509365e+00 1.540400e+03 4.078849e+01 5.607136e+01 1.117144e+00 1.535078e+03 1.556266e+03 
4.520148e-05 5.352724e+01 3.334555e+00 2.503611e+02 1.537565e+03 3.880505e-05 4.960238e+01 1.938820e+00 1.540100e+03 4.076222e+01 5.615789e+01 1.025457e+00 1.535078e+03 1.556266e+03 
4.520148e-05 5.352724e+01 3.334555e+00 2.535700e+02 1.536082e+03 3.956302e-05 4.873419e+01 3.136547e+00 1.538300e+03 3.976962e+01 5.563509e+01 6.568993e-01 1.535078e+03 1.556266e+03 
4.520148e-05 5.352724e+01 3.334555e+00 2.559534e+02 1.535933e+03 3.946103e-05 4.949822e+01 3.589083e+00 1.537700e+03 4.016802e+01 5.675772e+01 -1.581074e-01 1.535078e+03 1.556266e+03 
4.520148e-05 5.352724e+01 3.334555e+00 2.586392e+02 1.535078e+03 4.052338e-05 4.988434e+01 3.382240e+00 1.536200e+03 4.025341e+01 5.597967e+01 -2.144414e-01 1.535078e+03 1.556266e+03 
4.520148e-05 5.352724e+01 3.334555e+00 2.888399e+02 1.537898e+03 4.331102e-05 4.709552e+01 7.646054e-01 1.537400e+03 4.293960e+01 5.111345e+01 -1.028746e-02 1.535078e+03 1.556266e+03 
4.520148e-05 5.352724e+01 3.334555e+00 2.931717e+02 1.538783e+03 4.197752e-05 4.719419e+01 -1.044248e+00 1.538000e+03 4.240373e+01 5.143620e+01 -1.577845e+00 1.535078e+03 1.556266e+03 
4.520148e-05 5.352724e+01 3.334555e+00 2.949700e+02 1.539160e+03 4.156556e-05 4.763183e+01 -1.846590e+00 1.539100e+03 4.223195e+01 5.069244e+01 -1.598336e+00 1.535078e+03 1.556266e+03 
4.520148e-05 5.352724e+01 3.334555e+00 2.980614e+02 1.540133e+03 4.018756e-05 4.772622e+01 -2.382912e+00 1.540500e+03 4.027488e+01 5.084315e+01 1.633675e+00 1.535078e+03 1.556266e+03 
4.520148e-05 5.352724e+01 3.334555e+00 2.998929e+02 1.540980e+03 3.969090e-05 4.954013e+01 -3.133892e+00 1.541300e+03 3.989841e+01 5.277636e+01 -1.039823e+00 1.535078e+03 1.556266e+03 
4.520148e-05 5.352724e+01 3.334555e+00 3.017394e+02 1.542138e+03 3.977063e-05 5.144893e+01 -4.267287e+00 1.542300e+03 4.038977e+01 5.443445e+01 -1.483066e+00 1.535078e+03 1.556266e+03 
4.520148e-05 5.352724e+01 3.334555e+00 3.036463e+02 1.543301e+03 4.028613e-05 5.330816e+01 -4.849932e+00 1.543400e+03 4.042214e+01 5.417343e+01 -1.701861e+00 1.535078e+03 1.556266e+03 
4.520148e-05 5.352724e+01 3.334555e+00 3.057892e+02 1.543837e+03 4.025826e-05 5.363821e+01 -5.751959e+00 1.545000e+03 4.039419e+01 5.574209e+01 -2.134232e+00 1.535078e+03 1.556266e+03 
4.520148e-05 5.352724e+01 3.334555e+00 3.075387e+02 1.544754e+03 4.010082e-05 5.437023e+01 -6.280629e+00 1.547100e+03 4.100769e+01 5.896923e+01 -3.263895e+00 1.535078e+03 1.556266e+03 
4.520148e-05 5.352724e+01 3.334555e+00 3.088919e+02 1.545582e+03 3.990233e-05 5.633651e+01 -6.680119e+00 1.548200e+03 4.406393e+01 6.490037e+01 -1.274586e+01 1.535078e+03 1.556266e+03 
4.520148e-05 5.352724e+01 3.334555e+00 3.099811e+02 1.546107e+03 4.016222e-05 5.796594e+01 -7.090507e+00 1.548200e+03 4.632386e+01 5.979148e+01 -5.335812e+00 1.535078e+03 1.556266e+03 
4.520148e-05 5.352724e+01 3.334555e+00 3.119751e+02 1.545924e+03 3.957467e-05 5.856088e+01 -6.521926e+00 1.548200e+03 4.633012e+01 5.943835e+01 -4.525480e+00 1.535078e+03 1.556266e+03 
4.520148e-05 5.352724e+01 3.334555e+00 3.137316e+02 1.545710e+03 3.915894e-05 5.932195e+01 -6.084346e+00 1.547500e+03 4.633235e+01 5.953845e+01 -5.154669e+00 1.535078e+03 1.556266e+03 
4.520148e-05 5.352724e+01 3.334555e+00 3.158266e+02 1.545423e+03 3.927400e-05 6.003491e+01 -5.100590e+00 1.547000e+03 4.559281e+01 6.084432e+01 -2.315776e+00 1.535078e+03 1.556266e+03 
4.520148e-05 5.352724e+01 3.334555e+00 3.179838e+02 1.545492e+03 4.121071e-05 6.137323e+01 -6.314560e+00 1.546400e+03 4.618013e+01 5.929545e+01 -3.779381e+00 1.535078e+03 1.556266e+03 
4.520148e-05 5.352724e+01 3.334555e+00 3.204795e+02 1.544774e+03 4.060796e-05 6.050736e+01 -6.321785e+00 1.546000e+03 4.540810e+01 5.995110e+01 -4.404756e+00 1.535078e+03 1.556266e+03 
