# 1    , 2      , 3      , 4      , 5      , 6      , 7       
# dmeas, Bx_siB0, By_siB0, Bz_siB0, In_siB0, Ic_siB0, Dc_siB0 
0.000000e+00 2.400604e-05 -1.095687e-06 3.717175e-05 4.426318e-05 5.711788e+01 -2.613288e+00 
2.157064e+00 2.413806e-05 -1.021805e-06 3.688511e-05 4.409310e-05 5.677527e+01 -2.423981e+00 
4.009790e+00 2.404111e-05 -8.117788e-07 3.696670e-05 4.410409e-05 5.694732e+01 -1.933930e+00 
6.432482e+00 2.391810e-05 -5.572858e-07 3.725490e-05 4.427543e-05 5.729197e+01 -1.334736e+00 
1.060382e+01 2.184055e-05 5.155728e-07 3.716129e-05 4.310728e-05 5.954929e+01 1.352285e+00 
1.279858e+01 2.135561e-05 1.668015e-06 3.379527e-05 4.001206e-05 5.763201e+01 4.466112e+00 
1.570972e+01 2.288673e-05 1.917801e-06 3.392012e-05 4.096407e-05 5.589850e+01 4.789930e+00 
1.871373e+01 2.400674e-05 1.724748e-06 3.375258e-05 4.145522e-05 5.450772e+01 4.109315e+00 
2.378995e+01 2.542160e-05 1.734332e-06 3.332808e-05 4.195267e-05 5.260060e+01 3.902830e+00 
2.482539e+01 2.553650e-05 1.771188e-06 3.319696e-05 4.192002e-05 5.236453e+01 3.967626e+00 
2.569447e+01 2.574317e-05 1.795824e-06 3.293595e-05 4.184152e-05 5.192086e+01 3.990446e+00 
2.920594e+01 2.690965e-05 1.758060e-06 3.336908e-05 4.290356e-05 5.105680e+01 3.737934e+00 
3.250502e+01 2.678779e-05 1.421548e-06 3.379517e-05 4.314765e-05 5.155862e+01 3.037666e+00 
3.440177e+01 2.689250e-05 1.077071e-06 3.386712e-05 4.325909e-05 5.152598e+01 2.293526e+00 
3.600708e+01 2.697599e-05 9.321429e-07 3.371789e-05 4.319108e-05 5.132178e+01 1.979042e+00 
3.806029e+01 2.733754e-05 9.232281e-07 3.345840e-05 4.321641e-05 5.073310e+01 1.934226e+00 
4.012339e+01 2.778984e-05 8.282782e-07 3.365665e-05 4.365468e-05 5.044148e+01 1.707200e+00 
4.206202e+01 2.762983e-05 6.110566e-07 3.383218e-05 4.368521e-05 5.075555e+01 1.266937e+00 
4.396952e+01 2.765795e-05 5.348297e-07 3.363223e-05 4.354739e-05 5.056208e+01 1.107807e+00 
4.625121e+01 2.771224e-05 3.167206e-07 3.355220e-05 4.351802e-05 5.044336e+01 6.547996e-01 
4.892883e+01 2.808777e-05 3.153650e-07 3.301356e-05 4.334648e-05 4.960725e+01 6.432809e-01 
5.087570e+01 2.889061e-05 5.606065e-07 3.331883e-05 4.410358e-05 4.906624e+01 1.111654e+00 
5.302838e+01 2.896250e-05 4.908697e-07 3.419670e-05 4.481609e-05 4.973339e+01 9.709821e-01 
5.487540e+01 2.958336e-05 8.980009e-07 3.464392e-05 4.556515e-05 4.949208e+01 1.738676e+00 
5.719304e+01 3.004567e-05 1.163397e-06 3.703505e-05 4.770420e-05 5.092738e+01 2.217439e+00 
5.955443e+01 2.791458e-05 1.478131e-06 3.905583e-05 4.802881e-05 5.440731e+01 3.031092e+00 
6.111958e+01 2.541143e-05 1.521692e-06 3.802686e-05 4.576132e-05 5.619980e+01 3.426904e+00 
6.319502e+01 2.503124e-05 1.347208e-06 3.642196e-05 4.421467e-05 5.546225e+01 3.080747e+00 
6.455714e+01 2.490054e-05 1.125543e-06 3.574696e-05 4.357923e-05 5.511235e+01 2.588097e+00 
6.593101e+01 2.484361e-05 1.135287e-06 3.479107e-05 4.276578e-05 5.444185e+01 2.616445e+00 
6.749700e+01 2.525297e-05 1.325956e-06 3.396649e-05 4.234611e-05 5.333264e+01 3.005666e+00 
6.929172e+01 2.607326e-05 1.610309e-06 3.310577e-05 4.217108e-05 5.172391e+01 3.534153e+00 
7.093375e+01 2.742405e-05 1.665085e-06 3.303994e-05 4.297078e-05 5.025459e+01 3.474519e+00 
7.262516e+01 2.768246e-05 1.615257e-06 3.411606e-05 4.396400e-05 5.089578e+01 3.339392e+00 
7.492696e+01 2.743720e-05 1.500744e-06 3.477799e-05 4.432337e-05 5.168762e+01 3.130812e+00 
7.718037e+01 2.711667e-05 1.287682e-06 3.469772e-05 4.405569e-05 5.196064e+01 2.718746e+00 
7.948909e+01 2.720861e-05 1.051736e-06 3.428932e-05 4.378553e-05 5.154714e+01 2.213640e+00 
8.102207e+01 2.746641e-05 9.406704e-07 3.412253e-05 4.381364e-05 5.115180e+01 1.961501e+00 
8.324161e+01 2.790558e-05 7.331297e-07 3.428238e-05 4.421018e-05 5.084501e+01 1.504917e+00 
8.494116e+01 2.808375e-05 5.116502e-07 3.423596e-05 4.428385e-05 5.063332e+01 1.043741e+00 
8.694708e+01 2.868477e-05 2.609407e-07 3.385305e-05 4.437244e-05 4.972316e+01 5.211961e-01 
8.905913e+01 2.903283e-05 -1.320361e-07 3.465190e-05 4.520704e-05 5.004201e+01 -2.605691e-01 
9.124541e+01 2.910656e-05 -4.323747e-07 3.521543e-05 4.568923e-05 5.042219e+01 -8.510598e-01 
9.347366e+01 2.924916e-05 -2.969231e-07 3.546404e-05 4.597064e-05 5.048426e+01 -5.816186e-01 
9.565355e+01 2.854025e-05 5.928924e-09 3.655203e-05 4.637453e-05 5.201687e+01 1.190257e-02 
9.679860e+01 2.771405e-05 3.625038e-07 3.673399e-05 4.601723e-05 5.296483e+01 7.493944e-01 
9.879789e+01 2.640786e-05 1.707842e-06 3.498113e-05 4.386309e-05 5.289270e+01 3.700265e+00 
1.007518e+02 2.722791e-05 2.326406e-06 3.473324e-05 4.419468e-05 5.180535e+01 4.883603e+00 
1.035650e+02 2.843260e-05 2.345595e-06 3.567861e-05 4.568236e-05 5.135360e+01 4.716032e+00 
1.056521e+02 2.944982e-05 2.148161e-06 3.618824e-05 4.670648e-05 5.078702e+01 4.171944e+00 
1.073063e+02 3.014179e-05 1.876167e-06 3.691725e-05 4.769624e-05 5.071516e+01 3.561766e+00 
1.086161e+02 3.009522e-05 1.490209e-06 3.719355e-05 4.786756e-05 5.098759e+01 2.834770e+00 
1.106090e+02 2.981123e-05 1.067287e-06 3.753458e-05 4.794469e-05 5.152433e+01 2.050399e+00 
1.117330e+02 2.979304e-05 8.751186e-07 3.756993e-05 4.795717e-05 5.157347e+01 1.682480e+00 
1.133783e+02 3.022720e-05 5.057153e-07 3.797291e-05 4.853742e-05 5.147560e+01 9.584959e-01 
1.164429e+02 2.919787e-05 1.132062e-07 3.855106e-05 4.836024e-05 5.286017e+01 2.221466e-01 
1.182755e+02 2.912035e-05 -5.938947e-07 3.955283e-05 4.912000e-05 5.363235e+01 -1.168356e+00 
1.200628e+02 2.728764e-05 -1.208482e-06 3.965536e-05 4.815209e-05 5.544115e+01 -2.535789e+00 
1.217589e+02 2.610111e-05 -9.403730e-07 3.855485e-05 4.656854e-05 5.588529e+01 -2.063365e+00 
1.236359e+02 2.587078e-05 -4.947781e-07 3.753140e-05 4.558671e-05 5.541621e+01 -1.095647e+00 
1.259096e+02 2.583299e-05 -3.590100e-07 3.728089e-05 4.535788e-05 5.527821e+01 -7.962080e-01 
1.277039e+02 2.567887e-05 -5.883319e-07 3.683606e-05 4.490708e-05 5.511212e+01 -1.312481e+00 
1.303288e+02 2.576161e-05 -9.514757e-07 3.605593e-05 4.432376e-05 5.443609e+01 -2.115193e+00 
1.319264e+02 2.553205e-05 -1.206152e-06 3.552781e-05 4.376717e-05 5.426683e+01 -2.704683e+00 
1.337913e+02 2.528860e-05 -9.127934e-07 3.476278e-05 4.299764e-05 5.394779e+01 -2.067197e+00 
1.352497e+02 2.549160e-05 -4.942633e-07 3.403231e-05 4.252369e-05 5.316011e+01 -1.110784e+00 
1.369434e+02 2.595819e-05 4.351597e-09 3.341134e-05 4.231011e-05 5.215538e+01 9.604990e-03 
1.385889e+02 2.638060e-05 3.139406e-07 3.297714e-05 4.223182e-05 5.133939e+01 6.818124e-01 
1.402659e+02 2.677761e-05 7.326275e-07 3.272709e-05 4.229231e-05 5.069914e+01 1.567205e+00 
1.425849e+02 2.808664e-05 1.468969e-06 3.206921e-05 4.265503e-05 4.874890e+01 2.993918e+00 
1.441713e+02 2.998136e-05 1.749873e-06 3.184743e-05 4.377445e-05 4.668011e+01 3.340301e+00 
1.459531e+02 3.090592e-05 1.932203e-06 3.328071e-05 4.545894e-05 4.706315e+01 3.577411e+00 
1.469585e+02 3.104927e-05 1.892378e-06 3.377432e-05 4.591670e-05 4.735425e+01 3.487724e+00 
1.487142e+02 3.154983e-05 2.121715e-06 3.402430e-05 4.644939e-05 4.709661e+01 3.847328e+00 
1.508990e+02 3.240666e-05 1.998074e-06 3.530025e-05 4.796135e-05 4.739300e+01 3.528177e+00 
1.547376e+02 3.144436e-05 1.482287e-06 3.740390e-05 4.888759e-05 4.991589e+01 2.698924e+00 
1.563237e+02 3.173828e-05 1.759308e-06 3.855469e-05 4.996876e-05 5.049560e+01 3.172757e+00 
1.580484e+02 3.110219e-05 1.207071e-06 4.037643e-05 5.098096e-05 5.237189e+01 2.222525e+00 
1.597138e+02 2.987698e-05 -2.446799e-07 4.071657e-05 5.050280e-05 5.372863e+01 -4.692178e-01 
1.614858e+02 2.893066e-05 -1.830652e-06 3.941053e-05 4.892365e-05 5.366356e+01 -3.620691e+00 
1.637563e+02 3.029484e-05 -2.836226e-06 4.008502e-05 5.032525e-05 5.279898e+01 -5.348485e+00 
1.660495e+02 3.092139e-05 -2.685467e-06 4.313569e-05 5.314162e-05 5.426353e+01 -4.963580e+00 
1.681422e+02 2.855662e-05 -3.282156e-06 4.506119e-05 5.344870e-05 5.746612e+01 -6.556523e+00 
1.682044e+02 2.866575e-05 -3.244400e-06 4.505143e-05 5.349656e-05 5.736646e+01 -6.457280e+00 
1.696096e+02 2.433435e-05 -2.407609e-06 4.472223e-05 5.097092e-05 6.133109e+01 -5.650381e+00 
1.731167e+02 2.083735e-05 -4.028569e-07 4.052122e-05 4.556672e-05 6.278192e+01 -1.107584e+00 
1.760754e+02 2.034890e-05 -2.011314e-06 3.600950e-05 4.141023e-05 6.040985e+01 -5.644860e+00 
1.773472e+02 2.072546e-05 -1.016645e-06 3.314340e-05 3.910323e-05 5.795019e+01 -2.808275e+00 
1.796748e+02 2.183579e-05 -1.129646e-06 3.311338e-05 3.968090e-05 5.656294e+01 -2.961483e+00 
1.814633e+02 2.428559e-05 -8.215660e-07 3.138332e-05 3.969102e-05 5.225009e+01 -1.937541e+00 
1.829765e+02 2.667041e-05 -8.629779e-07 3.094584e-05 4.086197e-05 4.922904e+01 -1.853280e+00 
1.847136e+02 2.713487e-05 -1.239977e-06 3.206331e-05 4.202255e-05 4.972961e+01 -2.616415e+00 
1.863904e+02 2.737396e-05 -7.012763e-07 3.162843e-05 4.183519e-05 4.911497e+01 -1.467503e+00 
1.884935e+02 2.803865e-05 5.216176e-07 3.080896e-05 4.166089e-05 4.769034e+01 1.065780e+00 
1.899643e+02 2.894831e-05 1.191075e-06 3.073051e-05 4.223491e-05 4.668634e+01 2.356099e+00 
1.916195e+02 2.968532e-05 1.396881e-06 3.230596e-05 4.389583e-05 4.738913e+01 2.694139e+00 
1.933386e+02 2.963201e-05 1.543815e-06 3.313787e-05 4.448098e-05 4.815820e+01 2.982388e+00 
1.948557e+02 2.961712e-05 1.729309e-06 3.369696e-05 4.489598e-05 4.863858e+01 3.341641e+00 
1.970284e+02 3.004102e-05 2.069939e-06 3.413731e-05 4.552037e-05 4.858474e+01 3.941664e+00 
1.997555e+02 2.975153e-05 1.519095e-06 3.645910e-05 4.708213e-05 5.074816e+01 2.922950e+00 
2.025419e+02 2.798874e-05 5.148435e-07 3.721880e-05 4.657117e-05 5.305198e+01 1.053818e+00 
2.043886e+02 2.742469e-05 3.920533e-07 3.668128e-05 4.580157e-05 5.321364e+01 8.190236e-01 
2.062066e+02 2.733540e-05 3.542552e-07 3.634314e-05 4.547718e-05 5.304913e+01 7.424873e-01 
2.080318e+02 2.730820e-05 3.563871e-07 3.618337e-05 4.533323e-05 5.295518e+01 7.476990e-01 
2.100417e+02 2.731462e-05 2.330957e-07 3.610655e-05 4.527500e-05 5.289148e+01 4.889350e-01 
2.122547e+02 2.721959e-05 1.106788e-08 3.595845e-05 4.509897e-05 5.287525e+01 2.329728e-02 
2.145339e+02 2.739569e-05 1.628478e-07 3.550966e-05 4.484960e-05 5.234934e+01 3.405784e-01 
2.168454e+02 2.762186e-05 6.140839e-07 3.531945e-05 4.484203e-05 5.196566e+01 1.273579e+00 
2.191083e+02 2.765179e-05 1.298227e-06 3.503081e-05 4.464823e-05 5.168330e+01 2.688012e+00 
2.211803e+02 2.760262e-05 2.031665e-06 3.516214e-05 4.474828e-05 5.179255e+01 4.209611e+00 
2.232723e+02 2.812434e-05 2.269311e-06 3.506745e-05 4.500949e-05 5.117938e+01 4.613118e+00 
2.250348e+02 2.972721e-05 2.212942e-06 3.439038e-05 4.551156e-05 4.908136e+01 4.257337e+00 
2.268908e+02 3.202374e-05 2.080596e-06 3.694612e-05 4.893735e-05 4.902254e+01 3.717307e+00 
2.295877e+02 3.196287e-05 6.408465e-08 4.060295e-05 5.167426e-05 5.178992e+01 1.148763e-01 
2.318938e+02 3.007724e-05 -7.979350e-07 4.310368e-05 5.256619e-05 5.508366e+01 -1.519674e+00 
2.335234e+02 2.863672e-05 -1.714752e-06 4.376077e-05 5.232597e-05 5.675257e+01 -3.426750e+00 
2.353038e+02 2.294882e-05 -2.569271e-06 4.155764e-05 4.754248e-05 6.094053e+01 -6.388037e+00 
2.363412e+02 2.179218e-05 -2.722132e-06 3.976390e-05 4.542551e-05 6.108820e+01 -7.120120e+00 
2.382151e+02 2.078712e-05 -2.680923e-06 3.721940e-05 4.271505e-05 6.061492e+01 -7.348891e+00 
2.394675e+02 2.027186e-05 -2.269553e-06 3.549726e-05 4.094087e-05 6.011616e+01 -6.387995e+00 
2.412849e+02 2.010660e-05 -1.298633e-06 3.281786e-05 3.850940e-05 5.845219e+01 -3.695451e+00 
2.428526e+02 2.109491e-05 -5.146005e-07 3.116769e-05 3.763887e-05 5.590117e+01 -1.397427e+00 
2.439705e+02 2.202826e-05 -1.119923e-07 3.050258e-05 3.762532e-05 5.416370e+01 -2.912908e-01 
2.455183e+02 2.316459e-05 2.834456e-07 2.994864e-05 3.786291e-05 5.227678e+01 7.010452e-01 
2.469844e+02 2.348267e-05 4.101394e-07 2.989421e-05 3.801668e-05 5.184521e+01 1.000605e+00 
2.481270e+02 2.375846e-05 4.685689e-07 2.981741e-05 3.812823e-05 5.144679e+01 1.129852e+00 
2.491184e+02 2.441062e-05 6.432072e-07 2.958178e-05 3.835849e-05 5.046109e+01 1.509365e+00 
2.503611e+02 2.513470e-05 8.508529e-07 2.955258e-05 3.880505e-05 4.960238e+01 1.938820e+00 
2.535700e+02 2.605483e-05 1.427748e-06 2.973785e-05 3.956302e-05 4.873419e+01 3.136547e+00 
2.559534e+02 2.557856e-05 1.604374e-06 3.000561e-05 3.946103e-05 4.949822e+01 3.589083e+00 
2.586392e+02 2.606506e-05 1.540442e-06 3.099006e-05 4.052338e-05 4.988434e+01 3.382240e+00 
2.888399e+02 2.948257e-05 3.934648e-07 3.172487e-05 4.331102e-05 4.709552e+01 7.646054e-01 
2.931717e+02 2.851964e-05 -5.198443e-07 3.079726e-05 4.197752e-05 4.719419e+01 -1.044248e+00 
2.949700e+02 2.799615e-05 -9.026026e-07 3.070987e-05 4.156556e-05 4.763183e+01 -1.846590e+00 
2.980614e+02 2.700975e-05 -1.123974e-06 2.973634e-05 4.018756e-05 4.772622e+01 -2.382912e+00 
2.998929e+02 2.571751e-05 -1.408069e-06 3.019924e-05 3.969090e-05 4.954013e+01 -3.133892e+00 
3.017394e+02 2.471682e-05 -1.844276e-06 3.110274e-05 3.977063e-05 5.144893e+01 -4.267287e+00 
3.036463e+02 2.398522e-05 -2.035146e-06 3.230387e-05 4.028613e-05 5.330816e+01 -4.849932e+00 
3.057892e+02 2.374822e-05 -2.392140e-06 3.241954e-05 4.025826e-05 5.363821e+01 -5.751959e+00 
3.075387e+02 2.322034e-05 -2.555603e-06 3.259387e-05 4.010082e-05 5.437023e+01 -6.280629e+00 
3.088919e+02 2.196827e-05 -2.572951e-06 3.321101e-05 3.990233e-05 5.633651e+01 -6.680119e+00 
3.099811e+02 2.114006e-05 -2.629577e-06 3.404683e-05 4.016222e-05 5.796594e+01 -7.090507e+00 
3.119751e+02 2.050826e-05 -2.344571e-06 3.376490e-05 3.957467e-05 5.856088e+01 -6.521926e+00 
3.137316e+02 1.986687e-05 -2.117666e-06 3.367856e-05 3.915894e-05 5.932195e+01 -6.084346e+00 
3.158266e+02 1.953859e-05 -1.743976e-06 3.402424e-05 3.927400e-05 6.003491e+01 -5.100590e+00 
3.179838e+02 1.962435e-05 -2.171596e-06 3.617308e-05 4.121071e-05 6.137323e+01 -6.314560e+00 
3.204795e+02 1.987021e-05 -2.201339e-06 3.534593e-05 4.060796e-05 6.050736e+01 -6.321785e+00 
