# 1, 2, 3, 4   , 5   , 6   , 7   , 8   , 9   , 10  
# x, y, z, Bx_si, By_si, Bz_si, In_si, Ic_si, Dc_si, dmeas 
5.053600e+05 4.183132e+06 1.545501e+03 -6.016066e-07 9.342903e-08 2.876299e-06 2.940026e-06 7.804876e+01 1.711725e+02 0.000000e+00 
5.053607e+05 4.183134e+06 1.545501e+03 -5.962369e-07 8.853460e-08 2.849883e-06 2.912932e-06 7.805747e+01 1.715539e+02 2.157064e+00 
5.053605e+05 4.183136e+06 1.545501e+03 -5.911599e-07 8.965873e-08 2.829132e-06 2.891626e-06 7.806648e+01 1.713759e+02 4.009790e+00 
5.053603e+05 4.183139e+06 1.545501e+03 -5.845999e-07 8.972695e-08 2.802534e-06 2.864263e-06 7.808318e+01 1.712741e+02 6.432482e+00 
5.053594e+05 4.183143e+06 1.545501e+03 -5.736045e-07 9.374837e-08 2.762618e-06 2.823096e-06 7.811906e+01 1.707178e+02 1.060382e+01 
5.053599e+05 4.183145e+06 1.545501e+03 -5.682632e-07 9.033268e-08 2.740827e-06 2.800574e-06 7.814373e+01 1.709677e+02 1.279858e+01 
5.053622e+05 4.183147e+06 1.545501e+03 -5.644641e-07 7.679107e-08 2.719407e-06 2.778433e-06 7.816871e+01 1.722529e+02 1.570972e+01 
5.053634e+05 4.183149e+06 1.545501e+03 -5.580004e-07 6.944335e-08 2.692849e-06 2.750931e-06 7.820531e+01 1.729060e+02 1.871373e+01 
5.053652e+05 4.183154e+06 1.545501e+03 -5.472617e-07 5.854002e-08 2.651228e-06 2.707754e-06 7.827222e+01 1.738943e+02 2.378995e+01 
5.053655e+05 4.183155e+06 1.545501e+03 -5.450549e-07 5.688721e-08 2.643176e-06 2.699389e-06 7.828669e+01 1.740416e+02 2.482539e+01 
5.053652e+05 4.183156e+06 1.545501e+03 -5.431862e-07 5.842553e-08 2.637636e-06 2.693620e-06 7.829810e+01 1.738608e+02 2.569447e+01 
5.053662e+05 4.183159e+06 1.545501e+03 -5.360874e-07 5.244588e-08 2.612004e-06 2.666965e-06 7.834782e+01 1.744125e+02 2.920594e+01 
5.053677e+05 4.183162e+06 1.545501e+03 -5.302603e-07 4.417123e-08 2.590262e-06 2.644349e-06 7.839167e+01 1.752382e+02 3.250502e+01 
5.053688e+05 4.183164e+06 1.545501e+03 -5.272729e-07 3.851367e-08 2.578947e-06 2.632578e-06 7.841501e+01 1.758224e+02 3.440177e+01 
5.053695e+05 4.183165e+06 1.545501e+03 -5.245629e-07 3.473916e-08 2.569278e-06 2.622511e-06 7.843607e+01 1.762111e+02 3.600708e+01 
5.053702e+05 4.183167e+06 1.545501e+03 -5.210551e-07 3.069320e-08 2.557163e-06 2.609889e-06 7.846348e+01 1.766288e+02 3.806029e+01 
5.053715e+05 4.183169e+06 1.545501e+03 -5.181823e-07 2.425783e-08 2.546709e-06 2.599005e-06 7.848669e+01 1.773198e+02 4.012339e+01 
5.053725e+05 4.183170e+06 1.545501e+03 -5.153600e-07 1.900250e-08 2.536921e-06 2.588808e-06 7.850938e+01 1.778883e+02 4.206202e+01 
5.053731e+05 4.183172e+06 1.545501e+03 -5.122936e-07 1.606471e-08 2.526875e-06 2.578333e-06 7.853382e+01 1.782039e+02 4.396952e+01 
5.053732e+05 4.183175e+06 1.545501e+03 -5.085908e-07 1.508563e-08 2.515125e-06 2.566076e-06 7.856331e+01 1.783010e+02 4.625121e+01 
5.053734e+05 4.183177e+06 1.545501e+03 -5.044683e-07 1.427397e-08 2.502047e-06 2.552437e-06 7.859628e+01 1.783792e+02 4.892883e+01 
5.053739e+05 4.183179e+06 1.545501e+03 -5.017296e-07 1.185460e-08 2.493105e-06 2.543117e-06 7.861830e+01 1.786465e+02 5.087570e+01 
5.053738e+05 4.183181e+06 1.545501e+03 -4.987323e-07 1.202784e-08 2.483564e-06 2.533173e-06 7.864206e+01 1.786185e+02 5.302838e+01 
5.053744e+05 4.183183e+06 1.545501e+03 -4.964645e-07 8.906824e-09 2.475968e-06 2.525267e-06 7.866002e+01 1.789722e+02 5.487540e+01 
5.053749e+05 4.183185e+06 1.545501e+03 -4.936460e-07 6.479278e-09 2.466602e-06 2.515523e-06 7.868185e+01 1.792480e+02 5.719304e+01 
5.053746e+05 4.183188e+06 1.545501e+03 -4.909019e-07 7.876010e-09 2.457575e-06 2.506137e-06 7.870240e+01 1.790808e+02 5.955443e+01 
5.053744e+05 4.183189e+06 1.545501e+03 -4.891893e-07 8.740521e-09 2.451842e-06 2.500182e-06 7.871481e+01 1.789764e+02 6.111958e+01 
5.053745e+05 4.183191e+06 1.545501e+03 -4.870446e-07 8.481983e-09 2.444399e-06 2.492463e-06 7.872977e+01 1.790023e+02 6.319502e+01 
5.053749e+05 4.183193e+06 1.545501e+03 -4.857913e-07 6.544624e-09 2.439819e-06 2.487720e-06 7.873813e+01 1.792282e+02 6.455714e+01 
5.053752e+05 4.183194e+06 1.545501e+03 -4.845531e-07 5.188864e-09 2.435262e-06 2.483006e-06 7.874599e+01 1.793865e+02 6.593101e+01 
5.053762e+05 4.183195e+06 1.545501e+03 -4.834977e-07 6.364274e-10 2.431225e-06 2.478836e-06 7.875233e+01 1.799246e+02 6.749700e+01 
5.053759e+05 4.183197e+06 1.545501e+03 -4.820291e-07 1.834337e-09 2.425647e-06 2.473079e-06 7.876042e+01 1.797820e+02 6.929172e+01 
5.053759e+05 4.183198e+06 1.545501e+03 -4.807726e-07 1.868626e-09 2.420674e-06 2.467956e-06 7.876653e+01 1.797773e+02 7.093375e+01 
5.053764e+05 4.183200e+06 1.545501e+03 -4.796221e-07 -1.484963e-10 2.415903e-06 2.463052e-06 7.877124e+01 -1.799823e+02 7.262516e+01 
5.053772e+05 4.183202e+06 1.545501e+03 -4.782620e-07 -4.134464e-09 2.410050e-06 2.457049e-06 7.877536e+01 -1.795047e+02 7.492696e+01 
5.053775e+05 4.183204e+06 1.545501e+03 -4.770044e-07 -5.145025e-09 2.404145e-06 2.451015e-06 7.877710e+01 -1.793820e+02 7.718037e+01 
5.053783e+05 4.183207e+06 1.545501e+03 -4.759554e-07 -8.881886e-09 2.398970e-06 2.445745e-06 7.877634e+01 -1.789309e+02 7.948909e+01 
5.053792e+05 4.183208e+06 1.545501e+03 -4.754017e-07 -1.276178e-08 2.396314e-06 2.443049e-06 7.877492e+01 -1.784623e+02 8.102207e+01 
5.053796e+05 4.183210e+06 1.545501e+03 -4.746060e-07 -1.403283e-08 2.391388e-06 2.438070e-06 7.876990e+01 -1.783064e+02 8.324161e+01 
5.053800e+05 4.183212e+06 1.545501e+03 -4.741154e-07 -1.600010e-08 2.388053e-06 2.434715e-06 7.876449e+01 -1.780672e+02 8.494116e+01 
5.053812e+05 4.183213e+06 1.545501e+03 -4.736712e-07 -2.085931e-08 2.385358e-06 2.432023e-06 7.875802e+01 -1.774785e+02 8.694708e+01 
5.053813e+05 4.183215e+06 1.545501e+03 -4.733329e-07 -2.126320e-08 2.381235e-06 2.427916e-06 7.874645e+01 -1.774279e+02 8.905913e+01 
5.053809e+05 4.183218e+06 1.545501e+03 -4.731947e-07 -1.949119e-08 2.376884e-06 2.423607e-06 7.873135e+01 -1.776413e+02 9.124541e+01 
5.053820e+05 4.183220e+06 1.545501e+03 -4.731112e-07 -2.387479e-08 2.374263e-06 2.421060e-06 7.871651e+01 -1.771111e+02 9.347366e+01 
5.053823e+05 4.183222e+06 1.545501e+03 -4.732549e-07 -2.479021e-08 2.370875e-06 2.417774e-06 7.869637e+01 -1.770015e+02 9.565355e+01 
5.053829e+05 4.183223e+06 1.545501e+03 -4.733353e-07 -2.712742e-08 2.369863e-06 2.416823e-06 7.868683e+01 -1.767199e+02 9.679860e+01 
5.053828e+05 4.183225e+06 1.545501e+03 -4.737283e-07 -2.663372e-08 2.366747e-06 2.413839e-06 7.866384e+01 -1.767821e+02 9.879789e+01 
5.053840e+05 4.183226e+06 1.545501e+03 -4.740137e-07 -3.132056e-08 2.365785e-06 2.413008e-06 7.864605e+01 -1.762197e+02 1.007518e+02 
5.053867e+05 4.183227e+06 1.545501e+03 -4.737978e-07 -4.276404e-08 2.368960e-06 2.416254e-06 7.864515e+01 -1.748426e+02 1.035650e+02 
5.053884e+05 4.183228e+06 1.545501e+03 -4.739052e-07 -4.977157e-08 2.370397e-06 2.417818e-06 7.863355e+01 -1.740045e+02 1.056521e+02 
5.053895e+05 4.183229e+06 1.545501e+03 -4.742006e-07 -5.390467e-08 2.370808e-06 2.418367e-06 7.861821e+01 -1.735148e+02 1.073063e+02 
5.053907e+05 4.183230e+06 1.545501e+03 -4.741305e-07 -5.903321e-08 2.372935e-06 2.420559e-06 7.861569e+01 -1.729027e+02 1.086161e+02 
5.053924e+05 4.183231e+06 1.545501e+03 -4.742479e-07 -6.584388e-08 2.375584e-06 2.423354e-06 7.860475e+01 -1.720957e+02 1.106090e+02 
5.053927e+05 4.183232e+06 1.545501e+03 -4.746941e-07 -6.697589e-08 2.375176e-06 2.423073e-06 7.858896e+01 -1.719690e+02 1.117330e+02 
5.053928e+05 4.183234e+06 1.545501e+03 -4.755627e-07 -6.694189e-08 2.373603e-06 2.421700e-06 7.856176e+01 -1.719875e+02 1.133783e+02 
5.053956e+05 4.183235e+06 1.545501e+03 -4.754961e-07 -7.884150e-08 2.380494e-06 2.428799e-06 7.855383e+01 -1.705855e+02 1.164429e+02 
5.053947e+05 4.183236e+06 1.545501e+03 -4.767926e-07 -7.449727e-08 2.376230e-06 2.424737e-06 7.852019e+01 -1.711195e+02 1.182755e+02 
5.053957e+05 4.183238e+06 1.545501e+03 -4.775337e-07 -7.855216e-08 2.378062e-06 2.426807e-06 7.849701e+01 -1.706588e+02 1.200628e+02 
5.053971e+05 4.183239e+06 1.545501e+03 -4.779228e-07 -8.404083e-08 2.381505e-06 2.430440e-06 7.848307e+01 -1.700267e+02 1.217589e+02 
5.053976e+05 4.183241e+06 1.545501e+03 -4.792487e-07 -8.564728e-08 2.381780e-06 2.431027e-06 7.844773e+01 -1.698675e+02 1.236359e+02 
5.053998e+05 4.183241e+06 1.545501e+03 -4.787411e-07 -9.549625e-08 2.389750e-06 2.439102e-06 7.845460e+01 -1.687191e+02 1.259096e+02 
5.054001e+05 4.183243e+06 1.545501e+03 -4.802543e-07 -9.603079e-08 2.389527e-06 2.439202e-06 7.841699e+01 -1.686924e+02 1.277039e+02 
5.054007e+05 4.183245e+06 1.545501e+03 -4.826025e-07 -9.758949e-08 2.390182e-06 2.440368e-06 7.836005e+01 -1.685681e+02 1.303288e+02 
5.054011e+05 4.183247e+06 1.545501e+03 -4.840624e-07 -9.920620e-08 2.391370e-06 2.441887e-06 7.832539e+01 -1.684179e+02 1.319264e+02 
5.054014e+05 4.183249e+06 1.545501e+03 -4.861227e-07 -9.942590e-08 2.391391e-06 2.442325e-06 7.827811e+01 -1.684408e+02 1.337913e+02 
5.054015e+05 4.183250e+06 1.545501e+03 -4.878637e-07 -9.936125e-08 2.391299e-06 2.442579e-06 7.823879e+01 -1.684882e+02 1.352497e+02 
5.054019e+05 4.183252e+06 1.545501e+03 -4.897963e-07 -1.007361e-07 2.392678e-06 2.444373e-06 7.819560e+01 -1.683781e+02 1.369434e+02 
5.054018e+05 4.183253e+06 1.545501e+03 -4.920882e-07 -9.960446e-08 2.391807e-06 2.443934e-06 7.814508e+01 -1.685573e+02 1.385889e+02 
5.054013e+05 4.183255e+06 1.545501e+03 -4.945994e-07 -9.672942e-08 2.389376e-06 2.441947e-06 7.808970e+01 -1.689343e+02 1.402659e+02 
5.054023e+05 4.183257e+06 1.545501e+03 -4.973803e-07 -1.002848e-07 2.393372e-06 2.446563e-06 7.803063e+01 -1.686005e+02 1.425849e+02 
5.054023e+05 4.183259e+06 1.545501e+03 -4.999581e-07 -9.946370e-08 2.393144e-06 2.446832e-06 7.797532e+01 -1.687483e+02 1.441713e+02 
5.054034e+05 4.183260e+06 1.545501e+03 -5.018191e-07 -1.037479e-07 2.398061e-06 2.452200e-06 7.793811e+01 -1.683190e+02 1.459531e+02 
5.054041e+05 4.183261e+06 1.545501e+03 -5.028072e-07 -1.064039e-07 2.401185e-06 2.455570e-06 7.791887e+01 -1.680514e+02 1.469585e+02 
5.054049e+05 4.183262e+06 1.545501e+03 -5.052757e-07 -1.091152e-07 2.404971e-06 2.459897e-06 7.786943e+01 -1.678140e+02 1.487142e+02 
5.054068e+05 4.183263e+06 1.545501e+03 -5.060233e-07 -1.176187e-07 2.414903e-06 2.470152e-06 7.785912e+01 -1.669147e+02 1.508990e+02 
5.054097e+05 4.183266e+06 1.545501e+03 -5.093865e-07 -1.297976e-07 2.431091e-06 2.487272e-06 7.779903e+01 -1.657046e+02 1.547376e+02 
5.054110e+05 4.183267e+06 1.545501e+03 -5.107018e-07 -1.351840e-07 2.438557e-06 2.495125e-06 7.777630e+01 -1.651737e+02 1.563237e+02 
5.054118e+05 4.183268e+06 1.545501e+03 -5.133159e-07 -1.384883e-07 2.444214e-06 2.501370e-06 7.772810e+01 -1.649016e+02 1.580484e+02 
5.054119e+05 4.183270e+06 1.545501e+03 -5.168714e-07 -1.378279e-07 2.445304e-06 2.503131e-06 7.766042e+01 -1.650690e+02 1.597138e+02 
5.054125e+05 4.183272e+06 1.545501e+03 -5.202469e-07 -1.397963e-07 2.449840e-06 2.508369e-06 7.759844e+01 -1.649593e+02 1.614858e+02 
5.054120e+05 4.183274e+06 1.545501e+03 -5.257805e-07 -1.360332e-07 2.448026e-06 2.507545e-06 7.749155e+01 -1.654942e+02 1.637563e+02 
5.054100e+05 4.183275e+06 1.545501e+03 -5.296523e-07 -1.257427e-07 2.436622e-06 2.496691e-06 7.740617e+01 -1.666449e+02 1.660495e+02 
5.054102e+05 4.183277e+06 1.545501e+03 -5.347859e-07 -1.257630e-07 2.439589e-06 2.500681e-06 7.730918e+01 -1.667665e+02 1.681422e+02 
5.054102e+05 4.183277e+06 1.545501e+03 -5.346976e-07 -1.255854e-07 2.439303e-06 2.500374e-06 7.731057e+01 -1.667824e+02 1.682044e+02 
5.054098e+05 4.183278e+06 1.545501e+03 -5.385151e-07 -1.230193e-07 2.438126e-06 2.499918e-06 7.723444e+01 -1.671321e+02 1.696096e+02 
5.054083e+05 4.183281e+06 1.545501e+03 -5.482916e-07 -1.145103e-07 2.432598e-06 2.496251e-06 7.703328e+01 -1.682034e+02 1.731167e+02 
5.054108e+05 4.183283e+06 1.545501e+03 -5.517336e-07 -1.244188e-07 2.447966e-06 2.512454e-06 7.699043e+01 -1.672921e+02 1.760754e+02 
5.054117e+05 4.183284e+06 1.545501e+03 -5.537031e-07 -1.282098e-07 2.454460e-06 2.519404e-06 7.696242e+01 -1.669629e+02 1.773472e+02 
5.054096e+05 4.183285e+06 1.545501e+03 -5.580770e-07 -1.179675e-07 2.443039e-06 2.508746e-06 7.685783e+01 -1.680644e+02 1.796748e+02 
5.054101e+05 4.183287e+06 1.545501e+03 -5.631753e-07 -1.192231e-07 2.447911e-06 2.514687e-06 7.676663e+01 -1.680471e+02 1.814633e+02 
5.054103e+05 4.183288e+06 1.545501e+03 -5.680650e-07 -1.187445e-07 2.450313e-06 2.518101e-06 7.667534e+01 -1.681933e+02 1.829765e+02 
5.054108e+05 4.183290e+06 1.545501e+03 -5.732099e-07 -1.203171e-07 2.455805e-06 2.524683e-06 7.658574e+01 -1.681457e+02 1.847136e+02 
5.054119e+05 4.183291e+06 1.545501e+03 -5.770731e-07 -1.241230e-07 2.463786e-06 2.533508e-06 7.652708e+01 -1.678612e+02 1.863904e+02 
5.054140e+05 4.183291e+06 1.545501e+03 -5.769189e-07 -1.334418e-07 2.477390e-06 2.547176e-06 7.655727e+01 -1.669765e+02 1.884935e+02 
5.054143e+05 4.183293e+06 1.545501e+03 -5.819134e-07 -1.337275e-07 2.481259e-06 2.552088e-06 7.646979e+01 -1.670578e+02 1.899643e+02 
5.054152e+05 4.183294e+06 1.545501e+03 -5.861547e-07 -1.373141e-07 2.489666e-06 2.561419e-06 7.640630e+01 -1.668155e+02 1.916195e+02 
5.054163e+05 4.183296e+06 1.545501e+03 -5.902002e-07 -1.417579e-07 2.499404e-06 2.572052e-06 7.634985e+01 -1.664942e+02 1.933386e+02 
5.054171e+05 4.183297e+06 1.545501e+03 -5.946838e-07 -1.444604e-07 2.506886e-06 2.580503e-06 7.628133e+01 -1.663462e+02 1.948557e+02 
5.054186e+05 4.183298e+06 1.545501e+03 -5.997192e-07 -1.506747e-07 2.520473e-06 2.595217e-06 7.621566e+01 -1.658968e+02 1.970284e+02 
5.054201e+05 4.183301e+06 1.545501e+03 -6.080199e-07 -1.561391e-07 2.535593e-06 2.612145e-06 7.609463e+01 -1.655977e+02 1.997555e+02 
5.054212e+05 4.183303e+06 1.545501e+03 -6.181009e-07 -1.596498e-07 2.549155e-06 2.627876e-06 7.594055e+01 -1.655176e+02 2.025419e+02 
5.054223e+05 4.183305e+06 1.545501e+03 -6.234930e-07 -1.644967e-07 2.561449e-06 2.641368e-06 7.586979e+01 -1.652204e+02 2.043886e+02 
5.054229e+05 4.183306e+06 1.545501e+03 -6.309273e-07 -1.659826e-07 2.569846e-06 2.651363e-06 7.575550e+01 -1.652608e+02 2.062066e+02 
5.054238e+05 4.183308e+06 1.545501e+03 -6.377755e-07 -1.691128e-07 2.580626e-06 2.663641e-06 7.565784e+01 -1.651492e+02 2.080318e+02 
5.054246e+05 4.183310e+06 1.545501e+03 -6.459131e-07 -1.719815e-07 2.592095e-06 2.676890e-06 7.554029e+01 -1.650903e+02 2.100417e+02 
5.054255e+05 4.183312e+06 1.545501e+03 -6.554200e-07 -1.747683e-07 2.604635e-06 2.691513e-06 7.540279e+01 -1.650694e+02 2.122547e+02 
5.054265e+05 4.183314e+06 1.545501e+03 -6.654787e-07 -1.778689e-07 2.618272e-06 2.707369e-06 7.526012e+01 -1.650358e+02 2.145339e+02 
5.054278e+05 4.183316e+06 1.545501e+03 -6.744483e-07 -1.835343e-07 2.635603e-06 2.726714e-06 7.514681e+01 -1.647770e+02 2.168454e+02 
5.054288e+05 4.183318e+06 1.545501e+03 -6.848446e-07 -1.872859e-07 2.650877e-06 2.744310e-06 7.500623e+01 -1.647052e+02 2.191083e+02 
5.054300e+05 4.183320e+06 1.545501e+03 -6.934417e-07 -1.926153e-07 2.667515e-06 2.762897e-06 7.490110e+01 -1.644765e+02 2.211803e+02 
5.054312e+05 4.183321e+06 1.545501e+03 -7.019794e-07 -1.986693e-07 2.685459e-06 2.782792e-06 7.480143e+01 -1.641978e+02 2.232723e+02 
5.054319e+05 4.183323e+06 1.545501e+03 -7.114419e-07 -2.008217e-07 2.697318e-06 2.796784e-06 7.467353e+01 -1.642370e+02 2.250348e+02 
5.054328e+05 4.183325e+06 1.545501e+03 -7.206789e-07 -2.047877e-07 2.712241e-06 2.813817e-06 7.455809e+01 -1.641370e+02 2.268908e+02 
5.054348e+05 4.183326e+06 1.545501e+03 -7.305022e-07 -2.157142e-07 2.740071e-06 2.843968e-06 7.446511e+01 -1.635484e+02 2.295877e+02 
5.054368e+05 4.183327e+06 1.545501e+03 -7.344620e-07 -2.297063e-07 2.768153e-06 2.873129e-06 7.446410e+01 -1.626327e+02 2.318938e+02 
5.054384e+05 4.183328e+06 1.545501e+03 -7.333999e-07 -2.424303e-07 2.789375e-06 2.894350e-06 7.452160e+01 -1.617084e+02 2.335234e+02 
5.054392e+05 4.183329e+06 1.545501e+03 -7.437016e-07 -2.457869e-07 2.804190e-06 2.911526e-06 7.439392e+01 -1.617117e+02 2.353038e+02 
5.054397e+05 4.183330e+06 1.545501e+03 -7.491316e-07 -2.489594e-07 2.814415e-06 2.923031e-06 7.433169e+01 -1.616168e+02 2.363412e+02 
5.054408e+05 4.183332e+06 1.545501e+03 -7.582702e-07 -2.561037e-07 2.834696e-06 2.945516e-06 7.423344e+01 -1.613377e+02 2.382151e+02 
5.054413e+05 4.183333e+06 1.545501e+03 -7.663809e-07 -2.579822e-07 2.845004e-06 2.957692e-06 7.413322e+01 -1.613955e+02 2.394675e+02 
5.054428e+05 4.183334e+06 1.545501e+03 -7.715150e-07 -2.699275e-07 2.869845e-06 2.983975e-06 7.410231e+01 -1.607168e+02 2.412849e+02 
5.054442e+05 4.183335e+06 1.545501e+03 -7.741012e-07 -2.823746e-07 2.893041e-06 3.008098e-06 7.410200e+01 -1.599592e+02 2.428526e+02 
5.054451e+05 4.183335e+06 1.545501e+03 -7.781197e-07 -2.895885e-07 2.908566e-06 3.024746e-06 7.406843e+01 -1.595865e+02 2.439705e+02 
5.054462e+05 4.183336e+06 1.545501e+03 -7.840805e-07 -2.995681e-07 2.930243e-06 3.048089e-06 7.401581e+01 -1.590900e+02 2.455183e+02 
5.054477e+05 4.183337e+06 1.545501e+03 -7.829548e-07 -3.150655e-07 2.954423e-06 3.072604e-06 7.405732e+01 -1.580799e+02 2.469844e+02 
5.054488e+05 4.183337e+06 1.545501e+03 -7.819285e-07 -3.278034e-07 2.973869e-06 3.092372e-06 7.408697e+01 -1.572554e+02 2.481270e+02 
5.054496e+05 4.183337e+06 1.545501e+03 -7.844060e-07 -3.366937e-07 2.990087e-06 3.109546e-06 7.406696e+01 -1.567693e+02 2.491184e+02 
5.054507e+05 4.183338e+06 1.545501e+03 -7.873808e-07 -3.483930e-07 3.010965e-06 3.131654e-06 7.404161e+01 -1.561320e+02 2.503611e+02 
5.054538e+05 4.183339e+06 1.545501e+03 -7.867192e-07 -3.885248e-07 3.071223e-06 3.194103e-06 7.405573e+01 -1.537173e+02 2.535700e+02 
5.054561e+05 4.183338e+06 1.545501e+03 -7.754290e-07 -4.250631e-07 3.114361e-06 3.237470e-06 7.414866e+01 -1.512700e+02 2.559534e+02 
5.054583e+05 4.183340e+06 1.545501e+03 -7.812117e-07 -4.592021e-07 3.167382e-06 3.294460e-06 7.403434e+01 -1.495527e+02 2.586392e+02 
5.054332e+05 4.183356e+06 1.545501e+03 -1.026551e-06 -1.483665e-07 2.848486e-06 3.031451e-06 6.999195e+01 -1.717760e+02 2.888399e+02 
5.054311e+05 4.183353e+06 1.545501e+03 -9.823437e-07 -1.440315e-07 2.805702e-06 2.976190e-06 7.051279e+01 -1.716587e+02 2.931717e+02 
5.054309e+05 4.183351e+06 1.545501e+03 -9.610766e-07 -1.464679e-07 2.794559e-06 2.958831e-06 7.081820e+01 -1.713348e+02 2.949700e+02 
5.054304e+05 4.183348e+06 1.545501e+03 -9.272411e-07 -1.491597e-07 2.774024e-06 2.928692e-06 7.129618e+01 -1.708615e+02 2.980614e+02 
5.054304e+05 4.183346e+06 1.545501e+03 -9.072382e-07 -1.528485e-07 2.765992e-06 2.914988e-06 7.160185e+01 -1.704368e+02 2.998929e+02 
5.054298e+05 4.183344e+06 1.545501e+03 -8.899645e-07 -1.527244e-07 2.752200e-06 2.896543e-06 7.183577e+01 -1.702625e+02 3.017394e+02 
5.054291e+05 4.183342e+06 1.545501e+03 -8.733061e-07 -1.519252e-07 2.737496e-06 2.877434e-06 7.205764e+01 -1.701313e+02 3.036463e+02 
5.054297e+05 4.183340e+06 1.545501e+03 -8.524155e-07 -1.590218e-07 2.735096e-06 2.869260e-06 7.240955e+01 -1.694327e+02 3.057892e+02 
5.054293e+05 4.183339e+06 1.545501e+03 -8.373871e-07 -1.594538e-07 2.723966e-06 2.854231e-06 7.262310e+01 -1.692189e+02 3.075387e+02 
5.054293e+05 4.183337e+06 1.545501e+03 -8.252841e-07 -1.615567e-07 2.718389e-06 2.845493e-06 7.281026e+01 -1.689239e+02 3.088919e+02 
5.054297e+05 4.183336e+06 1.545501e+03 -8.157265e-07 -1.654825e-07 2.718303e-06 2.842880e-06 7.297545e+01 -1.685323e+02 3.099811e+02 
5.054315e+05 4.183336e+06 1.545501e+03 -8.057658e-07 -1.780782e-07 2.734287e-06 2.856098e-06 7.320616e+01 -1.675377e+02 3.119751e+02 
5.054332e+05 4.183335e+06 1.545501e+03 -7.979939e-07 -1.899675e-07 2.750247e-06 2.869972e-06 7.339216e+01 -1.666096e+02 3.137316e+02 
5.054352e+05 4.183334e+06 1.545501e+03 -7.905368e-07 -2.051465e-07 2.772085e-06 2.889894e-06 7.358379e+01 -1.654525e+02 3.158266e+02 
5.054372e+05 4.183334e+06 1.545501e+03 -7.800046e-07 -2.216904e-07 2.793138e-06 2.908466e-06 7.381106e+01 -1.641340e+02 3.179838e+02 
5.054397e+05 4.183333e+06 1.545501e+03 -7.741738e-07 -2.424156e-07 2.824820e-06 2.939000e-06 7.397684e+01 -1.626132e+02 3.204795e+02 
