# 1, 2, 3, 4   , 5   , 6   , 7   , 8   , 9   , 10  
# x, y, z, Bx_si, By_si, Bz_si, In_si, Ic_si, Dc_si, dmeas 
5.053600e+05 4.183132e+06 1.556266e+03 -2.658587e-06 -2.818064e-06 -8.234451e-07 3.960761e-06 1.199936e+01 -1.366680e+02 0.000000e+00 
5.053607e+05 4.183134e+06 1.555682e+03 -2.584705e-06 -2.686038e-06 -5.368090e-07 3.766121e-06 8.194638e+00 -1.361014e+02 2.157064e+00 
5.053605e+05 4.183136e+06 1.555524e+03 -2.374679e-06 -2.782989e-06 -6.184017e-07 3.710330e-06 9.594278e+00 -1.395264e+02 4.009790e+00 
5.053603e+05 4.183139e+06 1.555228e+03 -2.120186e-06 -2.905996e-06 -9.066018e-07 3.709707e-06 1.414557e+01 -1.438859e+02 6.432482e+00 
5.053594e+05 4.183143e+06 1.554987e+03 -1.047327e-06 -4.983550e-06 -8.129937e-07 5.156900e-06 9.070614e+00 -1.681316e+02 1.060382e+01 
5.053599e+05 4.183145e+06 1.553799e+03 1.051146e-07 -5.468486e-06 2.553029e-06 6.036004e-06 -2.502203e+01 1.788988e+02 1.279858e+01 
5.053622e+05 4.183147e+06 1.552447e+03 3.549014e-07 -3.937371e-06 2.428183e-06 4.639496e-06 -3.155872e+01 1.748495e+02 1.570972e+01 
5.053634e+05 4.183149e+06 1.551012e+03 1.618478e-07 -2.817358e-06 2.595717e-06 3.834246e-06 -4.260827e+01 1.767122e+02 1.871373e+01 
5.053652e+05 4.183154e+06 1.548554e+03 1.714321e-07 -1.402503e-06 3.020218e-06 3.334384e-06 -6.492851e+01 1.730311e+02 2.378995e+01 
5.053655e+05 4.183155e+06 1.548130e+03 2.082875e-07 -1.287596e-06 3.151340e-06 3.410605e-06 -6.751543e+01 1.708112e+02 2.482539e+01 
5.053652e+05 4.183156e+06 1.547834e+03 2.329243e-07 -1.080932e-06 3.412346e-06 3.587028e-06 -7.204550e+01 1.678396e+02 2.569447e+01 
5.053662e+05 4.183159e+06 1.546610e+03 1.951602e-07 8.554843e-08 2.979219e-06 2.986830e-06 -8.590892e+01 6.632977e+01 2.920594e+01 
5.053677e+05 4.183162e+06 1.545895e+03 -1.413520e-07 -3.630997e-08 2.553131e-06 2.557299e-06 -8.672844e+01 -1.044064e+02 3.250502e+01 
5.053688e+05 4.183164e+06 1.545507e+03 -4.858291e-07 6.840136e-08 2.481181e-06 2.529223e-06 -7.881481e+01 -8.198583e+01 3.440177e+01 
5.053695e+05 4.183165e+06 1.545133e+03 -6.307571e-07 1.518902e-07 2.630407e-06 2.709237e-06 -7.614460e+01 -7.646060e+01 3.600708e+01 
5.053702e+05 4.183167e+06 1.544676e+03 -6.396719e-07 5.134352e-07 2.889899e-06 3.004049e-06 -7.415444e+01 -5.124759e+01 3.806029e+01 
5.053715e+05 4.183169e+06 1.544287e+03 -7.346218e-07 9.657382e-07 2.691655e-06 2.952512e-06 -6.573426e+01 -3.725968e+01 4.012339e+01 
5.053725e+05 4.183170e+06 1.544040e+03 -9.518434e-07 8.057329e-07 2.516119e-06 2.808214e-06 -6.363529e+01 -4.975217e+01 4.206202e+01 
5.053731e+05 4.183172e+06 1.543803e+03 -1.028070e-06 8.338501e-07 2.716072e-06 3.021470e-06 -6.401699e+01 -5.095509e+01 4.396952e+01 
5.053732e+05 4.183175e+06 1.543597e+03 -1.246179e-06 8.881389e-07 2.796104e-06 3.187467e-06 -6.130856e+01 -5.452293e+01 4.625121e+01 
5.053734e+05 4.183177e+06 1.543383e+03 -1.247535e-06 1.263667e-06 3.334740e-06 3.778054e-06 -6.196503e+01 -4.463194e+01 4.892883e+01 
5.053739e+05 4.183179e+06 1.543261e+03 -1.002293e-06 2.066515e-06 3.029475e-06 3.801683e-06 -5.283293e+01 -2.587414e+01 5.087570e+01 
5.053738e+05 4.183181e+06 1.543507e+03 -1.072030e-06 2.138402e-06 2.151604e-06 3.217361e-06 -4.197052e+01 -2.662567e+01 5.302838e+01 
5.053744e+05 4.183183e+06 1.543641e+03 -6.648991e-07 2.759261e-06 1.704376e-06 3.310666e-06 -3.098499e+01 -1.354827e+01 5.487540e+01 
5.053749e+05 4.183185e+06 1.544288e+03 -3.995030e-07 3.221573e-06 -6.867461e-07 3.318096e-06 1.194484e+01 -7.069084e+00 5.719304e+01 
5.053746e+05 4.183188e+06 1.545109e+03 -8.476878e-08 1.090482e-06 -2.707534e-06 2.920115e-06 6.800260e+01 -4.444958e+00 5.955443e+01 
5.053744e+05 4.183189e+06 1.545241e+03 -4.120825e-08 -1.412670e-06 -1.678556e-06 2.194284e-06 4.990409e+01 -1.783291e+02 6.111958e+01 
5.053745e+05 4.183191e+06 1.544877e+03 -2.156924e-07 -1.792861e-06 -7.365862e-08 1.807290e-06 2.335816e+00 -1.731399e+02 6.319502e+01 
5.053749e+05 4.183193e+06 1.544620e+03 -4.373568e-07 -1.923558e-06 6.013390e-07 2.062271e-06 -1.695321e+01 -1.671905e+02 6.455714e+01 
5.053752e+05 4.183194e+06 1.544292e+03 -4.276129e-07 -1.980489e-06 1.557232e-06 2.555418e-06 -3.754502e+01 -1.678161e+02 6.593101e+01 
5.053762e+05 4.183195e+06 1.543874e+03 -2.369438e-07 -1.571134e-06 2.381805e-06 2.863145e-06 -5.629278e+01 -1.714238e+02 6.749700e+01 
5.053759e+05 4.183197e+06 1.543386e+03 4.740910e-08 -7.508443e-07 3.242529e-06 3.328665e-06 -7.693723e+01 1.763871e+02 6.929172e+01 
5.053759e+05 4.183198e+06 1.542951e+03 1.021849e-07 5.999450e-07 3.308363e-06 3.363873e-06 -7.957677e+01 9.666072e+00 7.093375e+01 
5.053764e+05 4.183200e+06 1.542931e+03 5.235705e-08 8.583591e-07 2.232239e-06 2.392156e-06 -6.893117e+01 3.490528e+00 7.262516e+01 
5.053772e+05 4.183202e+06 1.542915e+03 -6.215582e-08 6.130974e-07 1.570308e-06 1.686896e-06 -6.857334e+01 -5.788868e+00 7.492696e+01 
5.053775e+05 4.183204e+06 1.542831e+03 -2.752185e-07 2.925719e-07 1.650584e-06 1.698756e-06 -7.632271e+01 -4.324941e+01 7.718037e+01 
5.053783e+05 4.183207e+06 1.542659e+03 -5.111639e-07 3.845086e-07 2.058975e-06 2.156041e-06 -7.274218e+01 -5.304872e+01 7.948909e+01 
5.053792e+05 4.183208e+06 1.542506e+03 -6.222296e-07 6.423088e-07 2.225775e-06 2.398709e-06 -6.811062e+01 -4.409030e+01 8.102207e+01 
5.053796e+05 4.183210e+06 1.542444e+03 -8.297703e-07 1.081475e-06 2.065925e-06 2.475107e-06 -5.658265e+01 -3.749751e+01 8.324161e+01 
5.053800e+05 4.183212e+06 1.542390e+03 -1.051250e-06 1.259650e-06 2.112341e-06 2.674664e-06 -5.216302e+01 -3.984693e+01 8.494116e+01 
5.053812e+05 4.183213e+06 1.542215e+03 -1.301959e-06 1.860668e-06 2.495247e-06 3.373936e-06 -4.769443e+01 -3.498151e+01 8.694708e+01 
5.053813e+05 4.183215e+06 1.542490e+03 -1.694936e-06 2.208726e-06 1.696404e-06 3.260225e-06 -3.135461e+01 -3.750197e+01 8.905913e+01 
5.053809e+05 4.183218e+06 1.542880e+03 -1.995275e-06 2.282460e-06 1.132868e-06 3.236377e-06 -2.048989e+01 -4.115921e+01 9.124541e+01 
5.053820e+05 4.183220e+06 1.543012e+03 -1.859823e-06 2.425056e-06 8.842597e-07 3.181470e-06 -1.613733e+01 -3.748531e+01 9.347366e+01 
5.053823e+05 4.183222e+06 1.543457e+03 -1.556971e-06 1.716148e-06 -2.037341e-07 2.326119e-06 5.024712e+00 -4.221581e+01 9.565355e+01 
5.053829e+05 4.183223e+06 1.543570e+03 -1.200396e-06 8.899483e-07 -3.856897e-07 1.543281e-06 1.447251e+01 -5.344755e+01 9.679860e+01 
5.053828e+05 4.183225e+06 1.543560e+03 1.449423e-07 -4.162434e-07 1.367170e-06 1.436461e-06 -7.213138e+01 1.608011e+02 9.879789e+01 
5.053840e+05 4.183226e+06 1.543365e+03 7.635063e-07 4.038136e-07 1.615056e-06 1.831506e-06 -6.186255e+01 6.212592e+01 1.007518e+02 
5.053867e+05 4.183227e+06 1.543354e+03 7.826952e-07 1.608504e-06 6.696946e-07 1.910076e-06 -2.052473e+01 2.594747e+01 1.035650e+02 
5.053884e+05 4.183228e+06 1.543513e+03 5.852612e-07 2.625716e-06 1.600588e-07 2.694909e-06 -3.404974e+00 1.256558e+01 1.056521e+02 
5.053895e+05 4.183229e+06 1.543841e+03 3.132675e-07 3.317685e-06 -5.689543e-07 3.380663e-06 9.688800e+00 5.394076e+00 1.073063e+02 
5.053907e+05 4.183230e+06 1.543947e+03 -7.269094e-08 3.271116e-06 -8.452534e-07 3.379340e-06 1.448484e+01 -1.273021e+00 1.086161e+02 
5.053924e+05 4.183231e+06 1.544195e+03 -4.956135e-07 2.987131e-06 -1.186276e-06 3.252051e-06 2.139390e+01 -9.420482e+00 1.106090e+02 
5.053927e+05 4.183232e+06 1.544448e+03 -6.877814e-07 2.968939e-06 -1.221625e-06 3.283292e-06 2.184353e+01 -1.304301e+01 1.117330e+02 
5.053928e+05 4.183234e+06 1.544864e+03 -1.057185e-06 3.403102e-06 -1.624609e-06 3.916388e-06 2.450819e+01 -1.725758e+01 1.133783e+02 
5.053956e+05 4.183235e+06 1.545085e+03 -1.449694e-06 2.373769e-06 -2.202763e-06 3.548035e-06 3.837751e+01 -3.141300e+01 1.164429e+02 
5.053947e+05 4.183236e+06 1.545647e+03 -2.156795e-06 2.296255e-06 -3.204530e-06 4.493725e-06 4.548870e+01 -4.320621e+01 1.182755e+02 
5.053957e+05 4.183238e+06 1.545878e+03 -2.771382e-06 4.635410e-07 -3.307060e-06 4.339594e-06 4.964674e+01 -8.050461e+01 1.200628e+02 
5.053971e+05 4.183239e+06 1.545694e+03 -2.503273e-06 -7.229947e-07 -2.206552e-06 3.414377e-06 4.025971e+01 -1.061098e+02 1.217589e+02 
5.053976e+05 4.183241e+06 1.545508e+03 -2.057678e-06 -9.533222e-07 -1.183101e-06 2.557849e-06 2.755097e+01 -1.148583e+02 1.236359e+02 
5.053998e+05 4.183241e+06 1.545113e+03 -1.921910e-06 -9.911068e-07 -9.325863e-07 2.354941e-06 2.332914e+01 -1.172796e+02 1.259096e+02 
5.054001e+05 4.183243e+06 1.545001e+03 -2.151232e-06 -1.145234e-06 -4.877601e-07 2.485411e-06 1.131771e+01 -1.180291e+02 1.277039e+02 
5.054007e+05 4.183245e+06 1.544738e+03 -2.514376e-06 -1.062488e-06 2.923712e-07 2.745259e-06 -6.113618e+00 -1.129072e+02 1.303288e+02 
5.054011e+05 4.183247e+06 1.544486e+03 -2.769052e-06 -1.292053e-06 8.204899e-07 3.163899e-06 -1.503024e+01 -1.150140e+02 1.319264e+02 
5.054014e+05 4.183249e+06 1.544235e+03 -2.475693e-06 -1.535499e-06 1.585525e-06 3.316731e-06 -2.855736e+01 -1.218084e+02 1.337913e+02 
5.054015e+05 4.183250e+06 1.543927e+03 -2.057163e-06 -1.332497e-06 2.315989e-06 3.372132e-06 -4.337753e+01 -1.229326e+02 1.352497e+02 
5.054019e+05 4.183252e+06 1.543481e+03 -1.558548e-06 -8.659093e-07 2.936963e-06 3.435786e-06 -5.873936e+01 -1.190560e+02 1.369434e+02 
5.054018e+05 4.183253e+06 1.543222e+03 -1.248959e-06 -4.434963e-07 3.371161e-06 3.622336e-06 -6.853786e+01 -1.095496e+02 1.385889e+02 
5.054013e+05 4.183255e+06 1.543092e+03 -8.302725e-07 -4.649118e-08 3.621214e-06 3.715468e-06 -7.706686e+01 -9.320494e+01 1.402659e+02 
5.054023e+05 4.183257e+06 1.542552e+03 -9.393110e-08 1.262544e-06 4.279094e-06 4.462453e-06 -7.351837e+01 -4.254869e+00 1.425849e+02 
5.054023e+05 4.183259e+06 1.542437e+03 1.869734e-07 3.157256e-06 4.500870e-06 5.501005e-06 -5.490407e+01 3.389110e+00 1.441713e+02 
5.054034e+05 4.183260e+06 1.542767e+03 3.693031e-07 4.081821e-06 3.067587e-06 5.119349e-06 -3.681364e+01 5.169765e+00 1.459531e+02 
5.054041e+05 4.183261e+06 1.542986e+03 3.294776e-07 4.225172e-06 2.573976e-06 4.958426e-06 -3.127268e+01 4.458883e+00 1.469585e+02 
5.054049e+05 4.183262e+06 1.543562e+03 5.588145e-07 4.725725e-06 2.323998e-06 5.295821e-06 -2.602965e+01 6.743879e+00 1.487142e+02 
5.054068e+05 4.183263e+06 1.544059e+03 4.351736e-07 5.582560e-06 1.048051e-06 5.696733e-06 -1.060133e+01 4.457326e+00 1.508990e+02 
5.054097e+05 4.183266e+06 1.545427e+03 -8.061339e-08 4.620261e-06 -1.055598e-06 4.740000e-06 1.286766e+01 -9.995839e-01 1.547376e+02 
5.054110e+05 4.183267e+06 1.546035e+03 1.964077e-07 4.914179e-06 -2.206386e-06 5.390350e-06 2.416221e+01 2.288754e+00 1.563237e+02 
5.054118e+05 4.183268e+06 1.546950e+03 -3.558289e-07 4.278085e-06 -4.028125e-06 5.886801e-06 4.317775e+01 -4.754620e+00 1.580484e+02 
5.054119e+05 4.183270e+06 1.547545e+03 -1.807580e-06 3.052878e-06 -4.368266e-06 5.627536e-06 5.091675e+01 -3.062937e+01 1.597138e+02 
5.054125e+05 4.183272e+06 1.547979e+03 -3.393552e-06 2.106557e-06 -3.062228e-06 5.032993e-06 3.747613e+01 -5.816994e+01 1.614858e+02 
5.054120e+05 4.183274e+06 1.548948e+03 -4.399126e-06 3.470738e-06 -3.736721e-06 6.735088e-06 3.369790e+01 -5.172794e+01 1.637563e+02 
5.054100e+05 4.183275e+06 1.550463e+03 -4.248367e-06 4.097293e-06 -6.787388e-06 8.994724e-06 4.899013e+01 -4.603706e+01 1.660495e+02 
5.054102e+05 4.183277e+06 1.551664e+03 -4.845056e-06 1.732517e-06 -8.712893e-06 1.011883e-05 5.943553e+01 -7.032373e+01 1.681422e+02 
5.054102e+05 4.183277e+06 1.551653e+03 -4.807300e-06 1.841645e-06 -8.703127e-06 1.011169e-05 5.939525e+01 -6.903849e+01 1.682044e+02 
5.054098e+05 4.183278e+06 1.552655e+03 -3.970509e-06 -2.489746e-06 -8.373926e-06 9.596167e-06 6.076600e+01 -1.220902e+02 1.696096e+02 
5.054083e+05 4.183281e+06 1.551894e+03 -1.965757e-06 -5.986752e-06 -4.172916e-06 7.557687e-06 3.351409e+01 -1.618223e+02 1.731167e+02 
5.054108e+05 4.183283e+06 1.550315e+03 -3.574214e-06 -6.475198e-06 3.387969e-07 7.403916e-06 -2.622722e+00 -1.511019e+02 1.760754e+02 
5.054117e+05 4.183284e+06 1.549118e+03 -2.579545e-06 -6.098644e-06 3.204903e-06 7.356555e-06 -2.582683e+01 -1.570731e+02 1.773472e+02 
5.054096e+05 4.183285e+06 1.549316e+03 -2.692546e-06 -4.988305e-06 3.234923e-06 6.526693e-06 -2.971229e+01 -1.516411e+02 1.796748e+02 
5.054101e+05 4.183287e+06 1.547402e+03 -2.384466e-06 -2.538512e-06 4.964984e-06 6.064717e-06 -5.495159e+01 -1.367923e+02 1.814633e+02 
5.054103e+05 4.183288e+06 1.545898e+03 -2.425878e-06 -1.536884e-07 5.402464e-06 5.924113e-06 -6.577549e+01 -9.362506e+01 1.829765e+02 
5.054108e+05 4.183290e+06 1.544850e+03 -2.802877e-06 3.107718e-07 4.284989e-06 5.129701e-06 -5.665013e+01 -8.367312e+01 1.847136e+02 
5.054119e+05 4.183291e+06 1.543783e+03 -2.264176e-06 5.498639e-07 4.719867e-06 5.263648e-06 -6.372650e+01 -7.634976e+01 1.863904e+02 
5.054140e+05 4.183291e+06 1.542529e+03 -1.041282e-06 1.214547e-06 5.539338e-06 5.765731e-06 -7.389081e+01 -4.060787e+01 1.884935e+02 
5.054143e+05 4.183293e+06 1.541948e+03 -3.718251e-07 2.124213e-06 5.617790e-06 6.017483e-06 -6.899963e+01 -9.928546e+00 1.899643e+02 
5.054152e+05 4.183294e+06 1.541606e+03 -1.660191e-07 2.861218e-06 4.042342e-06 4.955266e-06 -5.466326e+01 -3.320803e+00 1.916195e+02 
5.054163e+05 4.183296e+06 1.541451e+03 -1.908534e-08 2.807911e-06 3.210433e-06 4.265162e-06 -4.882574e+01 -3.894328e-01 1.933386e+02 
5.054171e+05 4.183297e+06 1.541429e+03 1.664095e-07 2.793019e-06 2.651341e-06 3.854640e-06 -4.345865e+01 3.409681e+00 1.948557e+02 
5.054186e+05 4.183298e+06 1.541433e+03 5.070393e-07 3.216924e-06 2.210989e-06 3.936263e-06 -3.417327e+01 8.957053e+00 1.970284e+02 
5.054201e+05 4.183301e+06 1.542100e+03 -4.380458e-08 2.927426e-06 -1.107978e-07 2.929850e-06 2.167265e+00 -8.572822e-01 1.997555e+02 
5.054212e+05 4.183303e+06 1.542595e+03 -1.048056e-06 1.164641e-06 -8.704962e-07 1.792366e-06 2.905630e+01 -4.198393e+01 2.025419e+02 
5.054223e+05 4.183305e+06 1.542510e+03 -1.170847e-06 6.005888e-07 -3.329824e-07 1.357375e-06 1.420036e+01 -6.284433e+01 2.043886e+02 
5.054229e+05 4.183306e+06 1.542486e+03 -1.208645e-06 5.113032e-07 5.156860e-09 1.312357e-06 -2.251424e-01 -6.706977e+01 2.062066e+02 
5.054238e+05 4.183308e+06 1.542419e+03 -1.206513e-06 4.841041e-07 1.649290e-07 1.310432e-06 -7.230335e+00 -6.813725e+01 2.080318e+02 
5.054246e+05 4.183310e+06 1.542389e+03 -1.329804e-06 4.905165e-07 2.417511e-07 1.437856e-06 -9.679290e+00 -6.975281e+01 2.100417e+02 
5.054255e+05 4.183312e+06 1.542302e+03 -1.551832e-06 3.954924e-07 3.898456e-07 1.648204e-06 -1.368168e+01 -7.570224e+01 2.122547e+02 
5.054265e+05 4.183314e+06 1.542153e+03 -1.400052e-06 5.715904e-07 8.386359e-07 1.729211e-06 -2.901127e+01 -6.779159e+01 2.145339e+02 
5.054278e+05 4.183316e+06 1.541989e+03 -9.488161e-07 7.977608e-07 1.028852e-06 1.610966e-06 -3.969162e+01 -4.994301e+01 2.168454e+02 
5.054288e+05 4.183318e+06 1.541925e+03 -2.646730e-07 8.276865e-07 1.317490e-06 1.578257e-06 -5.659242e+01 -1.773295e+01 2.191083e+02 
5.054300e+05 4.183320e+06 1.542058e+03 4.687646e-07 7.785174e-07 1.186159e-06 1.494256e-06 -5.254319e+01 3.105319e+01 2.211803e+02 
5.054312e+05 4.183321e+06 1.542257e+03 7.064111e-07 1.300235e-06 1.280846e-06 1.957088e-06 -4.087909e+01 2.851501e+01 2.232723e+02 
5.054319e+05 4.183323e+06 1.542438e+03 6.500415e-07 2.903114e-06 1.957923e-06 3.561472e-06 -3.334993e+01 1.262103e+01 2.250348e+02 
5.054328e+05 4.183325e+06 1.543451e+03 5.176959e-07 5.199639e-06 -5.978176e-07 5.259433e-06 6.526675e+00 5.685848e+00 2.268908e+02 
5.054348e+05 4.183326e+06 1.544963e+03 -1.498815e-06 5.138774e-06 -4.254646e-06 6.837796e-06 3.847878e+01 -1.626027e+01 2.295877e+02 
5.054368e+05 4.183327e+06 1.545680e+03 -2.360835e-06 3.253136e-06 -6.755380e-06 7.860763e-06 5.924700e+01 -3.596879e+01 2.318938e+02 
5.054384e+05 4.183328e+06 1.545818e+03 -3.277652e-06 1.812616e-06 -7.412474e-06 8.305020e-06 6.319283e+01 -6.105641e+01 2.335234e+02 
5.054392e+05 4.183329e+06 1.546016e+03 -4.132171e-06 -3.875278e-06 -5.209340e-06 7.696092e-06 4.260040e+01 -1.331625e+02 2.353038e+02 
5.054397e+05 4.183330e+06 1.545638e+03 -4.285032e-06 -5.031916e-06 -3.415602e-06 7.439624e-06 2.732966e+01 -1.395833e+02 2.363412e+02 
5.054408e+05 4.183332e+06 1.544869e+03 -4.243823e-06 -6.036978e-06 -8.711041e-07 7.430610e-06 6.732372e+00 -1.448939e+02 2.382151e+02 
5.054413e+05 4.183333e+06 1.544364e+03 -3.832453e-06 -6.552238e-06 8.510398e-07 7.638310e-06 -6.397023e+00 -1.496763e+02 2.394675e+02 
5.054428e+05 4.183334e+06 1.543205e+03 -2.861533e-06 -6.717497e-06 3.530436e-06 8.110309e-06 -2.580453e+01 -1.569269e+02 2.412849e+02 
5.054442e+05 4.183335e+06 1.542146e+03 -2.077500e-06 -5.729192e-06 5.180610e-06 7.998648e-06 -4.036734e+01 -1.600685e+02 2.428526e+02 
5.054451e+05 4.183335e+06 1.541329e+03 -1.674892e-06 -4.795840e-06 5.845716e-06 7.744530e-06 -4.900953e+01 -1.607488e+02 2.439705e+02 
5.054462e+05 4.183336e+06 1.540195e+03 -1.279454e-06 -3.659505e-06 6.399662e-06 7.482290e-06 -5.879378e+01 -1.607291e+02 2.455183e+02 
5.054477e+05 4.183337e+06 1.539574e+03 -1.152761e-06 -3.341428e-06 6.454092e-06 7.358621e-06 -6.129199e+01 -1.609661e+02 2.469844e+02 
5.054488e+05 4.183337e+06 1.539101e+03 -1.094331e-06 -3.065638e-06 6.530890e-06 7.297138e-06 -6.350758e+01 -1.603551e+02 2.481270e+02 
5.054496e+05 4.183337e+06 1.538405e+03 -9.196928e-07 -2.413477e-06 6.766518e-06 7.242684e-06 -6.910821e+01 -1.591399e+02 2.491184e+02 
5.054507e+05 4.183338e+06 1.537565e+03 -7.120471e-07 -1.689397e-06 6.795724e-06 7.038674e-06 -7.490239e+01 -1.571455e+02 2.503611e+02 
5.054538e+05 4.183339e+06 1.536082e+03 -1.351521e-07 -7.692732e-07 6.610447e-06 6.656430e-06 -8.326148e+01 -1.700355e+02 2.535700e+02 
5.054561e+05 4.183338e+06 1.535933e+03 4.147364e-08 -1.245543e-06 6.342692e-06 6.463964e-06 -7.888394e+01 1.780929e+02 2.559534e+02 
5.054583e+05 4.183340e+06 1.535078e+03 -2.245823e-08 -7.590432e-07 5.358240e-06 5.411782e-06 -8.193370e+01 -1.783053e+02 2.586392e+02 
5.054332e+05 4.183356e+06 1.537898e+03 -1.169435e-06 2.658470e-06 4.623427e-06 5.459956e-06 -5.786405e+01 -2.374423e+01 2.888399e+02 
5.054311e+05 4.183353e+06 1.538783e+03 -2.082744e-06 1.695544e-06 5.551036e-06 6.166579e-06 -6.418184e+01 -5.085126e+01 2.931717e+02 
5.054309e+05 4.183351e+06 1.539160e+03 -2.465503e-06 1.172050e-06 5.638426e-06 6.264523e-06 -6.416551e+01 -6.457452e+01 2.949700e+02 
5.054304e+05 4.183348e+06 1.540133e+03 -2.686874e-06 1.856515e-07 6.611956e-06 7.139448e-06 -6.783722e+01 -8.604739e+01 2.980614e+02 
5.054304e+05 4.183346e+06 1.540980e+03 -2.970969e-06 -1.106587e-06 6.149057e-06 6.918244e-06 -6.272505e+01 -1.104287e+02 2.998929e+02 
5.054298e+05 4.183344e+06 1.542138e+03 -3.407176e-06 -2.107281e-06 5.245564e-06 6.600411e-06 -5.263004e+01 -1.217361e+02 3.017394e+02 
5.054291e+05 4.183342e+06 1.543301e+03 -3.598046e-06 -2.838881e-06 4.044430e-06 6.112495e-06 -4.142705e+01 -1.282737e+02 3.036463e+02 
5.054297e+05 4.183340e+06 1.543837e+03 -3.955040e-06 -3.075878e-06 3.928757e-06 6.366985e-06 -3.810113e+01 -1.278726e+02 3.057892e+02 
5.054293e+05 4.183339e+06 1.544754e+03 -4.118503e-06 -3.603759e-06 3.754426e-06 6.636630e-06 -3.445180e+01 -1.311865e+02 3.075387e+02 
5.054293e+05 4.183337e+06 1.545582e+03 -4.135851e-06 -4.855833e-06 3.137289e-06 7.108232e-06 -2.619068e+01 -1.395780e+02 3.088919e+02 
5.054297e+05 4.183336e+06 1.546107e+03 -4.192477e-06 -5.684038e-06 2.301468e-06 7.428452e-06 -1.804826e+01 -1.435880e+02 3.099811e+02 
5.054315e+05 4.183336e+06 1.545924e+03 -3.907471e-06 -6.315840e-06 2.583397e-06 7.863340e-06 -1.918000e+01 -1.482558e+02 3.119751e+02 
5.054332e+05 4.183335e+06 1.545710e+03 -3.680566e-06 -6.957226e-06 2.669737e-06 8.311261e-06 -1.873668e+01 -1.521199e+02 3.137316e+02 
5.054352e+05 4.183334e+06 1.545423e+03 -3.306876e-06 -7.285506e-06 2.324057e-06 8.331582e-06 -1.619728e+01 -1.555868e+02 3.158266e+02 
5.054372e+05 4.183334e+06 1.545492e+03 -3.734496e-06 -7.199753e-06 1.752212e-07 8.112559e-06 -1.237614e+00 -1.525843e+02 3.179838e+02 
5.054397e+05 4.183333e+06 1.544774e+03 -3.764239e-06 -6.953891e-06 1.002367e-06 7.970623e-06 -7.224513e+00 -1.515727e+02 3.204795e+02 
