# 1,2,3, 4    , 5    , 6    , 7    , 8    , 9     
# x,y,z, Bx_si, By_si, Bz_si, Bx_th, By_th, Bz_th 
1.002300e+02 1.247790e+02 1.000000e+00 4.599874e-08 -3.482405e-07 -1.112933e-06 0.000000e+00 0.000000e+00 0.000000e+00 
1.012943e+02 1.247790e+02 1.000000e+00 4.373130e-08 -3.486806e-07 -1.110938e-06 0.000000e+00 0.000000e+00 0.000000e+00 
1.023587e+02 1.247790e+02 1.000000e+00 4.150430e-08 -3.491013e-07 -1.109041e-06 0.000000e+00 0.000000e+00 0.000000e+00 
1.034230e+02 1.247790e+02 1.000000e+00 3.931543e-08 -3.495024e-07 -1.107240e-06 0.000000e+00 0.000000e+00 0.000000e+00 
1.044874e+02 1.247790e+02 1.000000e+00 3.716245e-08 -3.498840e-07 -1.105535e-06 0.000000e+00 0.000000e+00 0.000000e+00 
1.055517e+02 1.247790e+02 1.000000e+00 3.504321e-08 -3.502462e-07 -1.103923e-06 0.000000e+00 0.000000e+00 0.000000e+00 
1.066161e+02 1.247790e+02 1.000000e+00 3.295559e-08 -3.505889e-07 -1.102404e-06 0.000000e+00 0.000000e+00 0.000000e+00 
1.076804e+02 1.247790e+02 1.000000e+00 3.089755e-08 -3.509123e-07 -1.100977e-06 0.000000e+00 0.000000e+00 0.000000e+00 
1.087448e+02 1.247790e+02 1.000000e+00 2.886712e-08 -3.512162e-07 -1.099639e-06 0.000000e+00 0.000000e+00 0.000000e+00 
1.098091e+02 1.247790e+02 1.000000e+00 2.686236e-08 -3.515007e-07 -1.098392e-06 0.000000e+00 0.000000e+00 0.000000e+00 
1.108735e+02 1.247790e+02 1.000000e+00 2.488137e-08 -3.517659e-07 -1.097232e-06 0.000000e+00 0.000000e+00 0.000000e+00 
1.119378e+02 1.247790e+02 1.000000e+00 2.292232e-08 -3.520118e-07 -1.096161e-06 0.000000e+00 0.000000e+00 0.000000e+00 
1.130022e+02 1.247790e+02 1.000000e+00 2.098340e-08 -3.522383e-07 -1.095176e-06 0.000000e+00 0.000000e+00 0.000000e+00 
1.140665e+02 1.247790e+02 1.000000e+00 1.906284e-08 -3.524456e-07 -1.094277e-06 0.000000e+00 0.000000e+00 0.000000e+00 
1.151309e+02 1.247790e+02 1.000000e+00 1.715891e-08 -3.526335e-07 -1.093464e-06 0.000000e+00 0.000000e+00 0.000000e+00 
1.161952e+02 1.247790e+02 1.000000e+00 1.526991e-08 -3.528022e-07 -1.092736e-06 0.000000e+00 0.000000e+00 0.000000e+00 
1.172596e+02 1.247790e+02 1.000000e+00 1.339415e-08 -3.529516e-07 -1.092092e-06 0.000000e+00 0.000000e+00 0.000000e+00 
1.183239e+02 1.247790e+02 1.000000e+00 1.152999e-08 -3.530818e-07 -1.091531e-06 0.000000e+00 0.000000e+00 0.000000e+00 
1.193883e+02 1.247790e+02 1.000000e+00 9.675781e-09 -3.531927e-07 -1.091055e-06 0.000000e+00 0.000000e+00 0.000000e+00 
1.204526e+02 1.247790e+02 1.000000e+00 7.829919e-09 -3.532844e-07 -1.090661e-06 0.000000e+00 0.000000e+00 0.000000e+00 
1.215170e+02 1.247790e+02 1.000000e+00 5.990799e-09 -3.533569e-07 -1.090350e-06 0.000000e+00 0.000000e+00 0.000000e+00 
1.225813e+02 1.247790e+02 1.000000e+00 4.156831e-09 -3.534102e-07 -1.090122e-06 0.000000e+00 0.000000e+00 0.000000e+00 
1.236457e+02 1.247790e+02 1.000000e+00 2.326436e-09 -3.534442e-07 -1.089976e-06 0.000000e+00 0.000000e+00 0.000000e+00 
1.247100e+02 1.247790e+02 1.000000e+00 4.980383e-10 -3.534591e-07 -1.089913e-06 0.000000e+00 0.000000e+00 0.000000e+00 
1.257743e+02 1.247790e+02 1.000000e+00 -1.329931e-09 -3.534547e-07 -1.089931e-06 0.000000e+00 0.000000e+00 0.000000e+00 
1.268387e+02 1.247790e+02 1.000000e+00 -3.159043e-09 -3.534311e-07 -1.090032e-06 0.000000e+00 0.000000e+00 0.000000e+00 
1.279030e+02 1.247790e+02 1.000000e+00 -4.990868e-09 -3.533883e-07 -1.090216e-06 0.000000e+00 0.000000e+00 0.000000e+00 
1.289674e+02 1.247790e+02 1.000000e+00 -6.826984e-09 -3.533263e-07 -1.090481e-06 0.000000e+00 0.000000e+00 0.000000e+00 
1.300317e+02 1.247790e+02 1.000000e+00 -8.668975e-09 -3.532451e-07 -1.090830e-06 0.000000e+00 0.000000e+00 0.000000e+00 
1.310961e+02 1.247790e+02 1.000000e+00 -1.051843e-08 -3.531446e-07 -1.091261e-06 0.000000e+00 0.000000e+00 0.000000e+00 
1.321604e+02 1.247790e+02 1.000000e+00 -1.237697e-08 -3.530249e-07 -1.091776e-06 0.000000e+00 0.000000e+00 0.000000e+00 
1.332248e+02 1.247790e+02 1.000000e+00 -1.424621e-08 -3.528860e-07 -1.092374e-06 0.000000e+00 0.000000e+00 0.000000e+00 
1.342891e+02 1.247790e+02 1.000000e+00 -1.612778e-08 -3.527278e-07 -1.093057e-06 0.000000e+00 0.000000e+00 0.000000e+00 
1.353535e+02 1.247790e+02 1.000000e+00 -1.802337e-08 -3.525504e-07 -1.093824e-06 0.000000e+00 0.000000e+00 0.000000e+00 
1.364178e+02 1.247790e+02 1.000000e+00 -1.993465e-08 -3.523537e-07 -1.094676e-06 0.000000e+00 0.000000e+00 0.000000e+00 
1.374822e+02 1.247790e+02 1.000000e+00 -2.186335e-08 -3.521376e-07 -1.095613e-06 0.000000e+00 0.000000e+00 0.000000e+00 
1.385465e+02 1.247790e+02 1.000000e+00 -2.381121e-08 -3.519023e-07 -1.096638e-06 0.000000e+00 0.000000e+00 0.000000e+00 
1.396109e+02 1.247790e+02 1.000000e+00 -2.578002e-08 -3.516476e-07 -1.097749e-06 0.000000e+00 0.000000e+00 0.000000e+00 
1.406752e+02 1.247790e+02 1.000000e+00 -2.777159e-08 -3.513736e-07 -1.098948e-06 0.000000e+00 0.000000e+00 0.000000e+00 
1.417396e+02 1.247790e+02 1.000000e+00 -2.978780e-08 -3.510803e-07 -1.100237e-06 0.000000e+00 0.000000e+00 0.000000e+00 
1.428039e+02 1.247790e+02 1.000000e+00 -3.183055e-08 -3.507675e-07 -1.101615e-06 0.000000e+00 0.000000e+00 0.000000e+00 
1.438683e+02 1.247790e+02 1.000000e+00 -3.390180e-08 -3.504354e-07 -1.103084e-06 0.000000e+00 0.000000e+00 0.000000e+00 
1.449326e+02 1.247790e+02 1.000000e+00 -3.600356e-08 -3.500838e-07 -1.104645e-06 0.000000e+00 0.000000e+00 0.000000e+00 
1.459970e+02 1.247790e+02 1.000000e+00 -3.813789e-08 -3.497128e-07 -1.106299e-06 0.000000e+00 0.000000e+00 0.000000e+00 
1.470613e+02 1.247790e+02 1.000000e+00 -4.030693e-08 -3.493223e-07 -1.108048e-06 0.000000e+00 0.000000e+00 0.000000e+00 
1.481257e+02 1.247790e+02 1.000000e+00 -4.251287e-08 -3.489123e-07 -1.109892e-06 0.000000e+00 0.000000e+00 0.000000e+00 
1.491900e+02 1.247790e+02 1.000000e+00 -4.475798e-08 -3.484828e-07 -1.111834e-06 0.000000e+00 0.000000e+00 0.000000e+00 
