# 1,2,3, 4    , 5    , 6    , 7    , 8    , 9     
# x,y,z, Bx_si, By_si, Bz_si, Bx_th, By_th, Bz_th 
1.247790e+02 1.002300e+02 1.208033e+00 3.989867e-07 2.708364e-06 -3.865768e-07 0.000000e+00 0.000000e+00 0.000000e+00 
1.247790e+02 1.012943e+02 2.255333e+00 4.780410e-07 2.526761e-06 -1.192663e-06 0.000000e+00 0.000000e+00 0.000000e+00 
1.247790e+02 1.023587e+02 3.211699e+00 5.599006e-07 2.062432e-06 -2.021549e-06 0.000000e+00 0.000000e+00 0.000000e+00 
1.247790e+02 1.034230e+02 4.009106e+00 6.261858e-07 1.254275e-06 -2.694267e-06 0.000000e+00 0.000000e+00 0.000000e+00 
1.247790e+02 1.044874e+02 4.590834e+00 6.545639e-07 1.997820e-07 -2.994478e-06 0.000000e+00 0.000000e+00 0.000000e+00 
1.247790e+02 1.055517e+02 4.915504e+00 6.373440e-07 -8.694469e-07 -2.846833e-06 0.000000e+00 0.000000e+00 0.000000e+00 
1.247790e+02 1.066161e+02 4.960022e+00 5.821149e-07 -1.785879e-06 -2.323182e-06 0.000000e+00 0.000000e+00 0.000000e+00 
1.247790e+02 1.076804e+02 4.721222e+00 4.958344e-07 -2.453759e-06 -1.490138e-06 0.000000e+00 0.000000e+00 0.000000e+00 
1.247790e+02 1.087448e+02 4.216089e+00 3.877189e-07 -2.743099e-06 -4.367649e-07 0.000000e+00 0.000000e+00 0.000000e+00 
1.247790e+02 1.098091e+02 3.480554e+00 2.800122e-07 -2.576662e-06 6.222527e-07 0.000000e+00 0.000000e+00 0.000000e+00 
1.247790e+02 1.108735e+02 2.566936e+00 1.954127e-07 -2.065727e-06 1.467205e-06 0.000000e+00 0.000000e+00 0.000000e+00 
1.247790e+02 1.119378e+02 1.540221e+00 1.398824e-07 -1.410500e-06 2.038249e-06 0.000000e+00 0.000000e+00 0.000000e+00 
1.247790e+02 1.130022e+02 4.734399e-01 1.079256e-07 -7.455237e-07 2.385011e-06 0.000000e+00 0.000000e+00 0.000000e+00 
1.247790e+02 1.140665e+02 -5.575273e-01 9.194003e-08 -1.326291e-07 2.577167e-06 0.000000e+00 0.000000e+00 0.000000e+00 
1.247790e+02 1.151309e+02 -1.479347e+00 8.661402e-08 4.104328e-07 2.662538e-06 0.000000e+00 0.000000e+00 0.000000e+00 
1.247790e+02 1.161952e+02 -2.226450e+00 8.877141e-08 8.792060e-07 2.668805e-06 0.000000e+00 0.000000e+00 0.000000e+00 
1.247790e+02 1.172596e+02 -2.745694e+00 9.706088e-08 1.279903e-06 2.606688e-06 0.000000e+00 0.000000e+00 0.000000e+00 
1.247790e+02 1.183239e+02 -3.000146e+00 1.110578e-07 1.620029e-06 2.478716e-06 0.000000e+00 0.000000e+00 0.000000e+00 
1.247790e+02 1.193883e+02 -2.971705e+00 1.310825e-07 1.909241e-06 2.281080e-06 0.000000e+00 0.000000e+00 0.000000e+00 
1.247790e+02 1.204526e+02 -2.662395e+00 1.577905e-07 2.156798e-06 2.007612e-06 0.000000e+00 0.000000e+00 0.000000e+00 
1.247790e+02 1.215170e+02 -2.094218e+00 1.920532e-07 2.368621e-06 1.650920e-06 0.000000e+00 0.000000e+00 0.000000e+00 
1.247790e+02 1.225813e+02 -1.307588e+00 2.349861e-07 2.545373e-06 1.202048e-06 0.000000e+00 0.000000e+00 0.000000e+00 
1.247790e+02 1.236457e+02 -3.584581e-01 2.876112e-07 2.674514e-06 6.535803e-07 0.000000e+00 0.000000e+00 0.000000e+00 
1.247790e+02 1.247100e+02 6.856592e-01 3.512715e-07 2.726492e-06 -4.499615e-09 0.000000e+00 0.000000e+00 0.000000e+00 
1.247790e+02 1.257743e+02 1.750496e+00 4.259684e-07 2.641063e-06 -7.690951e-07 0.000000e+00 0.000000e+00 0.000000e+00 
1.247790e+02 1.268387e+02 2.760309e+00 5.081646e-07 2.326460e-06 -1.603169e-06 0.000000e+00 0.000000e+00 0.000000e+00 
1.247790e+02 1.279030e+02 3.643270e+00 5.850130e-07 1.684176e-06 -2.380664e-06 0.000000e+00 0.000000e+00 0.000000e+00 
1.247790e+02 1.289674e+02 4.336574e+00 6.342991e-07 7.235667e-07 -2.886153e-06 0.000000e+00 0.000000e+00 0.000000e+00 
1.247790e+02 1.300317e+02 4.790906e+00 6.390044e-07 -3.684431e-07 -2.954582e-06 0.000000e+00 0.000000e+00 0.000000e+00 
1.247790e+02 1.310961e+02 4.973949e+00 6.012176e-07 -1.374012e-06 -2.604720e-06 0.000000e+00 0.000000e+00 0.000000e+00 
1.247790e+02 1.321604e+02 4.872682e+00 5.294564e-07 -2.177121e-06 -1.917718e-06 0.000000e+00 0.000000e+00 0.000000e+00 
1.247790e+02 1.332248e+02 4.494310e+00 4.300771e-07 -2.669646e-06 -9.547986e-07 0.000000e+00 0.000000e+00 0.000000e+00 
1.247790e+02 1.342891e+02 3.865746e+00 3.187917e-07 -2.724482e-06 1.323717e-07 0.000000e+00 0.000000e+00 0.000000e+00 
1.247790e+02 1.353535e+02 3.031700e+00 2.209100e-07 -2.357452e-06 1.099437e-06 0.000000e+00 0.000000e+00 0.000000e+00 
1.247790e+02 1.364178e+02 2.051498e+00 1.514916e-07 -1.750584e-06 1.799678e-06 0.000000e+00 0.000000e+00 0.000000e+00 
1.247790e+02 1.374822e+02 9.948617e-01 1.089666e-07 -1.078127e-06 2.245313e-06 0.000000e+00 0.000000e+00 0.000000e+00 
1.247790e+02 1.385465e+02 -6.304897e-02 8.602226e-08 -4.356148e-07 2.503344e-06 0.000000e+00 0.000000e+00 0.000000e+00 
1.247790e+02 1.396109e+02 -1.046985e+00 7.595128e-08 1.427150e-07 2.634940e-06 0.000000e+00 0.000000e+00 0.000000e+00 
1.247790e+02 1.406752e+02 -1.886958e+00 7.478259e-08 6.470722e-07 2.675242e-06 0.000000e+00 0.000000e+00 0.000000e+00 
1.247790e+02 1.417396e+02 -2.523220e+00 8.015733e-08 1.080252e-06 2.644351e-06 0.000000e+00 0.000000e+00 0.000000e+00 
1.247790e+02 1.428039e+02 -2.910514e+00 9.134893e-08 1.448037e-06 2.547325e-06 0.000000e+00 0.000000e+00 0.000000e+00 
1.247790e+02 1.438683e+02 -3.021292e+00 1.083497e-07 1.759957e-06 2.383075e-06 0.000000e+00 0.000000e+00 0.000000e+00 
1.247790e+02 1.449326e+02 -2.847674e+00 1.316588e-07 2.025513e-06 2.146484e-06 0.000000e+00 0.000000e+00 0.000000e+00 
1.247790e+02 1.459970e+02 -2.402009e+00 1.620787e-07 2.252767e-06 1.830380e-06 0.000000e+00 0.000000e+00 0.000000e+00 
1.247790e+02 1.470613e+02 -1.715998e+00 2.005178e-07 2.445657e-06 1.427398e-06 0.000000e+00 0.000000e+00 0.000000e+00 
1.247790e+02 1.481257e+02 -8.384368e-01 2.481825e-07 2.597757e-06 9.280340e-07 0.000000e+00 0.000000e+00 0.000000e+00 
1.247790e+02 1.491900e+02 1.682530e-01 3.062149e-07 2.691013e-06 3.239665e-07 0.000000e+00 0.000000e+00 0.000000e+00 
