# 1 , 2 , 3 , 4      , 5      , 6      , 7      , 8      , 9        
# xm, ym, zm, IGRF_In, IGRF_Ic, IGRF_Dc, In_siB0, Ic_siB0, Dc_siB0  
1.247790e+02 1.002300e+02 1.208033e+00 4.518274e-05 5.346856e+01 3.327694e+00 4.715803e-05 5.108425e+01 3.794022e+00 
1.247790e+02 1.012943e+02 2.255333e+00 4.518274e-05 5.346856e+01 3.327694e+00 4.767911e-05 5.185718e+01 3.970880e+00 
1.247790e+02 1.023587e+02 3.211699e+00 4.518274e-05 5.346856e+01 3.327694e+00 4.805646e-05 5.289642e+01 4.195826e+00 
1.247790e+02 1.034230e+02 4.009106e+00 4.518274e-05 5.346856e+01 3.327694e+00 4.812119e-05 5.414022e+01 4.450373e+00 
1.247790e+02 1.044874e+02 4.590834e+00 4.518274e-05 5.346856e+01 3.327694e+00 4.776108e-05 5.537106e+01 4.682837e+00 
1.247790e+02 1.055517e+02 4.915504e+00 4.518274e-05 5.346856e+01 3.327694e+00 4.703997e-05 5.633829e+01 4.836943e+00 
1.247790e+02 1.066161e+02 4.960022e+00 4.518274e-05 5.346856e+01 3.327694e+00 4.609783e-05 5.692703e+01 4.887601e+00 
1.247790e+02 1.076804e+02 4.721222e+00 4.518274e-05 5.346856e+01 3.327694e+00 4.503274e-05 5.706594e+01 4.819588e+00 
1.247790e+02 1.087448e+02 4.216089e+00 4.518274e-05 5.346856e+01 3.327694e+00 4.398823e-05 5.664495e+01 4.621959e+00 
1.247790e+02 1.098091e+02 3.480554e+00 4.518274e-05 5.346856e+01 3.327694e+00 4.319616e-05 5.569806e+01 4.337712e+00 
1.247790e+02 1.108735e+02 2.566936e+00 4.518274e-05 5.346856e+01 3.327694e+00 4.279114e-05 5.450361e+01 4.054073e+00 
1.247790e+02 1.119378e+02 1.540221e+00 4.518274e-05 5.346856e+01 3.327694e+00 4.271224e-05 5.334900e+01 3.825501e+00 
1.247790e+02 1.130022e+02 4.734399e-01 4.518274e-05 5.346856e+01 3.327694e+00 4.283525e-05 5.236223e+01 3.658482e+00 
1.247790e+02 1.140665e+02 -5.575273e-01 4.518274e-05 5.346856e+01 3.327694e+00 4.306020e-05 5.156261e+01 3.540629e+00 
1.247790e+02 1.151309e+02 -1.479347e+00 4.518274e-05 5.346856e+01 3.327694e+00 4.333273e-05 5.093136e+01 3.459117e+00 
1.247790e+02 1.161952e+02 -2.226450e+00 4.518274e-05 5.346856e+01 3.327694e+00 4.362440e-05 5.044889e+01 3.405220e+00 
1.247790e+02 1.172596e+02 -2.745694e+00 4.518274e-05 5.346856e+01 3.327694e+00 4.392814e-05 5.009771e+01 3.373652e+00 
1.247790e+02 1.183239e+02 -3.000146e+00 4.518274e-05 5.346856e+01 3.327694e+00 4.424501e-05 4.986589e+01 3.361512e+00 
1.247790e+02 1.193883e+02 -2.971705e+00 4.518274e-05 5.346856e+01 3.327694e+00 4.458307e-05 4.974478e+01 3.367542e+00 
1.247790e+02 1.204526e+02 -2.662395e+00 4.518274e-05 5.346856e+01 3.327694e+00 4.495248e-05 4.972810e+01 3.391441e+00 
1.247790e+02 1.215170e+02 -2.094218e+00 4.518274e-05 5.346856e+01 3.327694e+00 4.536268e-05 4.981359e+01 3.433861e+00 
1.247790e+02 1.225813e+02 -1.307588e+00 4.518274e-05 5.346856e+01 3.327694e+00 4.582137e-05 5.000475e+01 3.496640e+00 
1.247790e+02 1.236457e+02 -3.584581e-01 4.518274e-05 5.346856e+01 3.327694e+00 4.632717e-05 5.031553e+01 3.583120e+00 
1.247790e+02 1.247100e+02 6.856592e-01 4.518274e-05 5.346856e+01 3.327694e+00 4.687083e-05 5.077662e+01 3.699665e+00 
1.247790e+02 1.257743e+02 1.750496e+00 4.518274e-05 5.346856e+01 3.327694e+00 4.741550e-05 5.143606e+01 3.854841e+00 
1.247790e+02 1.268387e+02 2.760309e+00 4.518274e-05 5.346856e+01 3.327694e+00 4.788160e-05 5.234663e+01 4.056915e+00 
1.247790e+02 1.279030e+02 3.643270e+00 4.518274e-05 5.346856e+01 3.327694e+00 4.811920e-05 5.351084e+01 4.301388e+00 
1.247790e+02 1.289674e+02 4.336574e+00 4.518274e-05 5.346856e+01 3.327694e+00 4.797020e-05 5.478602e+01 4.552427e+00 
1.247790e+02 1.300317e+02 4.790906e+00 4.518274e-05 5.346856e+01 3.327694e+00 4.740780e-05 5.590812e+01 4.749424e+00 
1.247790e+02 1.310961e+02 4.973949e+00 4.518274e-05 5.346856e+01 3.327694e+00 4.655897e-05 5.669123e+01 4.851615e+00 
1.247790e+02 1.321604e+02 4.872682e+00 4.518274e-05 5.346856e+01 3.327694e+00 4.554302e-05 5.706434e+01 4.843329e+00 
1.247790e+02 1.332248e+02 4.494310e+00 4.518274e-05 5.346856e+01 3.327694e+00 4.446363e-05 5.692948e+01 4.707685e+00 
1.247790e+02 1.342891e+02 3.865746e+00 4.518274e-05 5.346856e+01 3.327694e+00 4.352125e-05 5.621857e+01 4.455739e+00 
1.247790e+02 1.353535e+02 3.031700e+00 4.518274e-05 5.346856e+01 3.327694e+00 4.292501e-05 5.510288e+01 4.161532e+00 
1.247790e+02 1.364178e+02 2.051498e+00 4.518274e-05 5.346856e+01 3.327694e+00 4.270357e-05 5.390449e+01 3.903555e+00 
1.247790e+02 1.374822e+02 9.948617e-01 4.518274e-05 5.346856e+01 3.327694e+00 4.274464e-05 5.282884e+01 3.707870e+00 
1.247790e+02 1.385465e+02 -6.304897e-02 4.518274e-05 5.346856e+01 3.327694e+00 4.293074e-05 5.194037e+01 3.568349e+00 
1.247790e+02 1.396109e+02 -1.046985e+00 4.518274e-05 5.346856e+01 3.327694e+00 4.318591e-05 5.123037e+01 3.470790e+00 
1.247790e+02 1.406752e+02 -1.886958e+00 4.518274e-05 5.346856e+01 3.327694e+00 4.347171e-05 5.067982e+01 3.404854e+00 
1.247790e+02 1.417396e+02 -2.523220e+00 4.518274e-05 5.346856e+01 3.327694e+00 4.377095e-05 5.026722e+01 3.363156e+00 
1.247790e+02 1.428039e+02 -2.910514e+00 4.518274e-05 5.346856e+01 3.327694e+00 4.408123e-05 4.998018e+01 3.342128e+00 
1.247790e+02 1.438683e+02 -3.021292e+00 4.518274e-05 5.346856e+01 3.327694e+00 4.440809e-05 4.980780e+01 3.339704e+00 
1.247790e+02 1.449326e+02 -2.847674e+00 4.518274e-05 5.346856e+01 3.327694e+00 4.476081e-05 4.974269e+01 3.355153e+00 
1.247790e+02 1.459970e+02 -2.402009e+00 4.518274e-05 5.346856e+01 3.327694e+00 4.514982e-05 4.978048e+01 3.388696e+00 
1.247790e+02 1.470613e+02 -1.715998e+00 4.518274e-05 5.346856e+01 3.327694e+00 4.558347e-05 4.992055e+01 3.441348e+00 
1.247790e+02 1.481257e+02 -8.384368e-01 4.518274e-05 5.346856e+01 3.327694e+00 4.606562e-05 5.017321e+01 3.516015e+00 
1.247790e+02 1.491900e+02 1.682530e-01 4.518274e-05 5.346856e+01 3.327694e+00 4.659251e-05 5.055767e+01 3.617064e+00 
