# 1    , 2      , 3      , 4      , 5      , 6      , 7       
# dmeas, Bx_siB0, By_siB0, Bz_siB0, In_siB0, Ic_siB0, Dc_siB0 
0.000000e+00 2.749856e-05 9.862346e-07 3.644858e-05 4.566883e-05 5.294964e+01 2.054030e+00 
1.090559e+00 2.796586e-05 6.524060e-07 3.587616e-05 4.549301e-05 5.205563e+01 1.336391e+00 
2.037298e+00 2.815017e-05 1.041948e-06 3.556910e-05 4.537266e-05 5.162204e+01 2.119773e+00 
2.744749e+00 2.839485e-05 1.196175e-06 3.565989e-05 4.559963e-05 5.144604e+01 2.412243e+00 
3.122872e+00 2.838336e-05 1.224672e-06 3.555721e-05 4.551296e-05 5.137558e+01 2.470639e+00 
3.890654e+00 2.827075e-05 1.515515e-06 3.517273e-05 4.515144e-05 5.116861e+01 3.068528e+00 
4.403181e+00 2.834949e-05 1.925717e-06 3.549042e-05 4.546396e-05 5.131807e+01 3.886004e+00 
5.173602e+00 2.845368e-05 1.975421e-06 3.572107e-05 4.571115e-05 5.139372e+01 3.971436e+00 
6.314293e+00 2.855901e-05 1.880996e-06 3.586512e-05 4.588531e-05 5.140963e+01 3.768259e+00 
7.179095e+00 2.858797e-05 1.871533e-06 3.598702e-05 4.599826e-05 5.147681e+01 3.745568e+00 
8.027180e+00 2.865563e-05 1.888356e-06 3.607489e-05 4.610975e-05 5.147810e+01 3.770239e+00 
9.181979e+00 2.871216e-05 1.850978e-06 3.638816e-05 4.638871e-05 5.166692e+01 3.688565e+00 
9.899709e+00 2.870320e-05 1.760566e-06 3.632813e-05 4.633256e-05 5.163506e+01 3.509949e+00 
1.080703e+01 2.869412e-05 1.722930e-06 3.639481e-05 4.637783e-05 5.169718e+01 3.436183e+00 
1.161781e+01 2.861585e-05 1.688779e-06 3.630225e-05 4.625551e-05 5.170403e+01 3.377423e+00 
1.242462e+01 2.839148e-05 1.700563e-06 3.629413e-05 4.611108e-05 5.191552e+01 3.427747e+00 
1.293065e+01 2.833499e-05 1.684583e-06 3.621957e-05 4.601702e-05 5.191446e+01 3.402367e+00 
1.349414e+01 2.829593e-05 1.677134e-06 3.608858e-05 4.588963e-05 5.185232e+01 3.392022e+00 
1.443737e+01 2.812240e-05 1.852704e-06 3.565310e-05 4.544717e-05 5.167404e+01 3.769201e+00 
1.552750e+01 2.824044e-05 2.524892e-06 3.600834e-05 4.583119e-05 5.178299e+01 5.109058e+00 
1.648484e+01 2.829414e-05 2.649271e-06 3.628329e-05 4.608746e-05 5.193115e+01 5.349192e+00 
1.705938e+01 2.831788e-05 2.728771e-06 3.646148e-05 4.624703e-05 5.203689e+01 5.504149e+00 
1.821874e+01 2.834950e-05 2.746188e-06 3.692030e-05 4.662987e-05 5.235158e+01 5.532923e+00 
1.905137e+01 2.847190e-05 2.748315e-06 3.738766e-05 4.707482e-05 5.258143e+01 5.513525e+00 
1.938438e+01 2.857018e-05 2.674436e-06 3.769139e-05 4.737139e-05 5.271738e+01 5.347837e+00 
2.019496e+01 2.868121e-05 1.226951e-06 3.796763e-05 4.759893e-05 5.290696e+01 2.449557e+00 
2.110258e+01 2.850555e-05 8.852023e-07 3.722771e-05 4.689619e-05 5.254511e+01 1.778674e+00 
2.207083e+01 2.864572e-05 6.093280e-07 3.665543e-05 4.652493e-05 5.198657e+01 1.218565e+00 
