# 1, 2, 3, 4   , 5   , 6   , 7   , 8   , 9   , 10  
# x, y, z, Bx_si, By_si, Bz_si, In_si, Ic_si, Dc_si, dmeas 
4.993952e+05 4.171925e+06 1.820287e+03 -5.716654e-07 6.174568e-07 -2.052803e-07 8.661375e-07 1.370993e+01 -4.279472e+01 0.000000e+00 
4.993961e+05 4.171925e+06 1.819913e+03 -9.054940e-07 1.084764e-06 3.671401e-07 1.459939e-06 -1.456489e+01 -3.985306e+01 1.090559e+00 
4.993969e+05 4.171925e+06 1.819858e+03 -5.159521e-07 1.269069e-06 6.742049e-07 1.526858e-06 -2.620369e+01 -2.212467e+01 2.037298e+00 
4.993976e+05 4.171925e+06 1.819741e+03 -3.617250e-07 1.513750e-06 5.834073e-07 1.662122e-06 -2.054859e+01 -1.343935e+01 2.744749e+00 
4.993980e+05 4.171925e+06 1.819623e+03 -3.332281e-07 1.502257e-06 6.860906e-07 1.684796e-06 -2.403062e+01 -1.250675e+01 3.122872e+00 
4.993987e+05 4.171925e+06 1.819368e+03 -4.238512e-08 1.389649e-06 1.070571e-06 1.754720e-06 -3.759742e+01 -1.747014e+00 3.890654e+00 
4.993992e+05 4.171925e+06 1.819431e+03 3.678170e-07 1.468387e-06 7.528807e-07 1.690645e-06 -2.644392e+01 1.406269e+01 4.403181e+00 
4.993999e+05 4.171925e+06 1.819329e+03 4.175209e-07 1.572580e-06 5.222258e-07 1.708815e-06 -1.779468e+01 1.486903e+01 5.173602e+00 
4.994010e+05 4.171925e+06 1.819305e+03 3.230964e-07 1.677906e-06 3.781822e-07 1.750080e-06 -1.247973e+01 1.089943e+01 6.314293e+00 
4.994019e+05 4.171925e+06 1.819474e+03 3.136333e-07 1.706867e-06 2.562770e-07 1.754263e-06 -8.400295e+00 1.041184e+01 7.179095e+00 
4.994027e+05 4.171925e+06 1.819538e+03 3.304555e-07 1.774532e-06 1.684072e-07 1.812878e-06 -5.330172e+00 1.054886e+01 8.027180e+00 
4.994036e+05 4.171926e+06 1.819891e+03 2.930776e-07 1.831059e-06 -1.448606e-07 1.860015e-06 4.466801e+00 9.093577e+00 9.181979e+00 
4.994043e+05 4.171926e+06 1.819853e+03 2.026657e-07 1.822098e-06 -8.482636e-08 1.835296e-06 2.649123e+00 6.346726e+00 9.899709e+00 
4.994052e+05 4.171926e+06 1.819999e+03 1.650298e-07 1.813018e-06 -1.515069e-07 1.826807e-06 4.757313e+00 5.201012e+00 1.080703e+01 
4.994060e+05 4.171926e+06 1.819946e+03 1.308795e-07 1.734755e-06 -5.895089e-08 1.740683e-06 1.940780e+00 4.314536e+00 1.161781e+01 
4.994068e+05 4.171926e+06 1.819890e+03 1.426630e-07 1.510380e-06 -5.083000e-08 1.517954e-06 1.918957e+00 5.395865e+00 1.242462e+01 
4.994073e+05 4.171925e+06 1.819861e+03 1.266831e-07 1.453885e-06 2.372970e-08 1.459587e-06 -9.315454e-01 4.979845e+00 1.293065e+01 
4.994078e+05 4.171925e+06 1.819778e+03 1.192339e-07 1.414829e-06 1.547199e-07 1.428250e-06 -6.218961e+00 4.817184e+00 1.349414e+01 
4.994087e+05 4.171925e+06 1.819906e+03 2.948043e-07 1.241297e-06 5.901979e-07 1.405724e-06 -2.482532e+01 1.336006e+01 1.443737e+01 
4.994098e+05 4.171925e+06 1.820117e+03 9.669923e-07 1.359339e-06 2.349635e-07 1.684661e-06 -8.017309e+00 3.542689e+01 1.552750e+01 
4.994107e+05 4.171925e+06 1.820356e+03 1.091371e-06 1.413038e-06 -3.999208e-08 1.785880e-06 1.283160e+00 3.768099e+01 1.648484e+01 
4.994113e+05 4.171925e+06 1.820452e+03 1.170871e-06 1.436777e-06 -2.181848e-07 1.866245e-06 6.713868e+00 3.917760e+01 1.705938e+01 
4.994122e+05 4.171926e+06 1.820956e+03 1.188288e-06 1.468400e-06 -6.770026e-07 2.006629e-06 1.971751e+01 3.898117e+01 1.821874e+01 
4.994130e+05 4.171926e+06 1.821237e+03 1.190415e-06 1.590797e-06 -1.144358e-06 2.292876e-06 2.994002e+01 3.680801e+01 1.905137e+01 
4.994133e+05 4.171926e+06 1.821307e+03 1.116536e-06 1.689078e-06 -1.448091e-06 2.489298e-06 3.557209e+01 3.346602e+01 1.938438e+01 
4.994141e+05 4.171926e+06 1.821324e+03 -3.309492e-07 1.800113e-06 -1.724328e-06 2.514606e-06 4.329264e+01 -1.041744e+01 2.019496e+01 
4.994150e+05 4.171925e+06 1.821040e+03 -6.726977e-07 1.624447e-06 -9.844113e-07 2.015048e-06 2.924401e+01 -2.249487e+01 2.110258e+01 
4.994158e+05 4.171925e+06 1.820644e+03 -9.485720e-07 1.764617e-06 -4.121286e-07 2.045364e-06 1.162434e+01 -2.826030e+01 2.207083e+01 
