# 1, 2, 3, 4   , 5   , 6   , 7   , 8   , 9   , 10  
# x, y, z, Bx_si, By_si, Bz_si, In_si, Ic_si, Dc_si, dmeas 
4.993952e+05 4.171925e+06 1.821087e+03 -4.413242e-07 -6.145198e-08 1.423989e-06 1.492075e-06 7.262451e+01 -1.720728e+02 0.000000e+00 
4.993961e+05 4.171925e+06 1.821087e+03 -4.400486e-07 -6.417377e-08 1.426911e-06 1.494603e-06 7.269012e+01 -1.717029e+02 1.090559e+00 
4.993969e+05 4.171925e+06 1.821087e+03 -4.407251e-07 -6.596329e-08 1.426467e-06 1.494455e-06 7.265098e+01 -1.714877e+02 2.037298e+00 
4.993976e+05 4.171925e+06 1.821087e+03 -4.407336e-07 -6.771419e-08 1.427081e-06 1.495123e-06 7.264809e+01 -1.712654e+02 2.744749e+00 
4.993980e+05 4.171925e+06 1.821087e+03 -4.404362e-07 -6.873375e-08 1.427908e-06 1.495871e-06 7.266258e+01 -1.711301e+02 3.122872e+00 
4.993987e+05 4.171925e+06 1.821087e+03 -4.398089e-07 -7.081955e-08 1.429642e-06 1.497439e-06 7.269305e+01 -1.708526e+02 3.890654e+00 
4.993992e+05 4.171925e+06 1.821087e+03 -4.398893e-07 -7.205815e-08 1.429984e-06 1.497848e-06 7.268679e+01 -1.706970e+02 4.403181e+00 
4.993999e+05 4.171925e+06 1.821087e+03 -4.390141e-07 -7.412490e-08 1.432116e-06 1.499728e-06 7.273015e+01 -1.704163e+02 5.173602e+00 
4.994010e+05 4.171925e+06 1.821087e+03 -4.381883e-07 -7.732631e-08 1.434635e-06 1.502054e-06 7.276848e+01 -1.699922e+02 6.314293e+00 
4.994019e+05 4.171925e+06 1.821087e+03 -4.383279e-07 -7.945553e-08 1.435267e-06 1.502810e-06 7.275696e+01 -1.697256e+02 7.179095e+00 
4.994027e+05 4.171925e+06 1.821087e+03 -4.380050e-07 -8.182719e-08 1.436729e-06 1.504239e-06 7.276940e+01 -1.694181e+02 8.027180e+00 
4.994036e+05 4.171926e+06 1.821087e+03 -4.387150e-07 -8.419043e-08 1.436681e-06 1.504530e-06 7.272749e+01 -1.691369e+02 9.181979e+00 
4.994043e+05 4.171926e+06 1.821087e+03 -4.381052e-07 -8.630406e-08 1.438493e-06 1.506202e-06 7.275505e+01 -1.688558e+02 9.899709e+00 
4.994052e+05 4.171926e+06 1.821087e+03 -4.381394e-07 -8.868794e-08 1.439509e-06 1.507321e-06 7.274833e+01 -1.685568e+02 1.080703e+01 
4.994060e+05 4.171926e+06 1.821087e+03 -4.374020e-07 -9.113514e-08 1.441681e-06 1.509328e-06 7.278112e+01 -1.682305e+02 1.161781e+01 
4.994068e+05 4.171926e+06 1.821087e+03 -4.366244e-07 -9.360137e-08 1.443939e-06 1.511410e-06 7.281554e+01 -1.679004e+02 1.242462e+01 
4.994073e+05 4.171925e+06 1.821087e+03 -4.361445e-07 -9.516662e-08 1.445361e-06 1.512729e-06 7.283646e+01 -1.676910e+02 1.293065e+01 
4.994078e+05 4.171925e+06 1.821087e+03 -4.354016e-07 -9.685660e-08 1.447235e-06 1.514413e-06 7.287046e+01 -1.674586e+02 1.349414e+01 
4.994087e+05 4.171925e+06 1.821087e+03 -4.353179e-07 -9.952634e-08 1.448615e-06 1.515880e-06 7.286756e+01 -1.671219e+02 1.443737e+01 
4.994098e+05 4.171925e+06 1.821087e+03 -4.343523e-07 -1.030293e-07 1.451700e-06 1.518785e-06 7.290709e+01 -1.666559e+02 1.552750e+01 
4.994107e+05 4.171925e+06 1.821087e+03 -4.335858e-07 -1.061518e-07 1.454336e-06 1.521302e-06 7.293676e+01 -1.662433e+02 1.648484e+01 
4.994113e+05 4.171925e+06 1.821087e+03 -4.329306e-07 -1.080447e-07 1.456223e-06 1.523053e-06 7.296414e+01 -1.659872e+02 1.705938e+01 
4.994122e+05 4.171926e+06 1.821087e+03 -4.335632e-07 -1.106478e-07 1.456622e-06 1.523800e-06 7.292357e+01 -1.656834e+02 1.821874e+01 
4.994130e+05 4.171926e+06 1.821087e+03 -4.332803e-07 -1.132931e-07 1.458384e-06 1.525598e-06 7.292908e+01 -1.653465e+02 1.905137e+01 
4.994133e+05 4.171926e+06 1.821087e+03 -4.329436e-07 -1.144396e-07 1.459449e-06 1.526606e-06 7.294204e+01 -1.651937e+02 1.938438e+01 
4.994141e+05 4.171926e+06 1.821087e+03 -4.321138e-07 -1.172607e-07 1.462082e-06 1.529103e-06 7.297355e+01 -1.648175e+02 2.019496e+01 
4.994150e+05 4.171925e+06 1.821087e+03 -4.310312e-07 -1.204510e-07 1.465281e-06 1.532105e-06 7.301562e+01 -1.643871e+02 2.110258e+01 
4.994158e+05 4.171925e+06 1.821087e+03 -4.295133e-07 -1.236420e-07 1.469134e-06 1.535618e-06 7.307864e+01 -1.639407e+02 2.207083e+01 
