# 1      , 2      , 3      , 4    , 5     , 6      , 7      , 8      ,                    9              , 10  , 11  , 12  , 13    , 14      
# IGRF_In, IGRF_Ic, IGRF_Dc, dmeas, height, In_siB0, Ic_siB0, Dc_siB0,                    height m (-poh), In_m, Ic_m, Dc_m, min hP, max hP  
4.515083e-05 5.339026e+01 3.316879e+00 0.000000e+00 1.820287e+03 4.566883e-05 5.294964e+01 2.054030e+00 1.821500e+03 4.396372e+01 5.478696e+01 4.004472e-01 1.819305e+03 1.821324e+03 
4.515083e-05 5.339026e+01 3.316879e+00 1.090559e+00 1.819913e+03 4.549301e-05 5.205563e+01 1.336391e+00 1.821000e+03 4.512345e+01 5.392637e+01 9.968558e-01 1.819305e+03 1.821324e+03 
4.515083e-05 5.339026e+01 3.316879e+00 2.037298e+00 1.819858e+03 4.537266e-05 5.162204e+01 2.119773e+00 1.820600e+03 4.385386e+01 5.345740e+01 -9.208671e+00 1.819305e+03 1.821324e+03 
4.515083e-05 5.339026e+01 3.316879e+00 2.744749e+00 1.819741e+03 4.559963e-05 5.144604e+01 2.412243e+00 1.820200e+03 4.317284e+01 5.204019e+01 -7.576852e+00 1.819305e+03 1.821324e+03 
4.515083e-05 5.339026e+01 3.316879e+00 3.122872e+00 1.819623e+03 4.551296e-05 5.137558e+01 2.470639e+00 1.819700e+03 4.171480e+01 5.136159e+01 -6.619600e+00 1.819305e+03 1.821324e+03 
4.515083e-05 5.339026e+01 3.316879e+00 3.890654e+00 1.819368e+03 4.515144e-05 5.116861e+01 3.068528e+00 1.819000e+03 3.983302e+01 5.093796e+01 6.136627e-01 1.819305e+03 1.821324e+03 
4.515083e-05 5.339026e+01 3.316879e+00 4.403181e+00 1.819431e+03 4.546396e-05 5.131807e+01 3.886004e+00 1.818600e+03 4.079745e+01 4.970535e+01 3.093250e+00 1.819305e+03 1.821324e+03 
4.515083e-05 5.339026e+01 3.316879e+00 5.173602e+00 1.819329e+03 4.571115e-05 5.139372e+01 3.971436e+00 1.817900e+03 4.288260e+01 4.729726e+01 3.951670e+00 1.819305e+03 1.821324e+03 
4.515083e-05 5.339026e+01 3.316879e+00 6.314293e+00 1.819305e+03 4.588531e-05 5.140963e+01 3.768259e+00 1.817600e+03 4.368301e+01 4.663883e+01 1.707497e+00 1.819305e+03 1.821324e+03 
4.515083e-05 5.339026e+01 3.316879e+00 7.179095e+00 1.819474e+03 4.599826e-05 5.147681e+01 3.745568e+00 1.817600e+03 4.636921e+01 5.041568e+01 3.266557e+00 1.819305e+03 1.821324e+03 
4.515083e-05 5.339026e+01 3.316879e+00 8.027180e+00 1.819538e+03 4.610975e-05 5.147810e+01 3.770239e+00 1.817800e+03 4.716459e+01 4.967498e+01 4.516261e+00 1.819305e+03 1.821324e+03 
4.515083e-05 5.339026e+01 3.316879e+00 9.181979e+00 1.819891e+03 4.638871e-05 5.166692e+01 3.688565e+00 1.817500e+03 4.329795e+01 4.770126e+01 -6.818858e+00 1.819305e+03 1.821324e+03 
4.515083e-05 5.339026e+01 3.316879e+00 9.899709e+00 1.819853e+03 4.633256e-05 5.163506e+01 3.509949e+00 1.816900e+03 4.157860e+01 4.945562e+01 -2.453025e+00 1.819305e+03 1.821324e+03 
4.515083e-05 5.339026e+01 3.316879e+00 1.080703e+01 1.819999e+03 4.637783e-05 5.169718e+01 3.436183e+00 1.816600e+03 3.977846e+01 4.937665e+01 -2.644652e-01 1.819305e+03 1.821324e+03 
4.515083e-05 5.339026e+01 3.316879e+00 1.161781e+01 1.819946e+03 4.625551e-05 5.170403e+01 3.377423e+00 1.816700e+03 3.778214e+01 4.893234e+01 2.640429e+00 1.819305e+03 1.821324e+03 
4.515083e-05 5.339026e+01 3.316879e+00 1.242462e+01 1.819890e+03 4.611108e-05 5.191552e+01 3.427747e+00 1.817200e+03 3.842723e+01 4.858965e+01 7.345896e+00 1.819305e+03 1.821324e+03 
4.515083e-05 5.339026e+01 3.316879e+00 1.293065e+01 1.819861e+03 4.601702e-05 5.191446e+01 3.402367e+00 1.817900e+03 4.271514e+01 5.146562e+01 1.129168e+01 1.819305e+03 1.821324e+03 
4.515083e-05 5.339026e+01 3.316879e+00 1.349414e+01 1.819778e+03 4.588963e-05 5.185232e+01 3.392022e+00 1.818600e+03 4.512248e+01 4.832181e+01 5.933754e+00 1.819305e+03 1.821324e+03 
4.515083e-05 5.339026e+01 3.316879e+00 1.443737e+01 1.819906e+03 4.544717e-05 5.167404e+01 3.769201e+00 1.819100e+03 4.436273e+01 5.157842e+01 1.518183e+00 1.819305e+03 1.821324e+03 
4.515083e-05 5.339026e+01 3.316879e+00 1.552750e+01 1.820117e+03 4.583119e-05 5.178299e+01 5.109058e+00 1.819600e+03 4.407438e+01 5.124903e+01 2.931003e+00 1.819305e+03 1.821324e+03 
4.515083e-05 5.339026e+01 3.316879e+00 1.648484e+01 1.820356e+03 4.608746e-05 5.193115e+01 5.349192e+00 1.819800e+03 4.315532e+01 5.340872e+01 4.039520e+00 1.819305e+03 1.821324e+03 
4.515083e-05 5.339026e+01 3.316879e+00 1.705938e+01 1.820452e+03 4.624703e-05 5.203689e+01 5.504149e+00 1.820000e+03 4.221718e+01 5.295409e+01 -8.206389e-01 1.819305e+03 1.821324e+03 
4.515083e-05 5.339026e+01 3.316879e+00 1.821874e+01 1.820956e+03 4.662987e-05 5.235158e+01 5.532923e+00 1.820500e+03 4.323177e+01 4.922437e+01 4.541647e+00 1.819305e+03 1.821324e+03 
4.515083e-05 5.339026e+01 3.316879e+00 1.905137e+01 1.821237e+03 4.707482e-05 5.258143e+01 5.513525e+00 1.821200e+03 4.053574e+01 4.631167e+01 8.192114e+00 1.819305e+03 1.821324e+03 
4.515083e-05 5.339026e+01 3.316879e+00 1.938438e+01 1.821307e+03 4.737139e-05 5.271738e+01 5.347837e+00 1.821900e+03 4.400347e+01 5.221217e+01 1.037320e+01 1.819305e+03 1.821324e+03 
4.515083e-05 5.339026e+01 3.316879e+00 2.019496e+01 1.821324e+03 4.759893e-05 5.290696e+01 2.449557e+00 1.821800e+03 4.726082e+01 5.343062e+01 8.001673e+00 1.819305e+03 1.821324e+03 
4.515083e-05 5.339026e+01 3.316879e+00 2.110258e+01 1.821040e+03 4.689619e-05 5.254511e+01 1.778674e+00 1.821400e+03 4.493886e+01 5.218989e+01 3.124599e+00 1.819305e+03 1.821324e+03 
4.515083e-05 5.339026e+01 3.316879e+00 2.207083e+01 1.820644e+03 4.652493e-05 5.198657e+01 1.218565e+00 1.821100e+03 5.039114e+01 5.515281e+01 7.288438e+00 1.819305e+03 1.821324e+03 
