# 1, 2, 3, 4   , 5   , 6   , 7   , 8   , 9   , 10  
# x, y, z, Bx_si, By_si, Bz_si, In_si, Ic_si, Dc_si, dmeas 
5.053600e+05 4.183132e+06 1.556266e+03 -1.648306e-06 -1.862363e-06 -3.743768e-07 2.515049e-06 8.560561e+00 -1.384892e+02 0.000000e+00 
5.053607e+05 4.183134e+06 1.555682e+03 -1.925335e-06 -1.240196e-06 -1.169211e-06 2.571392e-06 2.704562e+01 -1.227874e+02 2.157064e+00 
5.053605e+05 4.183136e+06 1.555524e+03 -1.623858e-06 -1.533475e-06 2.053130e-07 2.242903e-06 -5.252148e+00 -1.333603e+02 4.009790e+00 
5.053603e+05 4.183139e+06 1.555228e+03 -1.398074e-06 -1.574384e-07 -1.665686e-06 2.180346e-06 4.981413e+01 -9.642506e+01 6.432482e+00 
5.053594e+05 4.183143e+06 1.554987e+03 -9.467436e-07 -3.065706e-06 -5.288241e-07 3.251850e-06 9.359149e+00 -1.628384e+02 1.060382e+01 
5.053599e+05 4.183145e+06 1.553799e+03 -9.643484e-08 -3.493086e-06 1.831270e-06 3.945187e-06 -2.765705e+01 -1.784186e+02 1.279858e+01 
5.053622e+05 4.183147e+06 1.552447e+03 5.896517e-08 -3.418518e-06 1.585470e-06 3.768747e-06 -2.487808e+01 1.790118e+02 1.570972e+01 
5.053634e+05 4.183149e+06 1.551012e+03 -8.472457e-07 -1.577538e-06 1.764388e-06 2.513865e-06 -4.457663e+01 -1.517612e+02 1.871373e+01 
5.053652e+05 4.183154e+06 1.548554e+03 -2.633977e-08 -6.829497e-07 1.922046e-06 2.039944e-06 -7.042519e+01 -1.777913e+02 2.378995e+01 
5.053655e+05 4.183155e+06 1.548130e+03 -2.665357e-07 -4.375507e-07 3.130880e-06 3.172523e-06 -8.070644e+01 -1.486522e+02 2.482539e+01 
5.053652e+05 4.183156e+06 1.547834e+03 -4.684876e-07 -2.472478e-08 3.138306e-06 3.173178e-06 -8.149792e+01 -9.302102e+01 2.569447e+01 
5.053662e+05 4.183159e+06 1.546610e+03 2.797391e-07 1.258394e-07 3.067089e-06 3.082390e-06 -8.428883e+01 6.577961e+01 2.920594e+01 
5.053677e+05 4.183162e+06 1.545895e+03 -3.600729e-07 -1.302547e-06 2.062084e-06 2.465456e-06 -5.676092e+01 -1.645472e+02 3.250502e+01 
5.053688e+05 4.183164e+06 1.545507e+03 -1.086290e-06 5.840767e-08 2.156021e-06 2.414925e-06 -6.322595e+01 -8.692228e+01 3.440177e+01 
5.053695e+05 4.183165e+06 1.545133e+03 -5.401518e-07 -1.142129e-07 1.921990e-06 1.999714e-06 -7.397320e+01 -1.019391e+02 3.600708e+01 
5.053702e+05 4.183167e+06 1.544676e+03 -3.186867e-07 -1.126232e-06 1.757555e-06 2.111625e-06 -5.633816e+01 -1.642002e+02 3.806029e+01 
5.053715e+05 4.183169e+06 1.544287e+03 -6.423843e-07 2.616905e-06 1.053509e-06 2.893222e-06 -2.135406e+01 -1.379196e+01 4.012339e+01 
5.053725e+05 4.183170e+06 1.544040e+03 2.465879e-07 9.298432e-07 2.803717e-06 2.964160e-06 -7.106237e+01 1.485256e+01 4.206202e+01 
5.053731e+05 4.183172e+06 1.543803e+03 -6.358766e-07 5.656245e-07 1.668098e-06 1.872651e-06 -6.296995e+01 -4.834629e+01 4.396952e+01 
5.053732e+05 4.183175e+06 1.543597e+03 3.576477e-07 5.701663e-07 2.948779e-06 3.024615e-06 -7.714259e+01 3.209878e+01 4.625121e+01 
5.053734e+05 4.183177e+06 1.543383e+03 -8.668645e-07 -1.769497e-07 2.744158e-06 2.883256e-06 -7.213023e+01 -1.015371e+02 4.892883e+01 
5.053739e+05 4.183179e+06 1.543261e+03 -1.435699e-06 1.270484e-06 2.192819e-06 2.912699e-06 -4.883767e+01 -4.849363e+01 5.087570e+01 
5.053738e+05 4.183181e+06 1.543507e+03 -1.678429e-06 1.078242e-06 1.813742e-06 2.696180e-06 -4.227640e+01 -5.728286e+01 5.302838e+01 
5.053744e+05 4.183183e+06 1.543641e+03 -5.965350e-07 1.744066e-06 1.137619e-06 2.166055e-06 -3.168192e+01 -1.888259e+01 5.487540e+01 
5.053749e+05 4.183185e+06 1.544288e+03 2.924071e-06 2.402402e-06 -1.839638e-06 4.207849e-06 2.592485e+01 5.059364e+01 5.719304e+01 
5.053746e+05 4.183188e+06 1.545109e+03 5.533377e-07 -4.532025e-07 -2.189321e-06 2.303193e-06 7.190793e+01 1.293187e+02 5.955443e+01 
5.053744e+05 4.183189e+06 1.545241e+03 -1.886102e-07 -6.776556e-07 -1.059101e-06 1.271411e-06 5.640944e+01 -1.644467e+02 6.111958e+01 
5.053745e+05 4.183191e+06 1.544877e+03 -4.964500e-07 -6.523374e-07 1.281767e-07 8.297204e-07 -8.886745e+00 -1.427277e+02 6.319502e+01 
5.053749e+05 4.183193e+06 1.544620e+03 -1.718502e-07 -1.822362e-06 6.367831e-07 1.938047e-06 -1.918197e+01 -1.746129e+02 6.455714e+01 
5.053752e+05 4.183194e+06 1.544292e+03 -5.203056e-07 -1.348109e-06 2.365046e-06 2.771562e-06 -5.857527e+01 -1.588958e+02 6.593101e+01 
5.053762e+05 4.183195e+06 1.543874e+03 -2.414431e-07 -6.333867e-07 -2.490823e-06 2.581409e-06 7.477637e+01 -1.591335e+02 6.749700e+01 
5.053759e+05 4.183197e+06 1.543386e+03 1.399202e-07 -9.244910e-07 1.837142e-06 2.061396e-06 -6.302603e+01 1.713937e+02 6.929172e+01 
5.053759e+05 4.183198e+06 1.542951e+03 -1.334244e-07 4.260210e-07 1.787688e-06 1.842587e-06 -7.597873e+01 -1.738989e+01 7.093375e+01 
5.053764e+05 4.183200e+06 1.542931e+03 2.401646e-07 3.086503e-06 -3.293560e-06 4.520145e-06 4.677252e+01 4.449291e+00 7.262516e+01 
5.053772e+05 4.183202e+06 1.542915e+03 2.877644e-07 1.611696e-06 1.689754e-06 2.352794e-06 -4.590527e+01 1.012335e+01 7.492696e+01 
5.053775e+05 4.183204e+06 1.542831e+03 3.788792e-07 1.065194e-07 2.398095e-06 2.430176e-06 -8.067987e+01 7.429702e+01 7.718037e+01 
5.053783e+05 4.183207e+06 1.542659e+03 -1.911865e-07 -4.859202e-07 1.672413e-06 1.752038e-06 -7.266003e+01 -1.585227e+02 7.948909e+01 
5.053792e+05 4.183208e+06 1.542506e+03 -7.626275e-07 4.495836e-07 1.681316e-06 1.900145e-06 -6.223132e+01 -5.947983e+01 8.102207e+01 
5.053796e+05 4.183210e+06 1.542444e+03 -7.779859e-07 7.958104e-07 1.955974e-06 2.250425e-06 -6.036092e+01 -4.435111e+01 8.324161e+01 
5.053800e+05 4.183212e+06 1.542390e+03 -9.859962e-07 1.535431e-06 2.150955e-06 2.820699e-06 -4.969048e+01 -3.270705e+01 8.494116e+01 
5.053812e+05 4.183213e+06 1.542215e+03 -8.306210e-07 2.003762e-06 1.373118e-06 2.567187e-06 -3.233528e+01 -2.251551e+01 8.694708e+01 
5.053813e+05 4.183215e+06 1.542490e+03 -7.517143e-07 1.455435e-06 2.532689e-06 3.016269e-06 -5.710593e+01 -2.731580e+01 8.905913e+01 
5.053809e+05 4.183218e+06 1.542880e+03 -1.067202e-06 2.155597e-06 1.099446e-06 2.644674e-06 -2.456472e+01 -2.633928e+01 9.124541e+01 
5.053820e+05 4.183220e+06 1.543012e+03 -8.489799e-07 1.378066e-06 1.047641e-06 1.928052e-06 -3.291319e+01 -3.163582e+01 9.347366e+01 
5.053823e+05 4.183222e+06 1.543457e+03 -1.999150e-06 1.278823e-07 -1.173433e-06 2.321615e-06 3.036043e+01 -8.633987e+01 9.565355e+01 
5.053829e+05 4.183223e+06 1.543570e+03 -9.234491e-07 1.187304e-06 -4.286021e-08 1.504754e-06 1.632188e+00 -3.787470e+01 9.679860e+01 
5.053828e+05 4.183225e+06 1.543560e+03 9.614969e-08 -1.498966e-07 1.431320e-06 1.442356e-06 -8.290776e+01 1.473223e+02 9.879789e+01 
5.053840e+05 4.183226e+06 1.543365e+03 1.071963e-06 -3.230015e-07 1.378417e-06 1.775800e-06 -5.091603e+01 1.067685e+02 1.007518e+02 
5.053867e+05 4.183227e+06 1.543354e+03 6.401913e-07 1.220901e-06 9.398317e-07 1.668451e-06 -3.428404e+01 2.767070e+01 1.035650e+02 
5.053884e+05 4.183228e+06 1.543513e+03 -3.103117e-07 1.466539e-06 6.408919e-07 1.630267e-06 -2.314882e+01 -1.194726e+01 1.056521e+02 
5.053895e+05 4.183229e+06 1.543841e+03 -5.738675e-07 2.080049e-06 -1.609241e-07 2.163752e-06 4.265180e+00 -1.542372e+01 1.073063e+02 
5.053907e+05 4.183230e+06 1.543947e+03 -2.553825e-07 1.815124e-06 3.818367e-09 1.833006e-06 -1.193539e-01 -8.008773e+00 1.086161e+02 
5.053924e+05 4.183231e+06 1.544195e+03 -3.883672e-06 1.658799e-06 -2.655022e-06 4.988353e-06 3.215722e+01 -6.687164e+01 1.106090e+02 
5.053927e+05 4.183232e+06 1.544448e+03 -7.315373e-07 1.823993e-06 -1.064446e-06 2.234982e-06 2.844183e+01 -2.185393e+01 1.117330e+02 
5.053928e+05 4.183234e+06 1.544864e+03 -4.012236e-07 1.998482e-06 -9.561366e-07 2.251468e-06 2.512994e+01 -1.135203e+01 1.133783e+02 
5.053956e+05 4.183235e+06 1.545085e+03 -7.451330e-07 1.800337e-06 -1.803051e-06 2.654700e-06 4.278054e+01 -2.248394e+01 1.164429e+02 
5.053947e+05 4.183236e+06 1.545647e+03 9.082491e-09 1.360857e-06 -3.184557e-06 3.463152e-06 6.686106e+01 3.823918e-01 1.182755e+02 
5.053957e+05 4.183238e+06 1.545878e+03 -1.725176e-06 9.974839e-07 -1.970564e-06 2.802557e-06 4.467871e+01 -5.996382e+01 1.200628e+02 
5.053971e+05 4.183239e+06 1.545694e+03 -1.412326e-06 -9.013636e-07 -8.367438e-07 1.872768e-06 2.653825e+01 -1.225465e+02 1.217589e+02 
5.053976e+05 4.183241e+06 1.545508e+03 -8.304637e-07 -4.932188e-07 -4.370050e-07 1.060145e-06 2.434389e+01 -1.207064e+02 1.236359e+02 
5.053998e+05 4.183241e+06 1.545113e+03 -1.608405e-06 -2.884659e-07 2.688515e-08 1.634289e-06 -9.425966e-01 -1.001678e+02 1.259096e+02 
5.054001e+05 4.183243e+06 1.545001e+03 -1.359476e-06 -9.447622e-07 -2.076567e-07 1.668494e-06 7.149430e+00 -1.247972e+02 1.277039e+02 
5.054007e+05 4.183245e+06 1.544738e+03 -1.388096e-06 -7.142920e-07 -9.762506e-07 1.841219e-06 3.202029e+01 -1.172296e+02 1.303288e+02 
5.054011e+05 4.183247e+06 1.544486e+03 -1.823461e-06 -8.735580e-07 5.337357e-07 2.091169e-06 -1.478740e+01 -1.155975e+02 1.319264e+02 
5.054014e+05 4.183249e+06 1.544235e+03 -1.452614e-06 -1.268122e-06 1.231628e-06 2.288041e-06 -3.256728e+01 -1.311207e+02 1.337913e+02 
5.054015e+05 4.183250e+06 1.543927e+03 -7.877367e-07 -5.471942e-07 2.602376e-06 2.773502e-06 -6.976796e+01 -1.247854e+02 1.352497e+02 
5.054019e+05 4.183252e+06 1.543481e+03 -8.786390e-07 -3.370822e-06 2.026747e-06 4.030155e-06 -3.019175e+01 -1.653904e+02 1.369434e+02 
5.054018e+05 4.183253e+06 1.543222e+03 -2.431853e-07 -9.875206e-07 3.998909e-06 4.126210e-06 -7.573076e+01 -1.661657e+02 1.385889e+02 
5.054013e+05 4.183255e+06 1.543092e+03 -1.617045e-06 9.175375e-07 -5.061093e-07 1.926877e-06 1.522782e+01 -6.042872e+01 1.402659e+02 
5.054023e+05 4.183257e+06 1.542552e+03 -1.885043e-07 4.398935e-07 2.835499e-06 2.875603e-06 -8.041979e+01 -2.319623e+01 1.425849e+02 
5.054023e+05 4.183259e+06 1.542437e+03 -3.523031e-08 2.294721e-06 3.451738e-06 4.145055e-06 -5.638086e+01 -8.795795e-01 1.441713e+02 
5.054034e+05 4.183260e+06 1.542767e+03 1.660558e-06 2.431057e-06 2.530089e-06 3.881860e-06 -4.067536e+01 3.433542e+01 1.459531e+02 
5.054041e+05 4.183261e+06 1.542986e+03 6.743054e-07 2.890516e-06 1.795891e-06 3.469149e-06 -3.117641e+01 1.313123e+01 1.469585e+02 
5.054049e+05 4.183262e+06 1.543562e+03 5.528591e-08 3.518400e-06 1.905177e-06 4.001486e-06 -2.843212e+01 9.002356e-01 1.487142e+02 
5.054068e+05 4.183263e+06 1.544059e+03 2.567509e-07 4.471245e-06 8.461772e-07 4.557847e-06 -1.069920e+01 3.286469e+00 1.508990e+02 
5.054097e+05 4.183266e+06 1.545427e+03 -9.253940e-07 2.879497e-06 3.135894e-07 3.040756e-06 -5.919369e+00 -1.781603e+01 1.547376e+02 
5.054110e+05 4.183267e+06 1.546035e+03 -4.233620e-08 3.465976e-06 -5.161963e-07 3.504460e-06 8.470314e+00 -6.998217e-01 1.563237e+02 
5.054118e+05 4.183268e+06 1.546950e+03 -2.893826e-07 4.209727e-06 -2.277958e-06 4.795272e-06 2.836212e+01 -3.932407e+00 1.580484e+02 
5.054119e+05 4.183270e+06 1.547545e+03 -9.740850e-07 1.325557e-06 -9.264865e-07 1.887940e-06 2.938918e+01 -3.631030e+01 1.597138e+02 
5.054125e+05 4.183272e+06 1.547979e+03 -4.127438e-06 2.410959e-08 -2.790577e-06 4.982333e-06 3.406233e+01 -8.966532e+01 1.614858e+02 
5.054120e+05 4.183274e+06 1.548948e+03 -2.448880e-06 1.361891e-06 -2.247887e-06 3.592319e-06 3.873712e+01 -6.092033e+01 1.637563e+02 
5.054100e+05 4.183275e+06 1.550463e+03 -2.633231e-06 2.666249e-06 -4.414894e-06 5.790862e-06 4.967533e+01 -4.464302e+01 1.660495e+02 
5.054102e+05 4.183277e+06 1.551664e+03 -3.307506e-06 3.880125e-07 -8.286844e-06 8.930953e-06 6.810656e+01 -8.330906e+01 1.681422e+02 
5.054102e+05 4.183277e+06 1.551653e+03 -2.992831e-06 1.019953e-06 -7.872102e-06 8.483356e-06 6.811697e+01 -7.118096e+01 1.682044e+02 
5.054098e+05 4.183278e+06 1.552655e+03 -2.769370e-06 -1.571943e-06 -4.923100e-06 5.863218e-06 5.710406e+01 -1.195800e+02 1.696096e+02 
5.054083e+05 4.183281e+06 1.551894e+03 -2.255891e-06 -4.516577e-06 -2.624088e-06 5.689846e-06 2.746379e+01 -1.534593e+02 1.731167e+02 
5.054108e+05 4.183283e+06 1.550315e+03 -2.432588e-06 -4.169628e-06 7.262733e-07 4.881676e-06 -8.555967e+00 -1.497404e+02 1.760754e+02 
5.054117e+05 4.183284e+06 1.549118e+03 -1.449915e-06 -4.210036e-06 2.292142e-06 5.008050e-06 -2.723824e+01 -1.609966e+02 1.773472e+02 
5.054096e+05 4.183285e+06 1.549316e+03 -1.711893e-06 -3.047984e-06 2.085153e-06 4.070460e-06 -3.081480e+01 -1.506794e+02 1.796748e+02 
5.054101e+05 4.183287e+06 1.547402e+03 -1.451775e-06 -1.711959e-06 3.358562e-06 4.039603e-06 -5.624373e+01 -1.397014e+02 1.814633e+02 
5.054103e+05 4.183288e+06 1.545898e+03 -1.471907e-06 3.929742e-07 4.507379e-06 4.757878e-06 -7.132510e+01 -7.505166e+01 1.829765e+02 
5.054108e+05 4.183290e+06 1.544850e+03 -1.727307e-06 8.956165e-08 2.937809e-06 3.409154e-06 -5.951266e+01 -8.703185e+01 1.847136e+02 
5.054119e+05 4.183291e+06 1.543783e+03 -2.727071e-06 -1.391372e-06 3.086524e-06 4.347351e-06 -4.523314e+01 -1.170310e+02 1.863904e+02 
5.054140e+05 4.183291e+06 1.542529e+03 -5.431183e-07 6.171661e-07 4.020324e-06 4.103520e-06 -7.844295e+01 -4.134841e+01 1.884935e+02 
5.054143e+05 4.183293e+06 1.541948e+03 -3.393305e-07 2.048441e-06 3.180147e-06 3.797972e-06 -5.685900e+01 -9.405806e+00 1.899643e+02 
5.054152e+05 4.183294e+06 1.541606e+03 3.349306e-07 3.204243e-06 1.761563e-06 3.671846e-06 -2.866899e+01 5.967298e+00 1.916195e+02 
5.054163e+05 4.183296e+06 1.541451e+03 1.019367e-07 1.880136e-06 2.414310e-06 3.061731e-06 -5.204968e+01 3.103409e+00 1.933386e+02 
5.054171e+05 4.183297e+06 1.541429e+03 1.760999e-07 2.086864e-06 1.969768e-06 2.875065e-06 -4.324514e+01 4.823472e+00 1.948557e+02 
5.054186e+05 4.183298e+06 1.541433e+03 4.810012e-07 1.739599e-06 1.864736e-06 2.595151e-06 -4.593459e+01 1.545618e+01 1.970284e+02 
5.054201e+05 4.183301e+06 1.542100e+03 9.130734e-07 1.829381e-06 -9.066780e-07 2.236605e-06 2.391503e+01 2.652452e+01 1.997555e+02 
5.054212e+05 4.183303e+06 1.542595e+03 -6.288766e-07 -1.552143e-07 -9.669067e-08 6.549246e-07 8.489973e+00 -1.038642e+02 2.025419e+02 
5.054223e+05 4.183305e+06 1.542510e+03 -1.244679e-06 5.349832e-07 -9.346488e-07 1.645905e-06 3.460136e+01 -6.674119e+01 2.043886e+02 
5.054229e+05 4.183306e+06 1.542486e+03 -1.682650e-06 -1.294300e-07 -3.635222e-07 1.726329e-06 1.215607e+01 -9.439855e+01 2.062066e+02 
5.054238e+05 4.183308e+06 1.542419e+03 -1.197585e-06 -3.860122e-07 5.810405e-07 1.385937e-06 -2.478662e+01 -1.078655e+02 2.080318e+02 
5.054246e+05 4.183310e+06 1.542389e+03 -1.513600e-07 4.397413e-07 -4.470404e-07 6.450794e-07 4.386810e+01 -1.899358e+01 2.100417e+02 
5.054255e+05 4.183312e+06 1.542302e+03 -1.191676e-06 -7.991432e-07 9.528866e-08 1.437985e-06 -3.799512e+00 -1.238460e+02 2.122547e+02 
5.054265e+05 4.183314e+06 1.542153e+03 -6.911544e-07 -1.135796e-07 1.341718e-06 1.513540e-06 -6.243384e+01 -9.933219e+01 2.145339e+02 
5.054278e+05 4.183316e+06 1.541989e+03 3.492679e-07 8.740964e-07 1.613683e-06 1.868156e-06 -5.974415e+01 2.178046e+01 2.168454e+02 
5.054288e+05 4.183318e+06 1.541925e+03 -4.384063e-07 1.996087e-07 1.278444e-06 1.366186e-06 -6.935393e+01 -6.551997e+01 2.191083e+02 
5.054300e+05 4.183320e+06 1.542058e+03 2.303507e-06 1.016672e-06 -1.019654e-06 2.716517e-06 2.204616e+01 6.618534e+01 2.211803e+02 
5.054312e+05 4.183321e+06 1.542257e+03 2.680595e-07 1.590034e-06 2.462346e-06 2.943333e-06 -5.678115e+01 9.569361e+00 2.232723e+02 
5.054319e+05 4.183323e+06 1.542438e+03 5.361568e-07 7.289636e-07 1.955508e-06 2.154730e-06 -6.516782e+01 3.633469e+01 2.250348e+02 
5.054328e+05 4.183325e+06 1.543451e+03 7.173483e-07 3.210787e-06 -2.190421e-07 3.297229e-06 3.809087e+00 1.259409e+01 2.268908e+02 
5.054348e+05 4.183326e+06 1.544963e+03 -1.422591e-06 3.138886e-06 -2.270627e-06 4.126998e-06 3.337995e+01 -2.438076e+01 2.295877e+02 
5.054368e+05 4.183327e+06 1.545680e+03 -1.375316e-06 2.322778e-06 -3.803576e-06 4.664117e-06 5.463660e+01 -3.062977e+01 2.318938e+02 
5.054384e+05 4.183328e+06 1.545818e+03 -1.983219e-06 8.550306e-07 -4.945925e-06 5.396889e-06 6.641106e+01 -6.667755e+01 2.335234e+02 
5.054392e+05 4.183329e+06 1.546016e+03 -9.160940e-07 -2.537088e-06 -4.111295e-06 4.917193e-06 5.673118e+01 -1.601463e+02 2.353038e+02 
5.054397e+05 4.183330e+06 1.545638e+03 -3.023907e-06 -3.411688e-06 -1.512151e-06 4.803148e-06 1.835025e+01 -1.384482e+02 2.363412e+02 
5.054408e+05 4.183332e+06 1.544869e+03 -2.959422e-06 -4.916440e-06 -6.460795e-07 5.774685e-06 6.423778e+00 -1.489544e+02 2.382151e+02 
5.054413e+05 4.183333e+06 1.544364e+03 -2.427443e-06 -3.161233e-06 -1.406892e-07 3.988191e-06 2.021611e+00 -1.424801e+02 2.394675e+02 
5.054428e+05 4.183334e+06 1.543205e+03 -1.288100e-06 -4.050168e-06 3.367248e-06 5.422308e-06 -3.838913e+01 -1.623574e+02 2.412849e+02 
5.054442e+05 4.183335e+06 1.542146e+03 -1.997573e-06 -3.596180e-06 3.728676e-06 5.552102e-06 -4.218906e+01 -1.509491e+02 2.428526e+02 
5.054451e+05 4.183335e+06 1.541329e+03 -1.079150e-06 -3.203844e-06 4.045265e-06 5.271940e-06 -5.011383e+01 -1.613849e+02 2.439705e+02 
5.054462e+05 4.183336e+06 1.540195e+03 -4.144633e-07 -1.856725e-06 6.769512e-06 7.031749e-06 -7.430316e+01 -1.674166e+02 2.455183e+02 
5.054477e+05 4.183337e+06 1.539574e+03 -3.396595e-07 -1.607728e-06 4.113386e-06 4.429458e-06 -6.822428e+01 -1.680707e+02 2.469844e+02 
5.054488e+05 4.183337e+06 1.539101e+03 -6.319873e-07 -1.980685e-06 4.278837e-06 4.757201e-06 -6.408509e+01 -1.623034e+02 2.481270e+02 
5.054496e+05 4.183337e+06 1.538405e+03 -4.966183e-07 -1.232474e-06 4.422686e-06 4.617984e-06 -7.327745e+01 -1.580533e+02 2.491184e+02 
5.054507e+05 4.183338e+06 1.537565e+03 -5.771191e-07 -1.290288e-06 4.381732e-06 4.604072e-06 -7.212116e+01 -1.559020e+02 2.503611e+02 
5.054538e+05 4.183339e+06 1.536082e+03 3.096536e-07 -7.334422e-07 4.608877e-06 4.677132e-06 -8.019953e+01 1.571109e+02 2.535700e+02 
5.054561e+05 4.183338e+06 1.535933e+03 3.017494e-09 -7.935741e-07 3.726392e-06 3.809956e-06 -7.797778e+01 1.797821e+02 2.559534e+02 
5.054583e+05 4.183340e+06 1.535078e+03 2.818531e-07 -2.406584e-07 3.767729e-06 3.785914e-06 -8.438209e+01 1.304921e+02 2.586392e+02 
5.054332e+05 4.183356e+06 1.537898e+03 1.935423e-07 2.207730e-06 3.234701e-06 3.921074e-06 -5.558371e+01 5.010068e+00 2.888399e+02 
5.054311e+05 4.183353e+06 1.538783e+03 -1.480163e-06 2.660299e-07 3.761593e-06 4.051078e-06 -6.820853e+01 -7.981100e+01 2.931717e+02 
5.054309e+05 4.183351e+06 1.539160e+03 -1.433641e-06 7.409320e-07 4.197229e-06 4.496781e-06 -6.896882e+01 -6.266926e+01 2.949700e+02 
5.054304e+05 4.183348e+06 1.540133e+03 -1.624692e-06 1.221429e-06 3.661080e-06 4.187484e-06 -6.096120e+01 -5.306449e+01 2.980614e+02 
5.054304e+05 4.183346e+06 1.540980e+03 -1.826912e-06 -5.485723e-08 4.745796e-06 5.085587e-06 -6.893694e+01 -9.171992e+01 2.998929e+02 
5.054298e+05 4.183344e+06 1.542138e+03 -2.407912e-06 -1.313646e-06 3.445333e-06 4.403865e-06 -5.147560e+01 -1.186148e+02 3.017394e+02 
5.054291e+05 4.183342e+06 1.543301e+03 -2.538864e-06 -1.263671e-06 2.792771e-06 3.980234e-06 -4.456033e+01 -1.164610e+02 3.036463e+02 
5.054297e+05 4.183340e+06 1.543837e+03 -2.097345e-06 -2.480669e-06 1.718610e-06 3.675078e-06 -2.788116e+01 -1.397863e+02 3.057892e+02 
5.054293e+05 4.183339e+06 1.544754e+03 -2.066478e-06 -2.401299e-06 2.225185e-06 3.871436e-06 -3.508352e+01 -1.392858e+02 3.075387e+02 
5.054293e+05 4.183337e+06 1.545582e+03 -2.583390e-06 -3.285178e-06 1.904171e-06 4.592621e-06 -2.449510e+01 -1.418193e+02 3.088919e+02 
5.054297e+05 4.183336e+06 1.546107e+03 -2.153264e-06 -4.191534e-06 1.189732e-06 4.860141e-06 -1.416965e+01 -1.528097e+02 3.099811e+02 
5.054315e+05 4.183336e+06 1.545924e+03 -2.310991e-06 -3.433477e-06 2.047094e-06 4.617363e-06 -2.631762e+01 -1.460564e+02 3.119751e+02 
5.054332e+05 4.183335e+06 1.545710e+03 -2.189286e-06 -4.449825e-06 1.731957e-06 5.252961e-06 -1.925122e+01 -1.538031e+02 3.137316e+02 
5.054352e+05 4.183334e+06 1.545423e+03 -2.213006e-06 -5.018312e-06 7.662051e-07 5.537862e-06 -7.952816e+00 -1.562032e+02 3.158266e+02 
5.054372e+05 4.183334e+06 1.545492e+03 -2.357430e-06 -4.573310e-06 -1.019129e-07 5.146166e-06 1.134740e+00 -1.527300e+02 3.179838e+02 
5.054397e+05 4.183333e+06 1.544774e+03 -3.048150e-06 -4.590034e-06 1.006741e-06 5.601175e-06 -1.035447e+01 -1.464127e+02 3.204795e+02 
