# 1    , 2      , 3      , 4      , 5      , 6      , 7       
# dmeas, Bx_siB0, By_siB0, Bz_siB0, In_siB0, Ic_siB0, Dc_siB0 
0.000000e+00 2.496174e-05 -8.540647e-08 3.672268e-05 4.440327e-05 5.579447e+01 -1.960365e-01 
2.157064e+00 2.558390e-05 -3.624350e-07 3.751751e-05 4.541180e-05 5.570650e+01 -8.116278e-01 
4.009790e+00 2.529063e-05 -6.095766e-08 3.614299e-05 4.411275e-05 5.501797e+01 -1.380990e-01 
6.432482e+00 2.666666e-05 1.648263e-07 3.801399e-05 4.643491e-05 5.494998e+01 3.541399e-01 
1.060382e+01 2.375839e-05 6.161564e-07 3.687712e-05 4.387212e-05 5.719923e+01 1.485591e+00 
1.279858e+01 2.333101e-05 1.466465e-06 3.451703e-05 4.168827e-05 5.589173e+01 3.596581e+00 
1.570972e+01 2.340558e-05 1.621865e-06 3.476283e-05 4.193931e-05 5.598428e+01 3.963914e+00 
1.871373e+01 2.524656e-05 7.156543e-07 3.458391e-05 4.282462e-05 5.385927e+01 1.623706e+00 
2.378995e+01 2.614115e-05 1.536560e-06 3.442625e-05 4.325376e-05 5.274163e+01 3.363939e+00 
2.482539e+01 2.638655e-05 1.296364e-06 3.321742e-05 4.244205e-05 5.150418e+01 2.812665e+00 
2.569447e+01 2.679938e-05 1.094412e-06 3.320999e-05 4.268850e-05 5.107428e+01 2.338502e+00 
2.920594e+01 2.694994e-05 1.842639e-06 3.328121e-05 4.286413e-05 5.093532e+01 3.911378e+00 
3.250502e+01 2.552155e-05 1.202827e-06 3.428622e-05 4.275910e-05 5.330674e+01 2.698345e+00 
3.440177e+01 2.688251e-05 4.766102e-07 3.419228e-05 4.349722e-05 5.182064e+01 1.015712e+00 
3.600708e+01 2.670989e-05 1.022748e-06 3.442631e-05 4.358480e-05 5.217333e+01 2.192841e+00 
3.806029e+01 2.569787e-05 1.244213e-06 3.459074e-05 4.310972e-05 5.335880e+01 2.771924e+00 
4.012339e+01 2.944101e-05 9.205157e-07 3.529479e-05 4.597110e-05 5.015319e+01 1.790852e+00 
4.206202e+01 2.775394e-05 1.809488e-06 3.354458e-05 4.357516e-05 5.033681e+01 3.730263e+00 
4.396952e+01 2.738972e-05 9.270234e-07 3.468020e-05 4.420150e-05 5.168308e+01 1.938474e+00 
4.625121e+01 2.739427e-05 1.920548e-06 3.339952e-05 4.323959e-05 5.057253e+01 4.010311e+00 
4.892883e+01 2.664715e-05 6.960355e-07 3.360414e-05 4.289281e-05 5.157705e+01 1.496251e+00 
5.087570e+01 2.809458e-05 1.272013e-07 3.415548e-05 4.422577e-05 5.056071e+01 2.594110e-01 
5.302838e+01 2.790234e-05 -1.155292e-07 3.453456e-05 4.439808e-05 5.106314e+01 -2.372309e-01 
5.487540e+01 2.856817e-05 9.663650e-07 3.521068e-05 4.535268e-05 5.092984e+01 1.937385e+00 
5.719304e+01 2.922650e-05 4.486971e-06 3.818794e-05 4.829741e-05 5.224938e+01 8.728132e+00 
5.955443e+01 2.637090e-05 2.116238e-06 3.853762e-05 4.674453e-05 5.553081e+01 4.588096e+00 
6.111958e+01 2.614644e-05 1.374290e-06 3.740740e-05 4.566004e-05 5.501070e+01 3.008769e+00 
6.319502e+01 2.617176e-05 1.066450e-06 3.622012e-05 4.469895e-05 5.412649e+01 2.333404e+00 
6.455714e+01 2.500174e-05 1.391050e-06 3.571152e-05 4.361576e-05 5.496241e+01 3.184546e+00 
6.593101e+01 2.547599e-05 1.042594e-06 3.398325e-05 4.248499e-05 5.311945e+01 2.343498e+00 
6.749700e+01 2.619071e-05 1.321457e-06 3.883912e-05 4.686339e-05 5.597293e+01 2.888419e+00 
6.929172e+01 2.589961e-05 1.702820e-06 3.451116e-05 4.318228e-05 5.305351e+01 3.761609e+00 
7.093375e+01 2.725012e-05 1.429476e-06 3.456061e-05 4.403463e-05 5.170688e+01 3.002846e+00 
7.262516e+01 2.991060e-05 1.803065e-06 3.964186e-05 4.969278e-05 5.291472e+01 3.449717e+00 
7.492696e+01 2.843580e-05 1.850664e-06 3.465855e-05 4.486908e-05 5.057325e+01 3.723684e+00 
7.718037e+01 2.693062e-05 1.941779e-06 3.395020e-05 4.337793e-05 5.150484e+01 4.124062e+00 
7.948909e+01 2.633818e-05 1.371713e-06 3.467589e-05 4.356602e-05 5.274401e+01 2.981316e+00 
8.102207e+01 2.727368e-05 8.002725e-07 3.466698e-05 4.411682e-05 5.179470e+01 1.680708e+00 
8.324161e+01 2.761991e-05 7.849141e-07 3.439233e-05 4.411698e-05 5.122133e+01 1.627817e+00 
8.494116e+01 2.835953e-05 5.769038e-07 3.419735e-05 4.443033e-05 5.032558e+01 1.165379e+00 
8.694708e+01 2.882786e-05 7.322790e-07 3.497518e-05 4.533040e-05 5.049430e+01 1.455102e+00 
8.905913e+01 2.827954e-05 8.111857e-07 3.381561e-05 4.408952e-05 5.008312e+01 1.643053e+00 
9.124541e+01 2.897970e-05 4.956982e-07 3.524885e-05 4.563497e-05 5.057070e+01 9.799497e-01 
9.347366e+01 2.820217e-05 7.139201e-07 3.530066e-05 4.518859e-05 5.136923e+01 1.450097e+00 
9.565355e+01 2.695198e-05 -4.362497e-07 3.752173e-05 4.620043e-05 5.430663e+01 -9.273190e-01 
9.679860e+01 2.801140e-05 6.394509e-07 3.639116e-05 4.592781e-05 5.240619e+01 1.307734e+00 
9.879789e+01 2.667420e-05 1.659050e-06 3.491698e-05 4.397114e-05 5.256926e+01 3.559029e+00 
1.007518e+02 2.650110e-05 2.634863e-06 3.496988e-05 4.395615e-05 5.270845e+01 5.677953e+00 
1.035650e+02 2.804500e-05 2.203091e-06 3.540847e-05 4.522317e-05 5.153348e+01 4.491679e+00 
1.056521e+02 2.829064e-05 1.252588e-06 3.570741e-05 4.557355e-05 5.158324e+01 2.535156e+00 
1.073063e+02 2.890415e-05 9.890325e-07 3.650922e-05 4.657630e-05 5.161522e+01 1.959763e+00 
1.086161e+02 2.863922e-05 1.307517e-06 3.634448e-05 4.629078e-05 5.173311e+01 2.614011e+00 
1.106090e+02 2.848290e-05 -2.320772e-06 3.900332e-05 4.835205e-05 5.377019e+01 -4.658140e+00 
1.117330e+02 2.864809e-05 8.313627e-07 3.741275e-05 4.712874e-05 5.254596e+01 1.662247e+00 
1.133783e+02 2.882258e-05 1.161676e-06 3.730444e-05 4.715625e-05 5.228670e+01 2.308022e+00 
1.164429e+02 2.862444e-05 8.177670e-07 3.815135e-05 4.770275e-05 5.310838e+01 1.636429e+00 
1.182755e+02 2.818496e-05 1.571982e-06 3.953286e-05 4.857684e-05 5.447095e+01 3.192297e+00 
1.200628e+02 2.782158e-05 -1.622761e-07 3.831886e-05 4.735401e-05 5.401784e+01 -3.341876e-01 
1.217589e+02 2.592274e-05 1.505740e-07 3.718504e-05 4.532922e-05 5.511811e+01 3.328028e-01 
1.236359e+02 2.633088e-05 7.324363e-07 3.678530e-05 4.524390e-05 5.439447e+01 1.593365e+00 
1.259096e+02 2.653563e-05 -4.550456e-08 3.632141e-05 4.498208e-05 5.384891e+01 -9.825341e-02 
1.277039e+02 2.587934e-05 2.034236e-07 3.655596e-05 4.478973e-05 5.470305e+01 4.503620e-01 
1.303288e+02 2.610981e-05 1.748040e-07 3.732455e-05 4.555079e-05 5.502528e+01 3.835870e-01 
1.319264e+02 2.595054e-05 -2.605609e-07 3.581456e-05 4.422874e-05 5.407227e+01 -5.752689e-01 
1.337913e+02 2.555598e-05 1.102856e-07 3.511667e-05 4.343156e-05 5.395468e+01 2.472557e-01 
1.352497e+02 2.627691e-05 7.751633e-07 3.374592e-05 4.277691e-05 5.208113e+01 1.689724e+00 
1.369434e+02 2.345328e-05 6.842610e-07 3.432155e-05 4.157515e-05 5.564230e+01 1.671159e+00 
1.385889e+02 2.583658e-05 1.319715e-06 3.234939e-05 4.142166e-05 5.135018e+01 2.924088e+00 
1.402659e+02 2.774164e-05 -5.414492e-08 3.685441e-05 4.612861e-05 5.302986e+01 -1.118273e-01 
1.425849e+02 2.726399e-05 1.374396e-06 3.351280e-05 4.322409e-05 5.083468e+01 2.885875e+00 
1.441713e+02 2.911882e-05 1.527670e-06 3.289656e-05 4.395934e-05 4.844685e+01 3.003173e+00 
1.459531e+02 2.925516e-05 3.223458e-06 3.381821e-05 4.483220e-05 4.896674e+01 6.287729e+00 
1.469585e+02 2.971462e-05 2.237205e-06 3.455241e-05 4.562710e-05 4.922483e+01 4.305660e+00 
1.487142e+02 3.034250e-05 1.618186e-06 3.444312e-05 4.593054e-05 4.858136e+01 3.052730e+00 
1.508990e+02 3.129534e-05 1.819651e-06 3.550212e-05 4.736149e-05 4.855565e+01 3.327685e+00 
1.547376e+02 2.970360e-05 6.375060e-07 3.603471e-05 4.670343e-05 5.049459e+01 1.229508e+00 
1.563237e+02 3.029008e-05 1.520564e-06 3.686450e-05 4.773669e-05 5.055606e+01 2.873839e+00 
1.580484e+02 3.103383e-05 1.273517e-06 3.862626e-05 4.956519e-05 5.119672e+01 2.349896e+00 
1.597138e+02 2.814966e-05 5.888150e-07 3.727479e-05 4.671359e-05 5.293413e+01 1.198299e+00 
1.614858e+02 2.684821e-05 -2.564538e-06 3.913888e-05 4.753162e-05 5.542946e+01 -5.456331e+00 
1.637563e+02 2.818599e-05 -8.859798e-07 3.859619e-05 4.780063e-05 5.384665e+01 -1.800405e+00 
1.660495e+02 2.949035e-05 -1.070331e-06 4.076319e-05 5.032360e-05 5.409803e+01 -2.078597e+00 
1.681422e+02 2.721211e-05 -1.744606e-06 4.463514e-05 5.230525e-05 5.857890e+01 -3.668290e+00 
1.682044e+02 2.784405e-05 -1.429931e-06 4.422040e-05 5.227600e-05 5.776877e+01 -2.939842e+00 
1.696096e+02 2.525216e-05 -1.206470e-06 4.127140e-05 4.839892e-05 5.851028e+01 -2.735334e+00 
1.731167e+02 2.230752e-05 -6.929908e-07 3.897239e-05 4.491050e-05 6.020156e+01 -1.779341e+00 
1.760754e+02 2.265447e-05 -8.696877e-07 3.562203e-05 4.222452e-05 5.752584e+01 -2.198461e+00 
1.773472e+02 2.261406e-05 1.129852e-07 3.405616e-05 4.088069e-05 5.641460e+01 2.862607e-01 
1.796748e+02 2.377612e-05 -1.489927e-07 3.426315e-05 4.170479e-05 5.524166e+01 -3.590386e-01 
1.814633e+02 2.511214e-05 1.111250e-07 3.298974e-05 4.146028e-05 5.272095e+01 2.535408e-01 
1.829765e+02 2.721707e-05 9.099302e-08 3.184092e-05 4.188820e-05 4.947659e+01 1.915524e-01 
1.847136e+02 2.691366e-05 -1.644075e-07 3.341049e-05 4.290260e-05 5.114646e+01 -3.499983e-01 
1.863904e+02 2.543273e-05 -1.164171e-06 3.326178e-05 4.188705e-05 5.256869e+01 -2.620857e+00 
1.884935e+02 2.744127e-05 1.019782e-06 3.232798e-05 4.241652e-05 4.965458e+01 2.128266e+00 
1.899643e+02 2.887254e-05 1.223569e-06 3.316815e-05 4.399144e-05 4.893530e+01 2.426646e+00 
1.916195e+02 3.002834e-05 1.897831e-06 3.458674e-05 4.584262e-05 4.897881e+01 3.616358e+00 
1.933386e+02 2.870424e-05 1.664837e-06 3.393399e-05 4.447719e-05 4.972519e+01 3.319418e+00 
1.948557e+02 2.891096e-05 1.739000e-06 3.437853e-05 4.495277e-05 4.988654e+01 3.442204e+00 
1.970284e+02 2.856370e-05 2.043901e-06 3.448356e-05 4.482386e-05 5.029220e+01 4.092875e+00 
1.997555e+02 2.865348e-05 2.475973e-06 3.725498e-05 4.706470e-05 5.233242e+01 4.938713e+00 
2.025419e+02 2.666889e-05 9.340234e-07 3.644499e-05 4.517011e-05 5.378819e+01 2.005848e+00 
2.043886e+02 2.735908e-05 3.182207e-07 3.728295e-05 4.624542e-05 5.372608e+01 6.663922e-01 
2.062066e+02 2.669467e-05 -1.197498e-07 3.671182e-05 4.539138e-05 5.397729e+01 -2.570217e-01 
2.080318e+02 2.643809e-05 3.653155e-07 3.576726e-05 4.447924e-05 5.352668e+01 7.916497e-01 
2.100417e+02 2.726384e-05 1.411540e-06 3.679534e-05 4.581710e-05 5.342638e+01 2.963747e+00 
2.122547e+02 2.602496e-05 3.712241e-07 3.625301e-05 4.462866e-05 5.432380e+01 8.172206e-01 
2.145339e+02 2.671052e-05 8.717456e-07 3.500658e-05 4.404171e-05 5.264114e+01 1.869287e+00 
2.168454e+02 2.769820e-05 1.912168e-06 3.473462e-05 4.446729e-05 5.136391e+01 3.949196e+00 
2.191083e+02 2.702371e-05 1.124494e-06 3.506986e-05 4.428815e-05 5.235934e+01 2.382782e+00 
2.211803e+02 2.784077e-05 3.866407e-06 3.736795e-05 4.675919e-05 5.304972e+01 7.906423e+00 
2.232723e+02 2.841413e-05 1.830960e-06 3.388595e-05 4.426029e-05 4.996096e+01 3.686947e+00 
2.250348e+02 2.755306e-05 2.099057e-06 3.439279e-05 4.411849e-05 5.121985e+01 4.356511e+00 
2.268908e+02 3.003489e-05 2.280248e-06 3.656734e-05 4.737578e-05 5.052097e+01 4.341566e+00 
2.295877e+02 2.996299e-05 1.403093e-07 3.861893e-05 4.887967e-05 5.219314e+01 2.683000e-01 
2.318938e+02 2.914688e-05 1.875836e-07 4.015188e-05 4.961601e-05 5.402295e+01 3.687393e-01 
2.335234e+02 2.767913e-05 -4.203192e-07 4.129422e-05 4.971442e-05 5.616337e+01 -8.699936e-01 
2.353038e+02 2.428701e-05 6.468060e-07 4.045959e-05 4.719381e-05 5.901556e+01 1.525527e+00 
2.363412e+02 2.341241e-05 -1.461007e-06 3.786045e-05 4.453863e-05 5.821806e+01 -3.570803e+00 
2.382151e+02 2.190766e-05 -1.396522e-06 3.699438e-05 4.301721e-05 5.931549e+01 -3.647433e+00 
2.394675e+02 2.366287e-05 -8.645429e-07 3.648899e-05 4.349856e-05 5.701941e+01 -2.092419e+00 
2.412849e+02 2.277393e-05 2.747996e-07 3.298105e-05 4.008088e-05 5.537236e+01 6.913208e-01 
2.428526e+02 2.322792e-05 -4.346733e-07 3.261962e-05 4.004704e-05 5.454119e+01 -1.072073e+00 
2.439705e+02 2.362026e-05 4.837502e-07 3.230304e-05 4.002045e-05 5.381969e+01 1.173272e+00 
2.455183e+02 2.496738e-05 1.148437e-06 2.957879e-05 3.872458e-05 4.980253e+01 2.633606e+00 
2.469844e+02 2.521637e-05 1.223241e-06 3.223491e-05 4.094449e-05 5.193235e+01 2.777228e+00 
2.481270e+02 2.484341e-05 9.309127e-07 3.206946e-05 4.057724e-05 5.221649e+01 2.145938e+00 
2.491184e+02 2.559163e-05 1.066282e-06 3.192561e-05 4.093059e-05 5.126003e+01 2.385863e+00 
2.503611e+02 2.553381e-05 9.857809e-07 3.196657e-05 4.092443e-05 5.136252e+01 2.210913e+00 
2.535700e+02 2.609066e-05 1.872554e-06 3.173942e-05 4.112931e-05 5.050666e+01 4.105139e+00 
2.559534e+02 2.603053e-05 1.565917e-06 3.262191e-05 4.176397e-05 5.136156e+01 3.442592e+00 
2.586392e+02 2.658344e-05 1.844753e-06 3.258057e-05 4.209009e-05 5.072056e+01 3.969666e+00 
2.888399e+02 2.903183e-05 1.756442e-06 3.311360e-05 4.407315e-05 4.870595e+01 3.462207e+00 
2.931717e+02 2.709013e-05 8.273692e-08 3.258671e-05 4.237659e-05 5.026229e+01 1.749885e-01 
2.949700e+02 2.756503e-05 1.292586e-07 3.215107e-05 4.235020e-05 4.939123e+01 2.686708e-01 
2.980614e+02 2.804553e-05 -6.179205e-08 3.268722e-05 4.306982e-05 4.937044e+01 -1.262382e-01 
2.998929e+02 2.676924e-05 -2.640120e-07 3.160250e-05 4.141715e-05 4.973200e+01 -5.650620e-01 
3.017394e+02 2.551045e-05 -8.450123e-07 3.290297e-05 4.164256e-05 5.219751e+01 -1.897181e+00 
3.036463e+02 2.556043e-05 -9.759643e-07 3.355553e-05 4.219315e-05 5.268208e+01 -2.186641e+00 
3.057892e+02 2.434343e-05 -5.344453e-07 3.462969e-05 4.233325e-05 5.488766e+01 -1.257692e+00 
3.075387e+02 2.442280e-05 -5.035780e-07 3.412312e-05 4.196563e-05 5.440195e+01 -1.181224e+00 
3.088919e+02 2.353892e-05 -1.020490e-06 3.444413e-05 4.173153e-05 5.562646e+01 -2.482406e+00 
3.099811e+02 2.263257e-05 -5.903636e-07 3.515857e-05 4.181754e-05 5.722060e+01 -1.494204e+00 
3.119751e+02 2.339062e-05 -7.480912e-07 3.430121e-05 4.152413e-05 5.569557e+01 -1.831839e+00 
3.137316e+02 2.237427e-05 -6.263865e-07 3.461634e-05 4.122247e-05 5.711316e+01 -1.603624e+00 
3.158266e+02 2.180579e-05 -6.501058e-07 3.558209e-05 4.173728e-05 5.848743e+01 -1.707679e+00 
3.179838e+02 2.225079e-05 -7.945302e-07 3.645021e-05 4.271237e-05 5.858206e+01 -2.045046e+00 
3.204795e+02 2.223407e-05 -1.485250e-06 3.534156e-05 4.178020e-05 5.776768e+01 -3.821719e+00 
