# 1, 2, 3, 4   , 5   , 6   , 7   , 8   , 9   , 10  
# x, y, z, Bx_si, By_si, Bz_si, In_si, Ic_si, Dc_si, dmeas 
5.053600e+05 4.183132e+06 1.545501e+03 -3.910027e-07 6.072934e-08 1.869678e-06 1.911090e-06 7.805049e+01 1.711715e+02 0.000000e+00 
5.053607e+05 4.183134e+06 1.545501e+03 -3.875134e-07 5.754797e-08 1.852507e-06 1.893479e-06 7.805918e+01 1.715530e+02 2.157064e+00 
5.053605e+05 4.183136e+06 1.545501e+03 -3.842142e-07 5.827871e-08 1.839019e-06 1.879630e-06 7.806818e+01 1.713750e+02 4.009790e+00 
5.053603e+05 4.183139e+06 1.545501e+03 -3.799513e-07 5.832311e-08 1.821730e-06 1.861844e-06 7.808485e+01 1.712731e+02 6.432482e+00 
5.053594e+05 4.183143e+06 1.545501e+03 -3.728061e-07 6.093716e-08 1.795784e-06 1.835085e-06 7.812070e+01 1.707168e+02 1.060382e+01 
5.053599e+05 4.183145e+06 1.545501e+03 -3.693350e-07 5.871698e-08 1.781619e-06 1.820446e-06 7.814536e+01 1.709667e+02 1.279858e+01 
5.053622e+05 4.183147e+06 1.545501e+03 -3.668662e-07 4.991484e-08 1.767696e-06 1.806054e-06 7.817033e+01 1.722521e+02 1.570972e+01 
5.053634e+05 4.183149e+06 1.545501e+03 -3.626658e-07 4.513881e-08 1.750433e-06 1.788178e-06 7.820691e+01 1.729052e+02 1.871373e+01 
5.053652e+05 4.183154e+06 1.545501e+03 -3.556872e-07 3.805161e-08 1.723379e-06 1.760112e-06 7.827379e+01 1.738937e+02 2.378995e+01 
5.053655e+05 4.183155e+06 1.545501e+03 -3.542531e-07 3.697728e-08 1.718144e-06 1.754674e-06 7.828826e+01 1.740410e+02 2.482539e+01 
5.053652e+05 4.183156e+06 1.545501e+03 -3.530387e-07 3.797721e-08 1.714543e-06 1.750925e-06 7.829966e+01 1.738602e+02 2.569447e+01 
5.053662e+05 4.183159e+06 1.545501e+03 -3.484255e-07 3.409042e-08 1.697882e-06 1.733599e-06 7.834936e+01 1.744119e+02 2.920594e+01 
5.053677e+05 4.183162e+06 1.545501e+03 -3.446387e-07 2.871183e-08 1.683750e-06 1.718899e-06 7.839319e+01 1.752377e+02 3.250502e+01 
5.053688e+05 4.183164e+06 1.545501e+03 -3.426973e-07 2.503437e-08 1.676395e-06 1.711247e-06 7.841653e+01 1.758219e+02 3.440177e+01 
5.053695e+05 4.183165e+06 1.545501e+03 -3.409362e-07 2.258090e-08 1.670110e-06 1.704704e-06 7.843757e+01 1.762107e+02 3.600708e+01 
5.053702e+05 4.183167e+06 1.545501e+03 -3.386566e-07 1.995099e-08 1.662235e-06 1.696500e-06 7.846498e+01 1.766285e+02 3.806029e+01 
5.053715e+05 4.183169e+06 1.545501e+03 -3.367896e-07 1.576792e-08 1.655440e-06 1.689425e-06 7.848818e+01 1.773195e+02 4.012339e+01 
5.053725e+05 4.183170e+06 1.545501e+03 -3.349555e-07 1.235189e-08 1.649077e-06 1.682796e-06 7.851086e+01 1.778881e+02 4.206202e+01 
5.053731e+05 4.183172e+06 1.545501e+03 -3.329628e-07 1.044229e-08 1.642547e-06 1.675987e-06 7.853529e+01 1.782037e+02 4.396952e+01 
5.053732e+05 4.183175e+06 1.545501e+03 -3.305565e-07 9.805885e-09 1.634910e-06 1.668021e-06 7.856477e+01 1.783008e+02 4.625121e+01 
5.053734e+05 4.183177e+06 1.545501e+03 -3.278774e-07 9.278303e-09 1.626409e-06 1.659155e-06 7.859773e+01 1.783791e+02 4.892883e+01 
5.053739e+05 4.183179e+06 1.545501e+03 -3.260976e-07 7.705681e-09 1.620596e-06 1.653097e-06 7.861974e+01 1.786464e+02 5.087570e+01 
5.053738e+05 4.183181e+06 1.545501e+03 -3.241498e-07 7.818295e-09 1.614394e-06 1.646634e-06 7.864349e+01 1.786183e+02 5.302838e+01 
5.053744e+05 4.183183e+06 1.545501e+03 -3.226760e-07 5.789588e-09 1.609457e-06 1.641495e-06 7.866143e+01 1.789721e+02 5.487540e+01 
5.053749e+05 4.183185e+06 1.545501e+03 -3.208444e-07 4.211645e-09 1.603369e-06 1.635161e-06 7.868326e+01 1.792479e+02 5.719304e+01 
5.053746e+05 4.183188e+06 1.545501e+03 -3.190611e-07 5.119550e-09 1.597501e-06 1.629060e-06 7.870380e+01 1.790807e+02 5.955443e+01 
5.053744e+05 4.183189e+06 1.545501e+03 -3.179482e-07 5.681501e-09 1.593775e-06 1.625189e-06 7.871620e+01 1.789763e+02 6.111958e+01 
5.053745e+05 4.183191e+06 1.545501e+03 -3.165544e-07 5.513451e-09 1.588937e-06 1.620172e-06 7.873116e+01 1.790022e+02 6.319502e+01 
5.053749e+05 4.183193e+06 1.545501e+03 -3.157400e-07 4.254133e-09 1.585959e-06 1.617089e-06 7.873951e+01 1.792281e+02 6.455714e+01 
5.053752e+05 4.183194e+06 1.545501e+03 -3.149354e-07 3.372864e-09 1.582998e-06 1.614025e-06 7.874737e+01 1.793864e+02 6.593101e+01 
5.053762e+05 4.183195e+06 1.545501e+03 -3.142495e-07 4.136906e-10 1.580374e-06 1.611314e-06 7.875370e+01 1.799246e+02 6.749700e+01 
5.053759e+05 4.183197e+06 1.545501e+03 -3.132952e-07 1.192356e-09 1.576748e-06 1.607572e-06 7.876178e+01 1.797819e+02 6.929172e+01 
5.053759e+05 4.183198e+06 1.545501e+03 -3.124787e-07 1.214646e-09 1.573515e-06 1.604243e-06 7.876789e+01 1.797773e+02 7.093375e+01 
5.053764e+05 4.183200e+06 1.545501e+03 -3.117311e-07 -9.652573e-11 1.570414e-06 1.601055e-06 7.877259e+01 -1.799823e+02 7.262516e+01 
5.053772e+05 4.183202e+06 1.545501e+03 -3.108473e-07 -2.687492e-09 1.566609e-06 1.597153e-06 7.877671e+01 -1.795047e+02 7.492696e+01 
5.053775e+05 4.183204e+06 1.545501e+03 -3.100301e-07 -3.344382e-09 1.562771e-06 1.593230e-06 7.877844e+01 -1.793820e+02 7.718037e+01 
5.053783e+05 4.183207e+06 1.545501e+03 -3.093485e-07 -5.773430e-09 1.559407e-06 1.589805e-06 7.877768e+01 -1.789308e+02 7.948909e+01 
5.053792e+05 4.183208e+06 1.545501e+03 -3.089887e-07 -8.295451e-09 1.557681e-06 1.588053e-06 7.877625e+01 -1.784621e+02 8.102207e+01 
5.053796e+05 4.183210e+06 1.545501e+03 -3.084717e-07 -9.121675e-09 1.554479e-06 1.584816e-06 7.877122e+01 -1.783062e+02 8.324161e+01 
5.053800e+05 4.183212e+06 1.545501e+03 -3.081530e-07 -1.040045e-08 1.552311e-06 1.582636e-06 7.876582e+01 -1.780669e+02 8.494116e+01 
5.053812e+05 4.183213e+06 1.545501e+03 -3.078644e-07 -1.355906e-08 1.550560e-06 1.580886e-06 7.875934e+01 -1.774782e+02 8.694708e+01 
5.053813e+05 4.183215e+06 1.545501e+03 -3.076447e-07 -1.382162e-08 1.547879e-06 1.578216e-06 7.874777e+01 -1.774276e+02 8.905913e+01 
5.053809e+05 4.183218e+06 1.545501e+03 -3.075551e-07 -1.266977e-08 1.545051e-06 1.575416e-06 7.873266e+01 -1.776410e+02 9.124541e+01 
5.053820e+05 4.183220e+06 1.545501e+03 -3.075009e-07 -1.551924e-08 1.543348e-06 1.573760e-06 7.871782e+01 -1.771108e+02 9.347366e+01 
5.053823e+05 4.183222e+06 1.545501e+03 -3.075945e-07 -1.611430e-08 1.541145e-06 1.571624e-06 7.869767e+01 -1.770011e+02 9.565355e+01 
5.053829e+05 4.183223e+06 1.545501e+03 -3.076468e-07 -1.763356e-08 1.540488e-06 1.571006e-06 7.868813e+01 -1.767195e+02 9.679860e+01 
5.053828e+05 4.183225e+06 1.545501e+03 -3.079025e-07 -1.731265e-08 1.538462e-06 1.569066e-06 7.866513e+01 -1.767818e+02 9.879789e+01 
5.053840e+05 4.183226e+06 1.545501e+03 -3.080881e-07 -2.035924e-08 1.537837e-06 1.568527e-06 7.864735e+01 -1.762192e+02 1.007518e+02 
5.053867e+05 4.183227e+06 1.545501e+03 -3.079477e-07 -2.779783e-08 1.539901e-06 1.570636e-06 7.864644e+01 -1.748420e+02 1.035650e+02 
5.053884e+05 4.183228e+06 1.545501e+03 -3.080177e-07 -3.235294e-08 1.540835e-06 1.571653e-06 7.863483e+01 -1.740039e+02 1.056521e+02 
5.053895e+05 4.183229e+06 1.545501e+03 -3.082098e-07 -3.503959e-08 1.541102e-06 1.572010e-06 7.861949e+01 -1.735140e+02 1.073063e+02 
5.053907e+05 4.183230e+06 1.545501e+03 -3.081642e-07 -3.837330e-08 1.542485e-06 1.573435e-06 7.861697e+01 -1.729019e+02 1.086161e+02 
5.053924e+05 4.183231e+06 1.545501e+03 -3.082406e-07 -4.280045e-08 1.544207e-06 1.575252e-06 7.860602e+01 -1.720948e+02 1.106090e+02 
5.053927e+05 4.183232e+06 1.545501e+03 -3.085307e-07 -4.353631e-08 1.543942e-06 1.575069e-06 7.859023e+01 -1.719681e+02 1.117330e+02 
5.053928e+05 4.183234e+06 1.545501e+03 -3.090954e-07 -4.351424e-08 1.542919e-06 1.574177e-06 7.856303e+01 -1.719866e+02 1.133783e+02 
5.053956e+05 4.183235e+06 1.545501e+03 -3.090522e-07 -5.124937e-08 1.547399e-06 1.578791e-06 7.855509e+01 -1.705845e+02 1.164429e+02 
5.053947e+05 4.183236e+06 1.545501e+03 -3.098950e-07 -4.842552e-08 1.544627e-06 1.576151e-06 7.852145e+01 -1.711185e+02 1.182755e+02 
5.053957e+05 4.183238e+06 1.545501e+03 -3.103768e-07 -5.106136e-08 1.545818e-06 1.577497e-06 7.849827e+01 -1.706577e+02 1.200628e+02 
5.053971e+05 4.183239e+06 1.545501e+03 -3.106297e-07 -5.462919e-08 1.548056e-06 1.579858e-06 7.848432e+01 -1.700256e+02 1.217589e+02 
5.053976e+05 4.183241e+06 1.545501e+03 -3.114917e-07 -5.567348e-08 1.548235e-06 1.580240e-06 7.844898e+01 -1.698664e+02 1.236359e+02 
5.053998e+05 4.183241e+06 1.545501e+03 -3.111617e-07 -6.207563e-08 1.553416e-06 1.585489e-06 7.845583e+01 -1.687178e+02 1.259096e+02 
5.054001e+05 4.183243e+06 1.545501e+03 -3.121454e-07 -6.242314e-08 1.553271e-06 1.585554e-06 7.841822e+01 -1.686911e+02 1.277039e+02 
5.054007e+05 4.183245e+06 1.545501e+03 -3.136718e-07 -6.343642e-08 1.553697e-06 1.586313e-06 7.836129e+01 -1.685668e+02 1.303288e+02 
5.054011e+05 4.183247e+06 1.545501e+03 -3.146208e-07 -6.448738e-08 1.554469e-06 1.587300e-06 7.832663e+01 -1.684166e+02 1.319264e+02 
5.054014e+05 4.183249e+06 1.545501e+03 -3.159600e-07 -6.463024e-08 1.554483e-06 1.587585e-06 7.827934e+01 -1.684395e+02 1.337913e+02 
5.054015e+05 4.183250e+06 1.545501e+03 -3.170918e-07 -6.458826e-08 1.554423e-06 1.587750e-06 7.824002e+01 -1.684870e+02 1.352497e+02 
5.054019e+05 4.183252e+06 1.545501e+03 -3.183480e-07 -6.548198e-08 1.555320e-06 1.588916e-06 7.819684e+01 -1.683768e+02 1.369434e+02 
5.054018e+05 4.183253e+06 1.545501e+03 -3.198377e-07 -6.474646e-08 1.554754e-06 1.588631e-06 7.814632e+01 -1.685560e+02 1.385889e+02 
5.054013e+05 4.183255e+06 1.545501e+03 -3.214700e-07 -6.287762e-08 1.553173e-06 1.587339e-06 7.809094e+01 -1.689330e+02 1.402659e+02 
5.054023e+05 4.183257e+06 1.545501e+03 -3.232776e-07 -6.518883e-08 1.555771e-06 1.590340e-06 7.803187e+01 -1.685992e+02 1.425849e+02 
5.054023e+05 4.183259e+06 1.545501e+03 -3.249532e-07 -6.465512e-08 1.555623e-06 1.590515e-06 7.797656e+01 -1.687470e+02 1.441713e+02 
5.054034e+05 4.183260e+06 1.545501e+03 -3.261629e-07 -6.744002e-08 1.558819e-06 1.594004e-06 7.793935e+01 -1.683177e+02 1.459531e+02 
5.054041e+05 4.183261e+06 1.545501e+03 -3.268052e-07 -6.916659e-08 1.560850e-06 1.596195e-06 7.792010e+01 -1.680500e+02 1.469585e+02 
5.054049e+05 4.183262e+06 1.545501e+03 -3.284097e-07 -7.092908e-08 1.563311e-06 1.599007e-06 7.787067e+01 -1.678126e+02 1.487142e+02 
5.054068e+05 4.183263e+06 1.545501e+03 -3.288957e-07 -7.645673e-08 1.569767e-06 1.605673e-06 7.786034e+01 -1.669132e+02 1.508990e+02 
5.054097e+05 4.183266e+06 1.545501e+03 -3.310818e-07 -8.437353e-08 1.580290e-06 1.616802e-06 7.780024e+01 -1.657030e+02 1.547376e+02 
5.054110e+05 4.183267e+06 1.545501e+03 -3.319368e-07 -8.787495e-08 1.585143e-06 1.621907e-06 7.777750e+01 -1.651720e+02 1.563237e+02 
5.054118e+05 4.183268e+06 1.545501e+03 -3.336360e-07 -9.002296e-08 1.588820e-06 1.625967e-06 7.772930e+01 -1.648998e+02 1.580484e+02 
5.054119e+05 4.183270e+06 1.545501e+03 -3.359470e-07 -8.959376e-08 1.589529e-06 1.627111e-06 7.766163e+01 -1.650673e+02 1.597138e+02 
5.054125e+05 4.183272e+06 1.545501e+03 -3.381411e-07 -9.087333e-08 1.592478e-06 1.630516e-06 7.759965e+01 -1.649575e+02 1.614858e+02 
5.054120e+05 4.183274e+06 1.545501e+03 -3.417379e-07 -8.842731e-08 1.591299e-06 1.629980e-06 7.749277e+01 -1.654925e+02 1.637563e+02 
5.054100e+05 4.183275e+06 1.545501e+03 -3.442545e-07 -8.173813e-08 1.583885e-06 1.622925e-06 7.740741e+01 -1.666433e+02 1.660495e+02 
5.054102e+05 4.183277e+06 1.545501e+03 -3.475913e-07 -8.175140e-08 1.585815e-06 1.625519e-06 7.731042e+01 -1.667649e+02 1.681422e+02 
5.054102e+05 4.183277e+06 1.545501e+03 -3.475339e-07 -8.163593e-08 1.585628e-06 1.625319e-06 7.731181e+01 -1.667808e+02 1.682044e+02 
5.054098e+05 4.183278e+06 1.545501e+03 -3.500152e-07 -7.996791e-08 1.584863e-06 1.625022e-06 7.723569e+01 -1.671305e+02 1.696096e+02 
5.054083e+05 4.183281e+06 1.545501e+03 -3.563698e-07 -7.443684e-08 1.581271e-06 1.622639e-06 7.703455e+01 -1.682020e+02 1.731167e+02 
5.054108e+05 4.183283e+06 1.545501e+03 -3.586071e-07 -8.087787e-08 1.591260e-06 1.633171e-06 7.699169e+01 -1.672905e+02 1.760754e+02 
5.054117e+05 4.183284e+06 1.545501e+03 -3.598873e-07 -8.334227e-08 1.595481e-06 1.637689e-06 7.696368e+01 -1.669614e+02 1.773472e+02 
5.054096e+05 4.183285e+06 1.545501e+03 -3.627302e-07 -7.668436e-08 1.588058e-06 1.630761e-06 7.685911e+01 -1.680629e+02 1.796748e+02 
5.054101e+05 4.183287e+06 1.545501e+03 -3.660441e-07 -7.750062e-08 1.591225e-06 1.634622e-06 7.676792e+01 -1.680456e+02 1.814633e+02 
5.054103e+05 4.183288e+06 1.545501e+03 -3.692224e-07 -7.718960e-08 1.592786e-06 1.636842e-06 7.667663e+01 -1.681918e+02 1.829765e+02 
5.054108e+05 4.183290e+06 1.545501e+03 -3.725665e-07 -7.821196e-08 1.596356e-06 1.641120e-06 7.658704e+01 -1.681442e+02 1.847136e+02 
5.054119e+05 4.183291e+06 1.545501e+03 -3.750775e-07 -8.068601e-08 1.601544e-06 1.646857e-06 7.652838e+01 -1.678596e+02 1.863904e+02 
5.054140e+05 4.183291e+06 1.545501e+03 -3.749773e-07 -8.674372e-08 1.610387e-06 1.655741e-06 7.655855e+01 -1.669749e+02 1.884935e+02 
5.054143e+05 4.183293e+06 1.545501e+03 -3.782237e-07 -8.692952e-08 1.612902e-06 1.658935e-06 7.647108e+01 -1.670561e+02 1.899643e+02 
5.054152e+05 4.183294e+06 1.545501e+03 -3.809805e-07 -8.926100e-08 1.618367e-06 1.665000e-06 7.640759e+01 -1.668139e+02 1.916195e+02 
5.054163e+05 4.183296e+06 1.545501e+03 -3.836101e-07 -9.214975e-08 1.624697e-06 1.671912e-06 7.635113e+01 -1.664925e+02 1.933386e+02 
5.054171e+05 4.183297e+06 1.545501e+03 -3.865244e-07 -9.390662e-08 1.629561e-06 1.677405e-06 7.628261e+01 -1.663445e+02 1.948557e+02 
5.054186e+05 4.183298e+06 1.545501e+03 -3.897973e-07 -9.794626e-08 1.638393e-06 1.686970e-06 7.621693e+01 -1.658950e+02 1.970284e+02 
5.054201e+05 4.183301e+06 1.545501e+03 -3.951927e-07 -1.014986e-07 1.648222e-06 1.697974e-06 7.609591e+01 -1.655959e+02 1.997555e+02 
5.054212e+05 4.183303e+06 1.545501e+03 -4.017452e-07 -1.037808e-07 1.657038e-06 1.708199e-06 7.594183e+01 -1.655157e+02 2.025419e+02 
5.054223e+05 4.183305e+06 1.545501e+03 -4.052500e-07 -1.069317e-07 1.665029e-06 1.716969e-06 7.587107e+01 -1.652185e+02 2.043886e+02 
5.054229e+05 4.183306e+06 1.545501e+03 -4.100822e-07 -1.078977e-07 1.670488e-06 1.723467e-06 7.575678e+01 -1.652589e+02 2.062066e+02 
5.054238e+05 4.183308e+06 1.545501e+03 -4.145334e-07 -1.099326e-07 1.677495e-06 1.731448e-06 7.565913e+01 -1.651473e+02 2.080318e+02 
5.054246e+05 4.183310e+06 1.545501e+03 -4.198228e-07 -1.117976e-07 1.684951e-06 1.740060e-06 7.554158e+01 -1.650884e+02 2.100417e+02 
5.054255e+05 4.183312e+06 1.545501e+03 -4.260022e-07 -1.136093e-07 1.693102e-06 1.749566e-06 7.540409e+01 -1.650675e+02 2.122547e+02 
5.054265e+05 4.183314e+06 1.545501e+03 -4.325401e-07 -1.156250e-07 1.701967e-06 1.759872e-06 7.526142e+01 -1.650338e+02 2.145339e+02 
5.054278e+05 4.183316e+06 1.545501e+03 -4.383703e-07 -1.193080e-07 1.713233e-06 1.772447e-06 7.514811e+01 -1.647750e+02 2.168454e+02 
5.054288e+05 4.183318e+06 1.545501e+03 -4.451277e-07 -1.217469e-07 1.723161e-06 1.783885e-06 7.500753e+01 -1.647031e+02 2.191083e+02 
5.054300e+05 4.183320e+06 1.545501e+03 -4.507158e-07 -1.252114e-07 1.733977e-06 1.795967e-06 7.490241e+01 -1.644744e+02 2.211803e+02 
5.054312e+05 4.183321e+06 1.545501e+03 -4.562652e-07 -1.291470e-07 1.745641e-06 1.808900e-06 7.480273e+01 -1.641957e+02 2.232723e+02 
5.054319e+05 4.183323e+06 1.545501e+03 -4.624156e-07 -1.305464e-07 1.753350e-06 1.817995e-06 7.467484e+01 -1.642349e+02 2.250348e+02 
5.054328e+05 4.183325e+06 1.545501e+03 -4.684196e-07 -1.331246e-07 1.763051e-06 1.829067e-06 7.455941e+01 -1.641349e+02 2.268908e+02 
5.054348e+05 4.183326e+06 1.545501e+03 -4.748046e-07 -1.402276e-07 1.781142e-06 1.848667e-06 7.446641e+01 -1.635462e+02 2.295877e+02 
5.054368e+05 4.183327e+06 1.545501e+03 -4.773785e-07 -1.493232e-07 1.799395e-06 1.867622e-06 7.446538e+01 -1.626304e+02 2.318938e+02 
5.054384e+05 4.183328e+06 1.545501e+03 -4.766882e-07 -1.575944e-07 1.813191e-06 1.881417e-06 7.452286e+01 -1.617060e+02 2.335234e+02 
5.054392e+05 4.183329e+06 1.545501e+03 -4.833842e-07 -1.597766e-07 1.822821e-06 1.892582e-06 7.439519e+01 -1.617093e+02 2.353038e+02 
5.054397e+05 4.183330e+06 1.545501e+03 -4.869136e-07 -1.618390e-07 1.829468e-06 1.900060e-06 7.433296e+01 -1.616144e+02 2.363412e+02 
5.054408e+05 4.183332e+06 1.545501e+03 -4.928536e-07 -1.664833e-07 1.842651e-06 1.914676e-06 7.423470e+01 -1.613353e+02 2.382151e+02 
5.054413e+05 4.183333e+06 1.545501e+03 -4.981254e-07 -1.677046e-07 1.849352e-06 1.922591e-06 7.413449e+01 -1.613931e+02 2.394675e+02 
5.054428e+05 4.183334e+06 1.545501e+03 -5.014626e-07 -1.754697e-07 1.865500e-06 1.939676e-06 7.410356e+01 -1.607142e+02 2.412849e+02 
5.054442e+05 4.183335e+06 1.545501e+03 -5.031436e-07 -1.835610e-07 1.880578e-06 1.955357e-06 7.410323e+01 -1.599566e+02 2.428526e+02 
5.054451e+05 4.183335e+06 1.545501e+03 -5.057555e-07 -1.882505e-07 1.890670e-06 1.966179e-06 7.406965e+01 -1.595839e+02 2.439705e+02 
5.054462e+05 4.183336e+06 1.545501e+03 -5.096301e-07 -1.947378e-07 1.904761e-06 1.981353e-06 7.401702e+01 -1.590873e+02 2.455183e+02 
5.054477e+05 4.183337e+06 1.545501e+03 -5.088984e-07 -2.048118e-07 1.920478e-06 1.997289e-06 7.405850e+01 -1.580771e+02 2.469844e+02 
5.054488e+05 4.183337e+06 1.545501e+03 -5.082314e-07 -2.130920e-07 1.933119e-06 2.010139e-06 7.408813e+01 -1.572526e+02 2.481270e+02 
5.054496e+05 4.183337e+06 1.545501e+03 -5.098417e-07 -2.188712e-07 1.943661e-06 2.021302e-06 7.406811e+01 -1.567665e+02 2.491184e+02 
5.054507e+05 4.183338e+06 1.545501e+03 -5.117753e-07 -2.264763e-07 1.957233e-06 2.035673e-06 7.404274e+01 -1.561291e+02 2.503611e+02 
5.054538e+05 4.183339e+06 1.545501e+03 -5.113454e-07 -2.525638e-07 1.996403e-06 2.076267e-06 7.405680e+01 -1.537143e+02 2.535700e+02 
5.054561e+05 4.183338e+06 1.545501e+03 -5.040070e-07 -2.763151e-07 2.024443e-06 2.104458e-06 7.414967e+01 -1.512668e+02 2.559534e+02 
5.054583e+05 4.183340e+06 1.545501e+03 -5.077658e-07 -2.985071e-07 2.058909e-06 2.141504e-06 7.403531e+01 -1.495494e+02 2.586392e+02 
5.054332e+05 4.183356e+06 1.545501e+03 -6.672325e-07 -9.645254e-08 1.851620e-06 1.970533e-06 6.999363e+01 -1.717745e+02 2.888399e+02 
5.054311e+05 4.183353e+06 1.545501e+03 -6.384981e-07 -9.363384e-08 1.823808e-06 1.934612e-06 7.051444e+01 -1.716572e+02 2.931717e+02 
5.054309e+05 4.183351e+06 1.545501e+03 -6.246747e-07 -9.521733e-08 1.816565e-06 1.923328e-06 7.081983e+01 -1.713333e+02 2.949700e+02 
5.054304e+05 4.183348e+06 1.545501e+03 -6.026821e-07 -9.696668e-08 1.803216e-06 1.903737e-06 7.129778e+01 -1.708599e+02 2.980614e+02 
5.054304e+05 4.183346e+06 1.545501e+03 -5.896804e-07 -9.936434e-08 1.797994e-06 1.894829e-06 7.160343e+01 -1.704352e+02 2.998929e+02 
5.054298e+05 4.183344e+06 1.545501e+03 -5.784527e-07 -9.928337e-08 1.789028e-06 1.882840e-06 7.183733e+01 -1.702609e+02 3.017394e+02 
5.054291e+05 4.183342e+06 1.545501e+03 -5.676250e-07 -9.876362e-08 1.779470e-06 1.870419e-06 7.205919e+01 -1.701297e+02 3.036463e+02 
5.054297e+05 4.183340e+06 1.545501e+03 -5.540464e-07 -1.033765e-07 1.777910e-06 1.865105e-06 7.241107e+01 -1.694310e+02 3.057892e+02 
5.054293e+05 4.183339e+06 1.545501e+03 -5.442782e-07 -1.036571e-07 1.770675e-06 1.855336e-06 7.262460e+01 -1.692172e+02 3.075387e+02 
5.054293e+05 4.183337e+06 1.545501e+03 -5.364114e-07 -1.050239e-07 1.767049e-06 1.849656e-06 7.281175e+01 -1.689222e+02 3.088919e+02 
5.054297e+05 4.183336e+06 1.545501e+03 -5.301991e-07 -1.075757e-07 1.766993e-06 1.847958e-06 7.297692e+01 -1.685306e+02 3.099811e+02 
5.054315e+05 4.183336e+06 1.545501e+03 -5.237248e-07 -1.157635e-07 1.777383e-06 1.856550e-06 7.320760e+01 -1.675358e+02 3.119751e+02 
5.054332e+05 4.183335e+06 1.545501e+03 -5.186732e-07 -1.234921e-07 1.787757e-06 1.865569e-06 7.339358e+01 -1.666077e+02 3.137316e+02 
5.054352e+05 4.183334e+06 1.545501e+03 -5.138262e-07 -1.333591e-07 1.801953e-06 1.878520e-06 7.358517e+01 -1.654504e+02 3.158266e+02 
5.054372e+05 4.183334e+06 1.545501e+03 -5.069805e-07 -1.441134e-07 1.815638e-06 1.890592e-06 7.381240e+01 -1.641318e+02 3.179838e+02 
5.054397e+05 4.183333e+06 1.545501e+03 -5.031906e-07 -1.575857e-07 1.836232e-06 1.910440e-06 7.397814e+01 -1.626109e+02 3.204795e+02 
