# 1      , 2      , 3      , 4    , 5     , 6      , 7      , 8      ,                    9              , 10  , 11  , 12  , 13    , 14
# IGRF_In, IGRF_Ic, IGRF_Dc, dmeas, height, In_siB0, Ic_siB0, Dc_siB0,                    height m (-poh), In_m, Ic_m, Dc_m, min hP, max hP
4.520148e-05 5.352724e+01 3.334555e+00 0.000000e+00 1.556266e+03 4.440327e-05 5.579447e+01 -1.960365e-01 1.557300e+03 4.448792e+01 5.583627e+01 -1.122377e+00 1.535078e+03 1.556266e+03
4.520148e-05 5.352724e+01 3.334555e+00 2.157064e+00 1.555682e+03 4.541180e-05 5.570650e+01 -8.116278e-01 1.556000e+03 4.196911e+01 5.305396e+01 1.006797e+00 1.535078e+03 1.556266e+03
4.520148e-05 5.352724e+01 3.334555e+00 4.009790e+00 1.555524e+03 4.411275e-05 5.501797e+01 -1.380990e-01 1.555300e+03 4.446192e+01 5.314424e+01 6.568822e-02 1.535078e+03 1.556266e+03
4.520148e-05 5.352724e+01 3.334555e+00 6.432482e+00 1.555228e+03 4.643491e-05 5.494998e+01 3.541399e-01 1.554700e+03 4.390247e+01 5.501466e+01 -2.053104e-02 1.535078e+03 1.556266e+03
4.520148e-05 5.352724e+01 3.334555e+00 1.060382e+01 1.554987e+03 4.387212e-05 5.719923e+01 1.485591e+00 1.554000e+03 4.332387e+01 5.624892e+01 2.283837e+00 1.535078e+03 1.556266e+03
4.520148e-05 5.352724e+01 3.334555e+00 1.279858e+01 1.553799e+03 4.168827e-05 5.589173e+01 3.596581e+00 1.553300e+03 4.142757e+01 5.767648e+01 2.327239e+00 1.535078e+03 1.556266e+03
4.520148e-05 5.352724e+01 3.334555e+00 1.570972e+01 1.552447e+03 4.193931e-05 5.598428e+01 3.963914e+00 1.552000e+03 4.145050e+01 5.546068e+01 3.812288e+00 1.535078e+03 1.556266e+03
4.520148e-05 5.352724e+01 3.334555e+00 1.871373e+01 1.551012e+03 4.282462e-05 5.385927e+01 1.623706e+00 1.550600e+03 4.136905e+01 5.443539e+01 3.024181e+00 1.535078e+03 1.556266e+03
4.520148e-05 5.352724e+01 3.334555e+00 2.378995e+01 1.548554e+03 4.325376e-05 5.274163e+01 3.363939e+00 1.548300e+03 4.152581e+01 5.120870e+01 1.675675e+00 1.535078e+03 1.556266e+03
4.520148e-05 5.352724e+01 3.334555e+00 2.482539e+01 1.548130e+03 4.244205e-05 5.150418e+01 2.812665e+00 1.547200e+03 4.169582e+01 5.002213e+01 1.848368e+00 1.535078e+03 1.556266e+03
4.520148e-05 5.352724e+01 3.334555e+00 2.569447e+01 1.547834e+03 4.268850e-05 5.107428e+01 2.338502e+00 1.545700e+03 4.319422e+01 4.868189e+01 -7.589213e-01 1.535078e+03 1.556266e+03
4.520148e-05 5.352724e+01 3.334555e+00 2.920594e+01 1.546610e+03 4.286413e-05 5.093532e+01 3.911378e+00 1.544700e+03 4.333031e+01 5.164319e+01 1.495654e+00 1.535078e+03 1.556266e+03
4.520148e-05 5.352724e+01 3.334555e+00 3.250502e+01 1.545895e+03 4.275910e-05 5.330674e+01 2.698345e+00 1.543700e+03 4.271910e+01 5.084754e+01 1.506776e+00 1.535078e+03 1.556266e+03
4.520148e-05 5.352724e+01 3.334555e+00 3.440177e+01 1.545507e+03 4.349722e-05 5.182064e+01 1.015712e+00 1.543400e+03 4.324763e+01 5.055983e+01 1.430580e+00 1.535078e+03 1.556266e+03
4.520148e-05 5.352724e+01 3.334555e+00 3.600708e+01 1.545133e+03 4.358480e-05 5.217333e+01 2.192841e+00 1.543500e+03 4.379217e+01 5.129007e+01 1.584933e+00 1.535078e+03 1.556266e+03
4.520148e-05 5.352724e+01 3.334555e+00 3.806029e+01 1.544676e+03 4.310972e-05 5.335880e+01 2.771924e+00 1.543400e+03 4.399741e+01 5.198218e+01 1.437308e+00 1.535078e+03 1.556266e+03
4.520148e-05 5.352724e+01 3.334555e+00 4.012339e+01 1.544287e+03 4.597110e-05 5.015319e+01 1.790852e+00 1.543400e+03 4.428109e+01 5.239893e+01 1.402505e+00 1.535078e+03 1.556266e+03
4.520148e-05 5.352724e+01 3.334555e+00 4.206202e+01 1.544040e+03 4.357516e-05 5.033681e+01 3.730263e+00 1.543600e+03 4.415443e+01 5.250524e+01 1.276626e+00 1.535078e+03 1.556266e+03
4.520148e-05 5.352724e+01 3.334555e+00 4.396952e+01 1.543803e+03 4.420150e-05 5.168308e+01 1.938474e+00 1.543100e+03 4.386501e+01 5.230985e+01 7.168437e-01 1.535078e+03 1.556266e+03
4.520148e-05 5.352724e+01 3.334555e+00 4.625121e+01 1.543597e+03 4.323959e-05 5.057253e+01 4.010311e+00 1.543000e+03 4.364468e+01 5.192835e+01 3.594499e-01 1.535078e+03 1.556266e+03
4.520148e-05 5.352724e+01 3.334555e+00 4.892883e+01 1.543383e+03 4.289281e-05 5.157705e+01 1.496251e+00 1.542700e+03 4.364898e+01 5.088048e+01 -1.493370e-01 1.535078e+03 1.556266e+03
4.520148e-05 5.352724e+01 3.334555e+00 5.087570e+01 1.543261e+03 4.422577e-05 5.056071e+01 2.594110e-01 1.542600e+03 4.411006e+01 4.912592e+01 -1.025141e+00 1.535078e+03 1.556266e+03
4.520148e-05 5.352724e+01 3.334555e+00 5.302838e+01 1.543507e+03 4.439808e-05 5.106314e+01 -2.372309e-01 1.543600e+03 4.685463e+01 4.930186e+01 -2.361017e+00 1.535078e+03 1.556266e+03
4.520148e-05 5.352724e+01 3.334555e+00 5.487540e+01 1.543641e+03 4.535268e-05 5.092984e+01 1.937385e+00 1.545700e+03 4.767540e+01 5.239186e+01 -2.225564e+00 1.535078e+03 1.556266e+03
4.520148e-05 5.352724e+01 3.334555e+00 5.719304e+01 1.544288e+03 4.829741e-05 5.224938e+01 8.728132e+00 1.546600e+03 4.691841e+01 5.428650e+01 2.349734e-01 1.535078e+03 1.556266e+03
4.520148e-05 5.352724e+01 3.334555e+00 5.955443e+01 1.545109e+03 4.674453e-05 5.553081e+01 4.588096e+00 1.547100e+03 4.662411e+01 5.438320e+01 1.165516e+00 1.535078e+03 1.556266e+03
4.520148e-05 5.352724e+01 3.334555e+00 6.111958e+01 1.545241e+03 4.566004e-05 5.501070e+01 3.008769e+00 1.547400e+03 4.638731e+01 5.608657e+01 1.661418e+00 1.535078e+03 1.556266e+03
4.520148e-05 5.352724e+01 3.334555e+00 6.319502e+01 1.544877e+03 4.469895e-05 5.412649e+01 2.333404e+00 1.547500e+03 4.429685e+01 5.651648e+01 3.191259e+00 1.535078e+03 1.556266e+03
4.520148e-05 5.352724e+01 3.334555e+00 6.455714e+01 1.544620e+03 4.361576e-05 5.496241e+01 3.184546e+00 1.545900e+03 4.227339e+01 5.662921e+01 2.873329e+00 1.535078e+03 1.556266e+03
4.520148e-05 5.352724e+01 3.334555e+00 6.593101e+01 1.544292e+03 4.248499e-05 5.311945e+01 2.343498e+00 1.544800e+03 4.097923e+01 5.512826e+01 2.597322e+00 1.535078e+03 1.556266e+03
4.520148e-05 5.352724e+01 3.334555e+00 6.749700e+01 1.543874e+03 4.686339e-05 5.597293e+01 2.888419e+00 1.543900e+03 4.100407e+01 5.231613e+01 2.928146e+00 1.535078e+03 1.556266e+03
4.520148e-05 5.352724e+01 3.334555e+00 6.929172e+01 1.543386e+03 4.318228e-05 5.305351e+01 3.761609e+00 1.543100e+03 4.181209e+01 5.269397e+01 2.313403e+00 1.535078e+03 1.556266e+03
4.520148e-05 5.352724e+01 3.334555e+00 7.093375e+01 1.542951e+03 4.403463e-05 5.170688e+01 3.002846e+00 1.542100e+03 4.160604e+01 5.192082e+01 1.837403e+00 1.535078e+03 1.556266e+03
4.520148e-05 5.352724e+01 3.334555e+00 7.262516e+01 1.542931e+03 4.969278e-05 5.291472e+01 3.449717e+00 1.541900e+03 4.257990e+01 5.171535e+01 2.168046e+00 1.535078e+03 1.556266e+03
4.520148e-05 5.352724e+01 3.334555e+00 7.492696e+01 1.542915e+03 4.486908e-05 5.057325e+01 3.723684e+00 1.541600e+03 4.286244e+01 5.224487e+01 3.161507e+00 1.535078e+03 1.556266e+03
4.520148e-05 5.352724e+01 3.334555e+00 7.718037e+01 1.542831e+03 4.337793e-05 5.150484e+01 4.124062e+00 1.541200e+03 4.290580e+01 5.310423e+01 3.222746e+00 1.535078e+03 1.556266e+03
4.520148e-05 5.352724e+01 3.334555e+00 7.948909e+01 1.542659e+03 4.356602e-05 5.274401e+01 2.981316e+00 1.540600e+03 4.238042e+01 5.295924e+01 2.702064e+00 1.535078e+03 1.556266e+03
4.520148e-05 5.352724e+01 3.334555e+00 8.102207e+01 1.542506e+03 4.411682e-05 5.179470e+01 1.680708e+00 1.540300e+03 4.231536e+01 5.251960e+01 3.145245e+00 1.535078e+03 1.556266e+03
4.520148e-05 5.352724e+01 3.334555e+00 8.324161e+01 1.542444e+03 4.411698e-05 5.122133e+01 1.627817e+00 1.540000e+03 4.257007e+01 5.167717e+01 2.593745e+00 1.535078e+03 1.556266e+03
4.520148e-05 5.352724e+01 3.334555e+00 8.494116e+01 1.542390e+03 4.443033e-05 5.032558e+01 1.165379e+00 1.539700e+03 4.323530e+01 5.182386e+01 2.435426e+00 1.535078e+03 1.556266e+03
4.520148e-05 5.352724e+01 3.334555e+00 8.694708e+01 1.542215e+03 4.533040e-05 5.049430e+01 1.455102e+00 1.539700e+03 4.348858e+01 5.213753e+01 2.205294e+00 1.535078e+03 1.556266e+03
4.520148e-05 5.352724e+01 3.334555e+00 8.905913e+01 1.542490e+03 4.408952e-05 5.008312e+01 1.643053e+00 1.539800e+03 4.375665e+01 5.153973e+01 1.794059e+00 1.535078e+03 1.556266e+03
4.520148e-05 5.352724e+01 3.334555e+00 9.124541e+01 1.542880e+03 4.563497e-05 5.057070e+01 9.799497e-01 1.539800e+03 4.333735e+01 5.242923e+01 1.497827e+00 1.535078e+03 1.556266e+03
4.520148e-05 5.352724e+01 3.334555e+00 9.347366e+01 1.543012e+03 4.518859e-05 5.136923e+01 1.450097e+00 1.539600e+03 4.340233e+01 5.063036e+01 1.295131e+00 1.535078e+03 1.556266e+03
4.520148e-05 5.352724e+01 3.334555e+00 9.565355e+01 1.543457e+03 4.620043e-05 5.430663e+01 -9.273190e-01 1.539600e+03 4.693453e+01 4.701704e+01 1.684363e+00 1.535078e+03 1.556266e+03
4.520148e-05 5.352724e+01 3.334555e+00 9.679860e+01 1.543570e+03 4.592781e-05 5.240619e+01 1.307734e+00 1.540900e+03 4.612276e+01 5.226802e+01 -5.761827e-01 1.535078e+03 1.556266e+03
4.520148e-05 5.352724e+01 3.334555e+00 9.879789e+01 1.543560e+03 4.397114e-05 5.256926e+01 3.559029e+00 1.540800e+03 4.659234e+01 5.460551e+01 -2.922006e+00 1.535078e+03 1.556266e+03
4.520148e-05 5.352724e+01 3.334555e+00 1.007518e+02 1.543365e+03 4.395615e-05 5.270845e+01 5.677953e+00 1.541900e+03 4.461297e+01 5.579629e+01 -3.906813e-01 1.535078e+03 1.556266e+03
4.520148e-05 5.352724e+01 3.334555e+00 1.035650e+02 1.543354e+03 4.522317e-05 5.153348e+01 4.491679e+00 1.542400e+03 4.394269e+01 5.541521e+01 -2.411192e-01 1.535078e+03 1.556266e+03
4.520148e-05 5.352724e+01 3.334555e+00 1.056521e+02 1.543513e+03 4.557355e-05 5.158324e+01 2.535156e+00 1.542100e+03 4.222226e+01 5.514488e+01 2.161051e+00 1.535078e+03 1.556266e+03
4.520148e-05 5.352724e+01 3.334555e+00 1.073063e+02 1.543841e+03 4.657630e-05 5.161522e+01 1.959763e+00 1.542200e+03 4.164813e+01 5.273971e+01 4.783560e+00 1.535078e+03 1.556266e+03
4.520148e-05 5.352724e+01 3.334555e+00 1.086161e+02 1.543947e+03 4.629078e-05 5.173311e+01 2.614011e+00 1.541800e+03 4.351370e+01 5.109438e+01 6.023655e+00 1.535078e+03 1.556266e+03
4.520148e-05 5.352724e+01 3.334555e+00 1.106090e+02 1.544195e+03 4.835205e-05 5.377019e+01 -4.658140e+00 1.542100e+03 4.607738e+01 5.147225e+01 3.011337e+00 1.535078e+03 1.556266e+03
4.520148e-05 5.352724e+01 3.334555e+00 1.117330e+02 1.544448e+03 4.712874e-05 5.254596e+01 1.662247e+00 1.542600e+03 4.670324e+01 5.271624e+01 2.011809e+00 1.535078e+03 1.556266e+03
4.520148e-05 5.352724e+01 3.334555e+00 1.133783e+02 1.544864e+03 4.715625e-05 5.228670e+01 2.308022e+00 1.542600e+03 4.558016e+01 5.322058e+01 -6.130479e-01 1.535078e+03 1.556266e+03
4.520148e-05 5.352724e+01 3.334555e+00 1.164429e+02 1.545085e+03 4.770275e-05 5.310838e+01 1.636429e+00 1.542700e+03 4.526098e+01 5.269316e+01 -1.001412e+00 1.535078e+03 1.556266e+03
4.520148e-05 5.352724e+01 3.334555e+00 1.182755e+02 1.545647e+03 4.857684e-05 5.447095e+01 3.192297e+00 1.543400e+03 4.521312e+01 5.251648e+01 7.519339e-01 1.535078e+03 1.556266e+03
4.520148e-05 5.352724e+01 3.334555e+00 1.200628e+02 1.545878e+03 4.735401e-05 5.401784e+01 -3.341876e-01 1.543700e+03 4.514027e+01 5.070417e+01 1.222414e+00 1.535078e+03 1.556266e+03
4.520148e-05 5.352724e+01 3.334555e+00 1.217589e+02 1.545694e+03 4.532922e-05 5.511811e+01 3.328028e-01 1.544800e+03 4.744231e+01 5.205731e+01 1.068296e+00 1.535078e+03 1.556266e+03
4.520148e-05 5.352724e+01 3.334555e+00 1.236359e+02 1.545508e+03 4.524390e-05 5.439447e+01 1.593365e+00 1.544900e+03 4.709993e+01 5.639430e+01 -2.769507e+00 1.535078e+03 1.556266e+03
4.520148e-05 5.352724e+01 3.334555e+00 1.259096e+02 1.545113e+03 4.498208e-05 5.384891e+01 -9.825341e-02 1.544400e+03 4.364940e+01 5.667753e+01 -7.207159e+00 1.535078e+03 1.556266e+03
4.520148e-05 5.352724e+01 3.334555e+00 1.277039e+02 1.545001e+03 4.478973e-05 5.470305e+01 4.503620e-01 1.543800e+03 4.121377e+01 5.379794e+01 -2.278588e+00 1.535078e+03 1.556266e+03
4.520148e-05 5.352724e+01 3.334555e+00 1.303288e+02 1.544738e+03 4.555079e-05 5.502528e+01 3.835870e-01 1.543100e+03 4.360169e+01 5.223138e+01 4.067718e-01 1.535078e+03 1.556266e+03
4.520148e-05 5.352724e+01 3.334555e+00 1.319264e+02 1.544486e+03 4.422874e-05 5.407227e+01 -5.752689e-01 1.542800e+03 4.407682e+01 5.262185e+01 -1.190656e-01 1.535078e+03 1.556266e+03
4.520148e-05 5.352724e+01 3.334555e+00 1.337913e+02 1.544235e+03 4.343156e-05 5.395468e+01 2.472557e-01 1.542700e+03 4.439353e+01 5.344606e+01 -5.660931e-01 1.535078e+03 1.556266e+03
4.520148e-05 5.352724e+01 3.334555e+00 1.352497e+02 1.543927e+03 4.277691e-05 5.208113e+01 1.689724e+00 1.542800e+03 4.347919e+01 5.414681e+01 -1.049436e+00 1.535078e+03 1.556266e+03
4.520148e-05 5.352724e+01 3.334555e+00 1.369434e+02 1.543481e+03 4.157515e-05 5.564230e+01 1.671159e+00 1.542700e+03 4.311361e+01 5.347171e+01 -2.338540e-01 1.535078e+03 1.556266e+03
4.520148e-05 5.352724e+01 3.334555e+00 1.385889e+02 1.543222e+03 4.142166e-05 5.135018e+01 2.924088e+00 1.543500e+03 4.329046e+01 5.271491e+01 6.364126e-01 1.535078e+03 1.556266e+03
4.520148e-05 5.352724e+01 3.334555e+00 1.402659e+02 1.543092e+03 4.612861e-05 5.302986e+01 -1.118273e-01 1.543300e+03 4.405094e+01 5.371134e+01 1.076425e+00 1.535078e+03 1.556266e+03
4.520148e-05 5.352724e+01 3.334555e+00 1.425849e+02 1.542552e+03 4.322409e-05 5.083468e+01 2.885875e+00 1.543200e+03 4.308813e+01 5.266710e+01 9.360760e-01 1.535078e+03 1.556266e+03
4.520148e-05 5.352724e+01 3.334555e+00 1.441713e+02 1.542437e+03 4.395934e-05 4.844685e+01 3.003173e+00 1.543100e+03 4.361254e+01 5.237617e+01 1.271262e+00 1.535078e+03 1.556266e+03
4.520148e-05 5.352724e+01 3.334555e+00 1.459531e+02 1.542767e+03 4.483220e-05 4.896674e+01 6.287729e+00 1.542800e+03 4.347306e+01 5.203587e+01 1.375366e+00 1.535078e+03 1.556266e+03
4.520148e-05 5.352724e+01 3.334555e+00 1.469585e+02 1.542986e+03 4.562710e-05 4.922483e+01 4.305660e+00 1.542400e+03 4.363393e+01 5.188368e+01 1.439842e+00 1.535078e+03 1.556266e+03
4.520148e-05 5.352724e+01 3.334555e+00 1.487142e+02 1.543562e+03 4.593054e-05 4.858136e+01 3.052730e+00 1.541500e+03 4.373689e+01 5.044286e+01 1.122758e+00 1.535078e+03 1.556266e+03
4.520148e-05 5.352724e+01 3.334555e+00 1.508990e+02 1.544059e+03 4.736149e-05 4.855565e+01 3.327685e+00 1.541400e+03 4.399965e+01 5.075273e+01 6.641804e-01 1.535078e+03 1.556266e+03
4.520148e-05 5.352724e+01 3.334555e+00 1.547376e+02 1.545427e+03 4.670343e-05 5.049459e+01 1.229508e+00 1.543200e+03 4.545103e+01 4.849445e+01 2.634746e+00 1.535078e+03 1.556266e+03
4.520148e-05 5.352724e+01 3.334555e+00 1.563237e+02 1.546035e+03 4.773669e-05 5.055606e+01 2.873839e+00 1.544400e+03 4.770238e+01 4.925869e+01 2.282191e+00 1.535078e+03 1.556266e+03
4.520148e-05 5.352724e+01 3.334555e+00 1.580484e+02 1.546950e+03 4.956519e-05 5.119672e+01 2.349896e+00 1.544800e+03 4.917775e+01 5.132983e+01 1.157750e+00 1.535078e+03 1.556266e+03
4.520148e-05 5.352724e+01 3.334555e+00 1.597138e+02 1.547545e+03 4.671359e-05 5.293413e+01 1.198299e+00 1.544700e+03 4.703244e+01 5.424963e+01 1.997217e-01 1.535078e+03 1.556266e+03
4.520148e-05 5.352724e+01 3.334555e+00 1.614858e+02 1.547979e+03 4.753162e-05 5.542946e+01 -5.456331e+00 1.544300e+03 4.615388e+01 5.150006e+01 1.715321e+00 1.535078e+03 1.556266e+03
4.520148e-05 5.352724e+01 3.334555e+00 1.637563e+02 1.548948e+03 4.780063e-05 5.384665e+01 -1.800405e+00 1.544600e+03 4.804514e+01 4.944723e+01 5.260500e+00 1.535078e+03 1.556266e+03
4.520148e-05 5.352724e+01 3.334555e+00 1.660495e+02 1.550463e+03 5.032360e-05 5.409803e+01 -2.078597e+00 1.545300e+03 4.737498e+01 5.087166e+01 7.040976e+00 1.535078e+03 1.556266e+03
4.520148e-05 5.352724e+01 3.334555e+00 1.681422e+02 1.551664e+03 5.230525e-05 5.857890e+01 -3.668290e+00 1.547400e+03 4.832565e+01 5.473040e+01 8.034639e+00 1.535078e+03 1.556266e+03
4.520148e-05 5.352724e+01 3.334555e+00 1.682044e+02 1.551653e+03 5.227600e-05 5.776877e+01 -2.939842e+00 1.547400e+03 4.849527e+01 5.383797e+01 5.516721e+00 1.535078e+03 1.556266e+03
4.520148e-05 5.352724e+01 3.334555e+00 1.696096e+02 1.552655e+03 4.839892e-05 5.851028e+01 -2.735334e+00 1.548700e+03 4.747329e+01 5.353095e+01 4.105337e+00 1.535078e+03 1.556266e+03
4.520148e-05 5.352724e+01 3.334555e+00 1.731167e+02 1.551894e+03 4.491050e-05 6.020156e+01 -1.779341e+00 1.544200e+03 4.815239e+01 5.537150e+01 -1.326956e+00 1.535078e+03 1.556266e+03
4.520148e-05 5.352724e+01 3.334555e+00 1.760754e+02 1.550315e+03 4.222452e-05 5.752584e+01 -2.198461e+00 1.543900e+03 4.612961e+01 6.074418e+01 5.561774e-01 1.535078e+03 1.556266e+03
4.520148e-05 5.352724e+01 3.334555e+00 1.773472e+02 1.549118e+03 4.088069e-05 5.641460e+01 2.862607e-01 1.542800e+03 4.445392e+01 6.568666e+01 -1.241810e+01 1.535078e+03 1.556266e+03
4.520148e-05 5.352724e+01 3.334555e+00 1.796748e+02 1.549316e+03 4.170479e-05 5.524166e+01 -3.590386e-01 1.541800e+03 4.279455e+01 6.124319e+01 2.857434e+00 1.535078e+03 1.556266e+03
4.520148e-05 5.352724e+01 3.334555e+00 1.814633e+02 1.547402e+03 4.146028e-05 5.272095e+01 2.535408e-01 1.548800e+03 4.179907e+01 5.304400e+01 -3.836298e-01 1.535078e+03 1.556266e+03
4.520148e-05 5.352724e+01 3.334555e+00 1.829765e+02 1.545898e+03 4.188820e-05 4.947659e+01 1.915524e-01 1.548200e+03 4.216683e+01 5.307585e+01 -1.674401e+00 1.535078e+03 1.556266e+03
4.520148e-05 5.352724e+01 3.334555e+00 1.847136e+02 1.544850e+03 4.290260e-05 5.114646e+01 -3.499983e-01 1.547400e+03 4.290856e+01 5.331989e+01 -1.589852e+00 1.535078e+03 1.556266e+03
4.520148e-05 5.352724e+01 3.334555e+00 1.863904e+02 1.543783e+03 4.188705e-05 5.256869e+01 -2.620857e+00 1.546700e+03 4.288546e+01 5.336968e+01 -3.594397e+00 1.535078e+03 1.556266e+03
4.520148e-05 5.352724e+01 3.334555e+00 1.884935e+02 1.542529e+03 4.241652e-05 4.965458e+01 2.128266e+00 1.546000e+03 4.223477e+01 5.259882e+01 -1.291264e+00 1.535078e+03 1.556266e+03
4.520148e-05 5.352724e+01 3.334555e+00 1.899643e+02 1.541948e+03 4.399144e-05 4.893530e+01 2.426646e+00 1.545100e+03 4.102368e+01 5.287970e+01 -1.148582e+00 1.535078e+03 1.556266e+03
4.520148e-05 5.352724e+01 3.334555e+00 1.916195e+02 1.541606e+03 4.584262e-05 4.897881e+01 3.616358e+00 1.543900e+03 4.164495e+01 5.003042e+01 1.669709e+00 1.535078e+03 1.556266e+03
4.520148e-05 5.352724e+01 3.334555e+00 1.933386e+02 1.541451e+03 4.447719e-05 4.972519e+01 3.319418e+00 1.543000e+03 4.264267e+01 5.056570e+01 1.614315e+00 1.535078e+03 1.556266e+03
4.520148e-05 5.352724e+01 3.334555e+00 1.948557e+02 1.541429e+03 4.495277e-05 4.988654e+01 3.442204e+00 1.541700e+03 4.342484e+01 5.052783e+01 1.789757e+00 1.535078e+03 1.556266e+03
4.520148e-05 5.352724e+01 3.334555e+00 1.970284e+02 1.541433e+03 4.482386e-05 5.029220e+01 4.092875e+00 1.540900e+03 4.397124e+01 5.169277e+01 2.693670e+00 1.535078e+03 1.556266e+03
4.520148e-05 5.352724e+01 3.334555e+00 1.997555e+02 1.542100e+03 4.706470e-05 5.233242e+01 4.938713e+00 1.540600e+03 4.452215e+01 5.185518e+01 1.583166e+00 1.535078e+03 1.556266e+03
4.520148e-05 5.352724e+01 3.334555e+00 2.025419e+02 1.542595e+03 4.517011e-05 5.378819e+01 2.005848e+00 1.540500e+03 4.578723e+01 5.242492e+01 7.333876e-01 1.535078e+03 1.556266e+03
4.520148e-05 5.352724e+01 3.334555e+00 2.043886e+02 1.542510e+03 4.624542e-05 5.372608e+01 6.663922e-01 1.541100e+03 4.501628e+01 5.416932e+01 -3.666159e-01 1.535078e+03 1.556266e+03
4.520148e-05 5.352724e+01 3.334555e+00 2.062066e+02 1.542486e+03 4.539138e-05 5.397729e+01 -2.570217e-01 1.541000e+03 4.440732e+01 5.456089e+01 -1.180510e+00 1.535078e+03 1.556266e+03
4.520148e-05 5.352724e+01 3.334555e+00 2.080318e+02 1.542419e+03 4.447924e-05 5.352668e+01 7.916497e-01 1.540900e+03 4.345749e+01 5.455760e+01 -1.319032e+00 1.535078e+03 1.556266e+03
4.520148e-05 5.352724e+01 3.334555e+00 2.100417e+02 1.542389e+03 4.581710e-05 5.342638e+01 2.963747e+00 1.540600e+03 4.333011e+01 5.351250e+01 -1.189557e-01 1.535078e+03 1.556266e+03
4.520148e-05 5.352724e+01 3.334555e+00 2.122547e+02 1.542302e+03 4.462866e-05 5.432380e+01 8.172206e-01 1.540600e+03 4.383210e+01 5.302252e+01 -6.923340e-02 1.535078e+03 1.556266e+03
4.520148e-05 5.352724e+01 3.334555e+00 2.145339e+02 1.542153e+03 4.404171e-05 5.264114e+01 1.869287e+00 1.540600e+03 4.453225e+01 5.331030e+01 -1.795810e-01 1.535078e+03 1.556266e+03
4.520148e-05 5.352724e+01 3.334555e+00 2.168454e+02 1.541989e+03 4.446729e-05 5.136391e+01 3.949196e+00 1.540600e+03 4.449596e+01 5.452690e+01 -4.801669e-01 1.535078e+03 1.556266e+03
4.520148e-05 5.352724e+01 3.334555e+00 2.191083e+02 1.541925e+03 4.428815e-05 5.235934e+01 2.382782e+00 1.539900e+03 4.321488e+01 5.491263e+01 -3.391484e-01 1.535078e+03 1.556266e+03
4.520148e-05 5.352724e+01 3.334555e+00 2.211803e+02 1.542058e+03 4.675919e-05 5.304972e+01 7.906423e+00 1.539600e+03 4.362244e+01 5.337837e+01 2.826230e-04 1.535078e+03 1.556266e+03
4.520148e-05 5.352724e+01 3.334555e+00 2.232723e+02 1.542257e+03 4.426029e-05 4.996096e+01 3.686947e+00 1.539100e+03 4.357931e+01 5.363767e+01 5.904045e-01 1.535078e+03 1.556266e+03
4.520148e-05 5.352724e+01 3.334555e+00 2.250348e+02 1.542438e+03 4.411849e-05 5.121985e+01 4.356511e+00 1.539000e+03 4.275391e+01 5.323554e+01 1.235312e+00 1.535078e+03 1.556266e+03
4.520148e-05 5.352724e+01 3.334555e+00 2.268908e+02 1.543451e+03 4.737578e-05 5.052097e+01 4.341566e+00 1.539300e+03 4.286663e+01 5.168238e+01 1.508501e+00 1.535078e+03 1.556266e+03
4.520148e-05 5.352724e+01 3.334555e+00 2.295877e+02 1.544963e+03 4.887967e-05 5.219314e+01 2.683000e-01 1.539600e+03 4.315136e+01 5.019224e+01 2.788409e+00 1.535078e+03 1.556266e+03
4.520148e-05 5.352724e+01 3.334555e+00 2.318938e+02 1.545680e+03 4.961601e-05 5.402295e+01 3.687393e-01 1.540500e+03 4.578857e+01 4.878858e+01 2.683316e+00 1.535078e+03 1.556266e+03
4.520148e-05 5.352724e+01 3.334555e+00 2.335234e+02 1.545818e+03 4.971442e-05 5.616337e+01 -8.699936e-01 1.541300e+03 4.727535e+01 5.090495e+01 -9.930897e-02 1.535078e+03 1.556266e+03
4.520148e-05 5.352724e+01 3.334555e+00 2.353038e+02 1.546016e+03 4.719381e-05 5.901556e+01 1.525527e+00 1.542100e+03 4.838431e+01 5.284410e+01 1.144985e+00 1.535078e+03 1.556266e+03
4.520148e-05 5.352724e+01 3.334555e+00 2.363412e+02 1.545638e+03 4.453863e-05 5.821806e+01 -3.570803e+00 1.543500e+03 4.756678e+01 5.484378e+01 -1.263009e+00 1.535078e+03 1.556266e+03
4.520148e-05 5.352724e+01 3.334555e+00 2.382151e+02 1.544869e+03 4.301721e-05 5.931549e+01 -3.647433e+00 1.544100e+03 4.771110e+01 5.711368e+01 -1.193583e+00 1.535078e+03 1.556266e+03
4.520148e-05 5.352724e+01 3.334555e+00 2.394675e+02 1.544364e+03 4.349856e-05 5.701941e+01 -2.092419e+00 1.544900e+03 4.543249e+01 5.992780e+01 -3.243286e+00 1.535078e+03 1.556266e+03
4.520148e-05 5.352724e+01 3.334555e+00 2.412849e+02 1.543205e+03 4.008088e-05 5.537236e+01 6.913208e-01 1.544900e+03 4.267248e+01 6.027011e+01 -3.173430e+00 1.535078e+03 1.556266e+03
4.520148e-05 5.352724e+01 3.334555e+00 2.428526e+02 1.542146e+03 4.004704e-05 5.454119e+01 -1.072073e+00 1.543600e+03 4.159712e+01 5.789257e+01 -2.915180e+00 1.535078e+03 1.556266e+03
4.520148e-05 5.352724e+01 3.334555e+00 2.439705e+02 1.541329e+03 4.002045e-05 5.381969e+01 1.173272e+00 1.542700e+03 4.047966e+01 5.733275e+01 2.591390e-01 1.535078e+03 1.556266e+03
4.520148e-05 5.352724e+01 3.334555e+00 2.455183e+02 1.540195e+03 3.872458e-05 4.980253e+01 2.633606e+00 1.541800e+03 4.040144e+01 5.638868e+01 4.943449e-01 1.535078e+03 1.556266e+03
4.520148e-05 5.352724e+01 3.334555e+00 2.469844e+02 1.539574e+03 4.094449e-05 5.193235e+01 2.777228e+00 1.541000e+03 4.071995e+01 5.618657e+01 7.123870e-01 1.535078e+03 1.556266e+03
4.520148e-05 5.352724e+01 3.334555e+00 2.481270e+02 1.539101e+03 4.057724e-05 5.221649e+01 2.145938e+00 1.540800e+03 4.075032e+01 5.583331e+01 5.342485e-01 1.535078e+03 1.556266e+03
4.520148e-05 5.352724e+01 3.334555e+00 2.491184e+02 1.538405e+03 4.093059e-05 5.126003e+01 2.385863e+00 1.540400e+03 4.078849e+01 5.607136e+01 1.117144e+00 1.535078e+03 1.556266e+03
4.520148e-05 5.352724e+01 3.334555e+00 2.503611e+02 1.537565e+03 4.092443e-05 5.136252e+01 2.210913e+00 1.540100e+03 4.076222e+01 5.615789e+01 1.025457e+00 1.535078e+03 1.556266e+03
4.520148e-05 5.352724e+01 3.334555e+00 2.535700e+02 1.536082e+03 4.112931e-05 5.050666e+01 4.105139e+00 1.538300e+03 3.976962e+01 5.563509e+01 6.568993e-01 1.535078e+03 1.556266e+03
4.520148e-05 5.352724e+01 3.334555e+00 2.559534e+02 1.535933e+03 4.176397e-05 5.136156e+01 3.442592e+00 1.537700e+03 4.016802e+01 5.675772e+01 -1.581074e-01 1.535078e+03 1.556266e+03
4.520148e-05 5.352724e+01 3.334555e+00 2.586392e+02 1.535078e+03 4.209009e-05 5.072056e+01 3.969666e+00 1.536200e+03 4.025341e+01 5.597967e+01 -2.144414e-01 1.535078e+03 1.556266e+03
4.520148e-05 5.352724e+01 3.334555e+00 2.588399e+02 1.537898e+03 4.407315e-05 4.870595e+01 3.462207e+00 1.537400e+03 4.293960e+01 5.111345e+01 -1.028746e-02 1.535078e+03 1.556266e+03
4.520148e-05 5.352724e+01 3.334555e+00 2.631717e+02 1.538783e+03 4.237659e-05 5.026229e+01 1.749885e-01 1.538000e+03 4.240373e+01 5.143620e+01 -1.577845e+00 1.535078e+03 1.556266e+03
4.520148e-05 5.352724e+01 3.334555e+00 2.649700e+02 1.539160e+03 4.235020e-05 4.939123e+01 2.686708e-01 1.539100e+03 4.223195e+01 5.069244e+01 -1.598336e+00 1.535078e+03 1.556266e+03
4.520148e-05 5.352724e+01 3.334555e+00 2.680614e+02 1.540133e+03 4.306982e-05 4.937044e+01 -1.262382e-01 1.540500e+03 4.027488e+01 5.084315e+01 1.633675e+00 1.535078e+03 1.556266e+03
4.520148e-05 5.352724e+01 3.334555e+00 2.698929e+02 1.540980e+03 4.141715e-05 4.973200e+01 -5.650620e-01 1.541300e+03 3.989841e+01 5.277636e+01 -1.039823e+00 1.535078e+03 1.556266e+03
4.520148e-05 5.352724e+01 3.334555e+00 2.717394e+02 1.542138e+03 4.164256e-05 5.219751e+01 -1.897181e+00 1.542300e+03 4.038977e+01 5.443445e+01 -1.483066e+00 1.535078e+03 1.556266e+03
4.520148e-05 5.352724e+01 3.334555e+00 2.736463e+02 1.543301e+03 4.219315e-05 5.268208e+01 -2.186641e+00 1.543400e+03 4.042214e+01 5.417343e+01 -1.701861e+00 1.535078e+03 1.556266e+03
4.520148e-05 5.352724e+01 3.334555e+00 2.757892e+02 1.543837e+03 4.233325e-05 5.488766e+01 -1.257692e+00 1.545000e+03 4.039419e+01 5.574209e+01 -2.134232e+00 1.535078e+03 1.556266e+03
4.520148e-05 5.352724e+01 3.334555e+00 2.775387e+02 1.544754e+03 4.196563e-05 5.440195e+01 -1.181224e+00 1.547100e+03 4.100769e+01 5.896923e+01 -3.263895e+00 1.535078e+03 1.556266e+03
4.520148e-05 5.352724e+01 3.334555e+00 2.788919e+02 1.545582e+03 4.173153e-05 5.562646e+01 -2.482406e+00 1.548200e+03 4.406393e+01 6.490037e+01 -1.274586e+01 1.535078e+03 1.556266e+03
4.520148e-05 5.352724e+01 3.334555e+00 2.799811e+02 1.546107e+03 4.181754e-05 5.722060e+01 -1.494204e+00 1.548200e+03 4.632386e+01 5.979148e+01 -5.335812e+00 1.535078e+03 1.556266e+03
4.520148e-05 5.352724e+01 3.334555e+00 2.819751e+02 1.545924e+03 4.152413e-05 5.569557e+01 -1.831839e+00 1.548200e+03 4.633012e+01 5.943835e+01 -4.525480e+00 1.535078e+03 1.556266e+03
4.520148e-05 5.352724e+01 3.334555e+00 2.837316e+02 1.545710e+03 4.122247e-05 5.711316e+01 -1.603624e+00 1.547500e+03 4.633235e+01 5.953845e+01 -5.154669e+00 1.535078e+03 1.556266e+03
4.520148e-05 5.352724e+01 3.334555e+00 2.858266e+02 1.545423e+03 4.173728e-05 5.848743e+01 -1.707679e+00 1.547000e+03 4.559281e+01 6.084432e+01 -2.315776e+00 1.535078e+03 1.556266e+03
4.520148e-05 5.352724e+01 3.334555e+00 2.879838e+02 1.545492e+03 4.271237e-05 5.858206e+01 -2.045046e+00 1.546400e+03 4.618013e+01 5.929545e+01 -3.779381e+00 1.535078e+03 1.556266e+03
4.520148e-05 5.352724e+01 3.334555e+00 2.904795e+02 1.544774e+03 4.178020e-05 5.776768e+01 -3.821719e+00 1.546000e+03 4.540810e+01 5.995110e+01 -4.404756e+00 1.535078e+03 1.556266e+03
