# 1      , 2      , 3      , 4    , 5     , 6      , 7      , 8      ,                    9              , 10  , 11  , 12  , 13    , 14      
# IGRF_In, IGRF_Ic, IGRF_Dc, dmeas, height, In_siB0, Ic_siB0, Dc_siB0,                    height m (-poh), In_m, Ic_m, Dc_m, min hP, max hP  
4.515061e-05 5.339022e+01 3.316679e+00 0.000000e+00 1.833698e+03 4.591724e-05 5.308655e+01 2.319700e+00 1.832900e+03 4.470480e+01 5.038850e+01 -4.228519e+00 1.829566e+03 1.833965e+03 
4.515061e-05 5.339022e+01 3.316679e+00 1.826582e+00 1.833511e+03 4.588909e-05 5.315951e+01 2.971711e+00 1.832400e+03 4.369717e+01 5.077554e+01 4.892801e-02 1.829566e+03 1.833965e+03 
4.515061e-05 5.339022e+01 3.316679e+00 3.076480e+00 1.833450e+03 4.605941e-05 5.318975e+01 3.084561e+00 1.832900e+03 4.439313e+01 5.151961e+01 2.177678e+00 1.829566e+03 1.833965e+03 
4.515061e-05 5.339022e+01 3.316679e+00 4.271907e+00 1.833399e+03 4.607277e-05 5.310994e+01 3.161607e+00 1.833100e+03 4.357369e+01 5.199667e+01 4.404691e+00 1.829566e+03 1.833965e+03 
4.515061e-05 5.339022e+01 3.316679e+00 5.276618e+00 1.833311e+03 4.608449e-05 5.304598e+01 3.340673e+00 1.833900e+03 4.533711e+01 5.375801e+01 7.101803e+00 1.829566e+03 1.833965e+03 
4.515061e-05 5.339022e+01 3.316679e+00 6.297626e+00 1.833076e+03 4.623978e-05 5.289939e+01 3.485965e+00 1.834100e+03 4.705863e+01 5.487807e+01 3.403693e+00 1.829566e+03 1.833965e+03 
4.515061e-05 5.339022e+01 3.316679e+00 7.243156e+00 1.833207e+03 4.624471e-05 5.291689e+01 4.252687e+00 1.833800e+03 4.525468e+01 5.524835e+01 -2.672678e+00 1.829566e+03 1.833965e+03 
4.515061e-05 5.339022e+01 3.316679e+00 8.437897e+00 1.833679e+03 4.648128e-05 5.320469e+01 4.782444e+00 1.833700e+03 4.274810e+01 5.242104e+01 -1.115597e+00 1.829566e+03 1.833965e+03 
4.515061e-05 5.339022e+01 3.316679e+00 9.614407e+00 1.833965e+03 4.696481e-05 5.334873e+01 4.971669e+00 1.833600e+03 4.580624e+01 5.225792e+01 5.247998e+00 1.829566e+03 1.833965e+03 
4.515061e-05 5.339022e+01 3.316679e+00 1.272041e+01 1.833280e+03 4.758177e-05 5.232041e+01 3.933341e+00 1.832500e+03 4.465130e+01 5.144250e+01 1.853558e-01 1.829566e+03 1.833965e+03 
4.515061e-05 5.339022e+01 3.316679e+00 1.403497e+01 1.833002e+03 4.740902e-05 5.221417e+01 3.389186e+00 1.832400e+03 4.405571e+01 5.272040e+01 -7.778909e-01 1.829566e+03 1.833965e+03 
4.515061e-05 5.339022e+01 3.316679e+00 1.586689e+01 1.832734e+03 4.724370e-05 5.246306e+01 3.502377e+00 1.832400e+03 4.425169e+01 5.109919e+01 1.624868e-01 1.829566e+03 1.833965e+03 
4.515061e-05 5.339022e+01 3.316679e+00 1.586689e+01 1.832734e+03 4.724370e-05 5.246306e+01 3.502377e+00 1.832400e+03 4.425505e+01 5.094206e+01 -3.639845e+00 1.829566e+03 1.833965e+03 
4.515061e-05 5.339022e+01 3.316679e+00 1.763454e+01 1.833095e+03 4.743201e-05 5.309255e+01 2.584939e+00 1.833400e+03 4.449071e+01 4.928800e+01 2.869856e+00 1.829566e+03 1.833965e+03 
4.515061e-05 5.339022e+01 3.316679e+00 1.984280e+01 1.832957e+03 4.687015e-05 5.329931e+01 1.067449e+00 1.833400e+03 4.701689e+01 4.898003e+01 2.177594e+00 1.829566e+03 1.833965e+03 
4.515061e-05 5.339022e+01 3.316679e+00 2.118361e+01 1.832617e+03 4.644815e-05 5.351609e+01 1.149499e+00 1.833300e+03 4.902706e+01 5.246455e+01 2.801787e-01 1.829566e+03 1.833965e+03 
4.515061e-05 5.339022e+01 3.316679e+00 2.267966e+01 1.832315e+03 4.596219e-05 5.362327e+01 1.138329e+00 1.833000e+03 4.775359e+01 5.450344e+01 -2.711708e+00 1.829566e+03 1.833965e+03 
4.515061e-05 5.339022e+01 3.316679e+00 2.441193e+01 1.832058e+03 4.560478e-05 5.329673e+01 1.856629e+00 1.831500e+03 4.506207e+01 5.413616e+01 -3.595660e+00 1.829566e+03 1.833965e+03 
4.515061e-05 5.339022e+01 3.316679e+00 2.621819e+01 1.831841e+03 4.596606e-05 5.305849e+01 2.408552e+00 1.831100e+03 4.666079e+01 5.455059e+01 -1.477079e+00 1.829566e+03 1.833965e+03 
4.515061e-05 5.339022e+01 3.316679e+00 2.782520e+01 1.831792e+03 4.638776e-05 5.299639e+01 2.169744e+00 1.830900e+03 4.495143e+01 5.524566e+01 -7.515320e+00 1.829566e+03 1.833965e+03 
4.515061e-05 5.339022e+01 3.316679e+00 2.916410e+01 1.831400e+03 4.627484e-05 5.263494e+01 1.502616e+00 1.830400e+03 4.351721e+01 5.406733e+01 -7.396959e+00 1.829566e+03 1.833965e+03 
4.515061e-05 5.339022e+01 3.316679e+00 3.071741e+01 1.831362e+03 4.618861e-05 5.258048e+01 1.210538e+00 1.830300e+03 4.266818e+01 5.271717e+01 -3.032533e+00 1.829566e+03 1.833965e+03 
4.515061e-05 5.339022e+01 3.316679e+00 3.243676e+01 1.830724e+03 4.580945e-05 5.225333e+01 1.284651e+00 1.830200e+03 4.332470e+01 5.269411e+01 nan 1.829566e+03 1.833965e+03 
4.515061e-05 5.339022e+01 3.316679e+00 3.441467e+01 1.830359e+03 4.553679e-05 5.208729e+01 1.834680e+00 1.829900e+03 4.235384e+01 5.236813e+01 nan 1.829566e+03 1.833965e+03 
4.515061e-05 5.339022e+01 3.316679e+00 3.629643e+01 1.830113e+03 4.557294e-05 5.214245e+01 2.429189e+00 1.829700e+03 4.205716e+01 5.205730e+01 nan 1.829566e+03 1.833965e+03 
4.515061e-05 5.339022e+01 3.316679e+00 3.896794e+01 1.829609e+03 4.528727e-05 5.209468e+01 2.953432e+00 1.829000e+03 4.052113e+01 5.231842e+01 nan 1.829566e+03 1.833965e+03 
4.515061e-05 5.339022e+01 3.316679e+00 4.085457e+01 1.829566e+03 4.537377e-05 5.214773e+01 3.901555e+00 1.829300e+03 4.155903e+01 5.259850e+01 nan 1.829566e+03 1.833965e+03 
4.515061e-05 5.339022e+01 3.316679e+00 4.276846e+01 1.829857e+03 4.573836e-05 5.232398e+01 4.157213e+00 1.829600e+03 4.355694e+01 5.338504e+01 5.158607e+00 1.829566e+03 1.833965e+03 
4.515061e-05 5.339022e+01 3.316679e+00 4.464986e+01 1.830280e+03 4.608416e-05 5.256480e+01 4.042621e+00 1.829900e+03 4.417858e+01 5.312179e+01 3.105439e+00 1.829566e+03 1.833965e+03 
4.515061e-05 5.339022e+01 3.316679e+00 4.676861e+01 1.830341e+03 4.615434e-05 5.263811e+01 3.763144e+00 1.829800e+03 4.504581e+01 5.359078e+01 9.159551e-01 1.829566e+03 1.833965e+03 
4.515061e-05 5.339022e+01 3.316679e+00 4.811333e+01 1.830526e+03 4.623815e-05 5.276087e+01 3.694581e+00 1.828900e+03 4.285379e+01 5.121378e+01 -4.475373e-01 1.829566e+03 1.833965e+03 
4.515061e-05 5.339022e+01 3.316679e+00 5.002179e+01 1.830617e+03 4.632467e-05 5.284053e+01 3.398039e+00 1.829200e+03 4.406597e+01 5.254103e+01 3.335315e+00 1.829566e+03 1.833965e+03 
4.515061e-05 5.339022e+01 3.316679e+00 5.175131e+01 1.830324e+03 4.618106e-05 5.266788e+01 3.090439e+00 1.829400e+03 4.531148e+01 5.298921e+01 3.670102e+00 1.829566e+03 1.833965e+03 
4.515061e-05 5.339022e+01 3.316679e+00 5.352843e+01 1.830330e+03 4.604034e-05 5.254863e+01 3.131616e+00 1.829700e+03 4.568224e+01 5.296223e+01 3.879339e-01 1.829566e+03 1.833965e+03 
4.515061e-05 5.339022e+01 3.316679e+00 5.494783e+01 1.830280e+03 4.586686e-05 5.241099e+01 3.571416e+00 1.829300e+03 4.535313e+01 5.142411e+01 -2.249872e+00 1.829566e+03 1.833965e+03 
4.515061e-05 5.339022e+01 3.316679e+00 5.632598e+01 1.830635e+03 4.607040e-05 5.255651e+01 4.307809e+00 1.829000e+03 4.312282e+01 4.954438e+01 nan 1.829566e+03 1.833965e+03 
4.515061e-05 5.339022e+01 3.316679e+00 5.741149e+01 1.830744e+03 4.622116e-05 5.263815e+01 4.519421e+00 1.828700e+03 4.243387e+01 4.817234e+01 nan 1.829566e+03 1.833965e+03 
4.515061e-05 5.339022e+01 3.316679e+00 5.865229e+01 1.830688e+03 4.632888e-05 5.266574e+01 4.597872e+00 1.828300e+03 4.238582e+01 4.743969e+01 nan 1.829566e+03 1.833965e+03 
4.515061e-05 5.339022e+01 3.316679e+00 6.013259e+01 1.830765e+03 4.652666e-05 5.283366e+01 4.387911e+00 1.828100e+03 4.088619e+01 4.871455e+01 4.900117e+00 1.829566e+03 1.833965e+03 
4.515061e-05 5.339022e+01 3.316679e+00 6.161869e+01 1.830775e+03 4.653813e-05 5.309861e+01 3.680827e+00 1.828600e+03 4.188012e+01 4.984370e+01 3.163523e+00 1.829566e+03 1.833965e+03 
4.515061e-05 5.339022e+01 3.316679e+00 6.366153e+01 1.830807e+03 4.628236e-05 5.307643e+01 2.903804e+00 1.830000e+03 4.466160e+01 5.230800e+01 7.860689e+00 1.829566e+03 1.833965e+03 
4.515061e-05 5.339022e+01 3.316679e+00 6.469303e+01 1.830766e+03 4.617488e-05 5.305701e+01 2.826425e+00 1.830800e+03 4.646709e+01 5.293433e+01 2.777710e+00 1.829566e+03 1.833965e+03 
