# 1    , 2      , 3      , 4      , 5      , 6      , 7       
# dmeas, Bx_siB0, By_siB0, Bz_siB0, In_siB0, Ic_siB0, Dc_siB0 
0.000000e+00 2.755566e-05 1.116240e-06 3.671284e-05 4.591724e-05 5.308655e+01 2.319700e+00 
1.826582e+00 2.747760e-05 1.426437e-06 3.672540e-05 4.588909e-05 5.315951e+01 2.971711e+00 
3.076480e+00 2.755729e-05 1.485002e-06 3.687628e-05 4.605941e-05 5.318975e+01 3.084561e+00 
4.271907e+00 2.761454e-05 1.525331e-06 3.684849e-05 4.607277e-05 5.310994e+01 3.161607e+00 
5.276618e+00 2.765771e-05 1.614434e-06 3.682696e-05 4.608449e-05 5.304598e+01 3.340673e+00 
6.297626e+00 2.784099e-05 1.695983e-06 3.687981e-05 4.623978e-05 5.289939e+01 3.485965e+00 
7.243156e+00 2.780753e-05 2.067767e-06 3.689226e-05 4.624471e-05 5.291689e+01 4.252687e+00 
8.437897e+00 2.774341e-05 2.321119e-06 3.722130e-05 4.648128e-05 5.320469e+01 4.782444e+00 
9.614407e+00 2.792984e-05 2.429629e-06 3.767910e-05 4.696481e-05 5.334873e+01 4.971669e+00 
1.272041e+01 2.901562e-05 1.995050e-06 3.765817e-05 4.758177e-05 5.232041e+01 3.933341e+00 
1.403497e+01 2.899725e-05 1.717262e-06 3.746766e-05 4.740902e-05 5.221417e+01 3.389186e+00 
1.586689e+01 2.873054e-05 1.758431e-06 3.746240e-05 4.724370e-05 5.246306e+01 3.502377e+00 
1.586689e+01 2.873054e-05 1.758431e-06 3.746240e-05 4.724370e-05 5.246306e+01 3.502377e+00 
1.763454e+01 2.845509e-05 1.284643e-06 3.792695e-05 4.743201e-05 5.309255e+01 2.584939e+00 
1.984280e+01 2.800637e-05 5.218333e-07 3.757900e-05 4.687015e-05 5.329931e+01 1.067449e+00 
2.118361e+01 2.761238e-05 5.540489e-07 3.734542e-05 4.644815e-05 5.351609e+01 1.149499e+00 
2.267966e+01 2.725442e-05 5.415510e-07 3.700575e-05 4.596219e-05 5.362327e+01 1.138329e+00 
2.441193e+01 2.724234e-05 8.830777e-07 3.656324e-05 4.560478e-05 5.329673e+01 1.856629e+00 
2.621819e+01 2.760117e-05 1.160959e-06 3.673835e-05 4.596606e-05 5.305849e+01 2.408552e+00 
2.782520e+01 2.789917e-05 1.057024e-06 3.704516e-05 4.638776e-05 5.299639e+01 2.169744e+00 
2.916410e+01 2.807414e-05 7.364299e-07 3.677854e-05 4.627484e-05 5.263494e+01 1.502616e+00 
3.071741e+01 2.806008e-05 5.929383e-07 3.668335e-05 4.618861e-05 5.258048e+01 1.210538e+00 
3.243676e+01 2.803618e-05 6.287157e-07 3.622268e-05 4.580945e-05 5.225333e+01 1.284651e+00 
3.441467e+01 2.796621e-05 8.958180e-07 3.592615e-05 4.553679e-05 5.208729e+01 1.834680e+00 
3.629643e+01 2.794300e-05 1.185419e-06 3.598161e-05 4.557294e-05 5.214245e+01 2.429189e+00 
3.896794e+01 2.778566e-05 1.433541e-06 3.573288e-05 4.528727e-05 5.209468e+01 2.953432e+00 
4.085457e+01 2.777808e-05 1.894477e-06 3.582693e-05 4.537377e-05 5.214773e+01 3.901555e+00 
4.276846e+01 2.788154e-05 2.026560e-06 3.620097e-05 4.573836e-05 5.232398e+01 4.157213e+00 
4.464986e+01 2.794319e-05 1.974867e-06 3.659273e-05 4.608416e-05 5.256480e+01 4.042621e+00 
4.676861e+01 2.794824e-05 1.838264e-06 3.668432e-05 4.615434e-05 5.263811e+01 3.763144e+00 
4.811333e+01 2.792254e-05 1.803018e-06 3.681097e-05 4.623815e-05 5.276087e+01 3.694581e+00 
5.002179e+01 2.793255e-05 1.658540e-06 3.691879e-05 4.632467e-05 5.284053e+01 3.398039e+00 
5.175131e+01 2.796504e-05 1.509853e-06 3.672011e-05 4.618106e-05 5.266788e+01 3.090439e+00 
5.352843e+01 2.795476e-05 1.529447e-06 3.655003e-05 4.604034e-05 5.254863e+01 3.131616e+00 
5.494783e+01 2.792414e-05 1.742852e-06 3.634521e-05 4.586686e-05 5.241099e+01 3.571416e+00 
5.632598e+01 2.793069e-05 2.103947e-06 3.657775e-05 4.607040e-05 5.255651e+01 4.307809e+00 
5.741149e+01 2.796194e-05 2.210190e-06 3.673745e-05 4.622116e-05 5.263815e+01 4.519421e+00 
5.865229e+01 2.800638e-05 2.252293e-06 3.683660e-05 4.632888e-05 5.266574e+01 4.597872e+00 
6.013259e+01 2.802582e-05 2.150521e-06 3.707640e-05 4.652666e-05 5.283366e+01 4.387911e+00 
6.161869e+01 2.788569e-05 1.793917e-06 3.721515e-05 4.653813e-05 5.309861e+01 3.680827e+00 
6.366153e+01 2.776839e-05 1.408534e-06 3.699986e-05 4.628236e-05 5.307643e+01 2.903804e+00 
6.469303e+01 2.771827e-05 1.368464e-06 3.690453e-05 4.617488e-05 5.305701e+01 2.826425e+00 
