# 1, 2, 3, 4   , 5   , 6   , 7   , 8   , 9   , 10  
# x, y, z, Bx_si, By_si, Bz_si, In_si, Ic_si, Dc_si, dmeas 
4.993227e+05 4.171981e+06 1.833698e+03 -4.415604e-07 6.746622e-07 -4.697422e-07 9.331680e-07 3.022416e+01 -3.320439e+01 0.000000e+00 
4.993245e+05 4.171980e+06 1.833511e+03 -1.313634e-07 5.966048e-07 -4.822959e-07 7.783334e-07 3.829073e+01 -1.241753e+01 1.826582e+00 
4.993257e+05 4.171980e+06 1.833450e+03 -7.279782e-08 6.762892e-07 -6.331812e-07 9.292928e-07 4.294987e+01 -6.143835e+00 3.076480e+00 
4.993268e+05 4.171979e+06 1.833399e+03 -3.246903e-08 7.335365e-07 -6.053866e-07 9.516423e-07 3.950528e+01 -2.534468e+00 4.271907e+00 
4.993278e+05 4.171979e+06 1.833311e+03 5.663370e-08 7.767149e-07 -5.838605e-07 9.733378e-07 3.685944e+01 4.170307e+00 5.276618e+00 
4.993282e+05 4.171978e+06 1.833076e+03 1.381827e-07 9.599874e-07 -6.367102e-07 1.160203e-06 3.328419e+01 8.191018e+00 6.297626e+00 
4.993291e+05 4.171978e+06 1.833207e+03 5.099673e-07 9.265270e-07 -6.491575e-07 1.240937e-06 3.154169e+01 2.882871e+01 7.243156e+00 
4.993303e+05 4.171979e+06 1.833679e+03 7.633187e-07 8.624110e-07 -9.781996e-07 1.511053e-06 4.034305e+01 4.151200e+01 8.437897e+00 
4.993314e+05 4.171978e+06 1.833965e+03 8.718288e-07 1.048840e-06 -1.436001e-06 1.980467e-06 4.647568e+01 3.973444e+01 9.614407e+00 
4.993335e+05 4.171976e+06 1.833280e+03 4.372502e-07 2.134620e-06 -1.415075e-06 2.598120e-06 3.300099e+01 1.157619e+01 1.272041e+01 
4.993347e+05 4.171975e+06 1.833002e+03 1.594619e-07 2.116253e-06 -1.224564e-06 2.450206e-06 2.998545e+01 4.309154e+00 1.403497e+01 
4.993363e+05 4.171975e+06 1.832734e+03 2.006312e-07 1.849538e-06 -1.219297e-06 2.224350e-06 3.324080e+01 6.191029e+00 1.586689e+01 
4.993363e+05 4.171975e+06 1.832734e+03 2.006312e-07 1.849538e-06 -1.219297e-06 2.224350e-06 3.324080e+01 6.191029e+00 1.586689e+01 
4.993380e+05 4.171975e+06 1.833095e+03 -2.731573e-07 1.574086e-06 -1.683847e-06 2.321142e-06 4.650537e+01 -9.844719e+00 1.763454e+01 
4.993402e+05 4.171975e+06 1.832957e+03 -1.035967e-06 1.125372e-06 -1.335903e-06 2.030844e-06 4.113283e+01 -4.263126e+01 1.984280e+01 
4.993415e+05 4.171975e+06 1.832617e+03 -1.003751e-06 7.313767e-07 -1.102321e-06 1.660584e-06 4.159150e+01 -5.392129e+01 2.118361e+01 
4.993430e+05 4.171975e+06 1.832315e+03 -1.016249e-06 3.734247e-07 -7.626529e-07 1.324329e-06 3.516119e+01 -6.982394e+01 2.267966e+01 
4.993445e+05 4.171976e+06 1.832058e+03 -6.747223e-07 3.613353e-07 -3.201448e-07 8.296422e-07 2.269857e+01 -6.182953e+01 2.441193e+01 
4.993463e+05 4.171976e+06 1.831841e+03 -3.968410e-07 7.201686e-07 -4.952478e-07 9.598937e-07 3.106032e+01 -2.885648e+01 2.621819e+01 
4.993478e+05 4.171977e+06 1.831792e+03 -5.007761e-07 1.018169e-06 -8.020570e-07 1.389511e-06 3.525543e+01 -2.618980e+01 2.782520e+01 
4.993488e+05 4.171976e+06 1.831400e+03 -8.213701e-07 1.193136e-06 -5.354437e-07 1.544320e-06 2.028672e+01 -3.454402e+01 2.916410e+01 
4.993500e+05 4.171977e+06 1.831362e+03 -9.648617e-07 1.179080e-06 -4.402519e-07 1.585878e-06 1.611747e+01 -3.929405e+01 3.071741e+01 
4.993517e+05 4.171977e+06 1.830724e+03 -9.290843e-07 1.155181e-06 2.041951e-08 1.482585e-06 -7.891547e-01 -3.880889e+01 3.243676e+01 
4.993536e+05 4.171977e+06 1.830359e+03 -6.619820e-07 1.085206e-06 3.169472e-07 1.310094e-06 -1.400030e+01 -3.138344e+01 3.441467e+01 
4.993555e+05 4.171977e+06 1.830113e+03 -3.723806e-07 1.062001e-06 2.614893e-07 1.155375e-06 -1.308076e+01 -1.932273e+01 3.629643e+01 
4.993580e+05 4.171976e+06 1.829609e+03 -1.242591e-07 9.046640e-07 5.102198e-07 1.046031e-06 -2.919393e+01 -7.820859e+00 3.896794e+01 
4.993598e+05 4.171976e+06 1.829566e+03 3.366765e-07 8.970753e-07 4.161706e-07 1.044650e-06 -2.347713e+01 2.057135e+01 4.085457e+01 
4.993617e+05 4.171976e+06 1.829857e+03 4.687602e-07 1.000544e-06 4.212969e-08 1.105713e-06 -2.183604e+00 2.510333e+01 4.276846e+01 
4.993635e+05 4.171976e+06 1.830280e+03 4.170671e-07 1.062192e-06 -3.496308e-07 1.193498e-06 1.703443e+01 2.143734e+01 4.464986e+01 
4.993656e+05 4.171975e+06 1.830341e+03 2.804638e-07 1.067245e-06 -4.412180e-07 1.188421e-06 2.179359e+01 1.472397e+01 4.676861e+01 
4.993669e+05 4.171976e+06 1.830526e+03 2.452179e-07 1.041539e-06 -5.678705e-07 1.211368e-06 2.795542e+01 1.324833e+01 4.811333e+01 
4.993688e+05 4.171976e+06 1.830617e+03 1.007400e-07 1.051552e-06 -6.756859e-07 1.253978e-06 3.260428e+01 5.472307e+00 5.002179e+01 
4.993703e+05 4.171975e+06 1.830324e+03 -4.794750e-08 1.084043e-06 -4.770124e-07 1.185322e-06 2.373035e+01 -2.532556e+00 5.175131e+01 
4.993721e+05 4.171975e+06 1.830330e+03 -2.835284e-08 1.073761e-06 -3.069303e-07 1.117127e-06 1.594710e+01 -1.512554e+00 5.352843e+01 
4.993735e+05 4.171975e+06 1.830280e+03 1.850521e-07 1.043136e-06 -1.021091e-07 1.064332e-06 5.505264e+00 1.005960e+01 5.494783e+01 
4.993748e+05 4.171975e+06 1.830635e+03 5.461475e-07 1.049691e-06 -3.346500e-07 1.229683e-06 1.579185e+01 2.748766e+01 5.632598e+01 
4.993759e+05 4.171975e+06 1.830744e+03 6.523900e-07 1.080945e-06 -4.943529e-07 1.355890e-06 2.138275e+01 3.111253e+01 5.741149e+01 
4.993768e+05 4.171974e+06 1.830688e+03 6.944927e-07 1.125379e-06 -5.934990e-07 1.449496e-06 2.417041e+01 3.167952e+01 5.865229e+01 
4.993780e+05 4.171973e+06 1.830765e+03 5.927212e-07 1.144817e-06 -8.332951e-07 1.535026e-06 3.287813e+01 2.737255e+01 6.013259e+01 
4.993792e+05 4.171972e+06 1.830775e+03 2.361166e-07 1.004691e-06 -9.720502e-07 1.417757e-06 4.328480e+01 1.322532e+01 6.161869e+01 
4.993812e+05 4.171973e+06 1.830807e+03 -1.492658e-07 8.873873e-07 -7.567585e-07 1.175764e-06 4.006315e+01 -9.548238e+00 6.366153e+01 
4.993822e+05 4.171973e+06 1.830766e+03 -1.893358e-07 8.372689e-07 -6.614335e-07 1.083680e-06 3.761546e+01 -1.274227e+01 6.469303e+01 
