# 1, 2, 3, 4   , 5   , 6   , 7   , 8   , 9   , 10  
# x, y, z, Bx_si, By_si, Bz_si, In_si, Ic_si, Dc_si, dmeas 
4.993227e+05 4.171981e+06 1.832681e+03 -7.462882e-07 1.039558e-07 1.617379e-06 1.784283e-06 6.502044e+01 1.720699e+02 0.000000e+00 
4.993245e+05 4.171980e+06 1.832681e+03 -7.445811e-07 9.884039e-08 1.612272e-06 1.778649e-06 6.502050e+01 1.724384e+02 1.826582e+00 
4.993257e+05 4.171980e+06 1.832681e+03 -7.425322e-07 9.565634e-08 1.609036e-06 1.774684e-06 6.504792e+01 1.726593e+02 3.076480e+00 
4.993268e+05 4.171979e+06 1.832681e+03 -7.419811e-07 9.233228e-08 1.605872e-06 1.771408e-06 6.503302e+01 1.729066e+02 4.271907e+00 
4.993278e+05 4.171979e+06 1.832681e+03 -7.398064e-07 9.001223e-08 1.603518e-06 1.768244e-06 6.507256e+01 1.730629e+02 5.276618e+00 
4.993282e+05 4.171978e+06 1.832681e+03 -7.333946e-07 8.961622e-08 1.602577e-06 1.764696e-06 6.524849e+01 1.730334e+02 6.297626e+00 
4.993291e+05 4.171978e+06 1.832681e+03 -7.353579e-07 8.674364e-08 1.600154e-06 1.763170e-06 6.516810e+01 1.732724e+02 7.243156e+00 
4.993303e+05 4.171979e+06 1.832681e+03 -7.391422e-07 8.315037e-08 1.597250e-06 1.761946e-06 6.502963e+01 1.735815e+02 8.437897e+00 
4.993314e+05 4.171978e+06 1.832681e+03 -7.376942e-07 8.030225e-08 1.594622e-06 1.758824e-06 6.504524e+01 1.737875e+02 9.614407e+00 
4.993335e+05 4.171976e+06 1.832681e+03 -7.230696e-07 7.646657e-08 1.590419e-06 1.748745e-06 6.543126e+01 1.739633e+02 1.272041e+01 
4.993347e+05 4.171975e+06 1.832681e+03 -7.194833e-07 7.390467e-08 1.588148e-06 1.745088e-06 6.551469e+01 1.741352e+02 1.403497e+01 
4.993363e+05 4.171975e+06 1.832681e+03 -7.152368e-07 7.016635e-08 1.585022e-06 1.740340e-06 6.560983e+01 1.743971e+02 1.586689e+01 
4.993363e+05 4.171975e+06 1.832681e+03 -7.152368e-07 7.016635e-08 1.585022e-06 1.740340e-06 6.560983e+01 1.743971e+02 1.586689e+01 
4.993380e+05 4.171975e+06 1.832681e+03 -7.193290e-07 6.544320e-08 1.581519e-06 1.738655e-06 6.545322e+01 1.748016e+02 1.763454e+01 
4.993402e+05 4.171975e+06 1.832681e+03 -7.229860e-07 5.980374e-08 1.577435e-06 1.736256e-06 6.530251e+01 1.752714e+02 1.984280e+01 
4.993415e+05 4.171975e+06 1.832681e+03 -7.222917e-07 5.675596e-08 1.575260e-06 1.733889e-06 6.530062e+01 1.755071e+02 2.118361e+01 
4.993430e+05 4.171975e+06 1.832681e+03 -7.246674e-07 5.312721e-08 1.572803e-06 1.732534e-06 6.520374e+01 1.758070e+02 2.267966e+01 
4.993445e+05 4.171976e+06 1.832681e+03 -7.322416e-07 4.925033e-08 1.570305e-06 1.733339e-06 6.495055e+01 1.761521e+02 2.441193e+01 
4.993463e+05 4.171976e+06 1.832681e+03 -7.349572e-07 4.511737e-08 1.567707e-06 1.732023e-06 6.484089e+01 1.764871e+02 2.621819e+01 
4.993478e+05 4.171977e+06 1.832681e+03 -7.395634e-07 4.154551e-08 1.565575e-06 1.731966e-06 6.467950e+01 1.767847e+02 2.782520e+01 
4.993488e+05 4.171976e+06 1.832681e+03 -7.339820e-07 3.970858e-08 1.564543e-06 1.728613e-06 6.483488e+01 1.769033e+02 2.916410e+01 
4.993500e+05 4.171977e+06 1.832681e+03 -7.413354e-07 3.667207e-08 1.562847e-06 1.730148e-06 6.459559e+01 1.771680e+02 3.071741e+01 
4.993517e+05 4.171977e+06 1.832681e+03 -7.392089e-07 3.334844e-08 1.561169e-06 1.727655e-06 6.464005e+01 1.774169e+02 3.243676e+01 
4.993536e+05 4.171977e+06 1.832681e+03 -7.440238e-07 2.927069e-08 1.559203e-06 1.727872e-06 6.447313e+01 1.777471e+02 3.441467e+01 
4.993555e+05 4.171977e+06 1.832681e+03 -7.437458e-07 2.555299e-08 1.557654e-06 1.726296e-06 6.446340e+01 1.780323e+02 3.629643e+01 
4.993580e+05 4.171976e+06 1.832681e+03 -7.368856e-07 2.096989e-08 1.556201e-06 1.721976e-06 6.465274e+01 1.783699e+02 3.896794e+01 
4.993598e+05 4.171976e+06 1.832681e+03 -7.336620e-07 1.750715e-08 1.555300e-06 1.719745e-06 6.473964e+01 1.786330e+02 4.085457e+01 
4.993617e+05 4.171976e+06 1.832681e+03 -7.336240e-07 1.377334e-08 1.554410e-06 1.718891e-06 6.473053e+01 1.789244e+02 4.276846e+01 
4.993635e+05 4.171976e+06 1.832681e+03 -7.368719e-07 1.016196e-08 1.553609e-06 1.719530e-06 6.462305e+01 1.792099e+02 4.464986e+01 
4.993656e+05 4.171975e+06 1.832681e+03 -7.339198e-07 6.216027e-09 1.553234e-06 1.717909e-06 6.470796e+01 1.795147e+02 4.676861e+01 
4.993669e+05 4.171976e+06 1.832681e+03 -7.357257e-07 3.661767e-09 1.552956e-06 1.718423e-06 6.465009e+01 1.797148e+02 4.811333e+01 
4.993688e+05 4.171976e+06 1.832681e+03 -7.341936e-07 3.233157e-11 1.552921e-06 1.717732e-06 6.469604e+01 1.799975e+02 5.002179e+01 
4.993703e+05 4.171975e+06 1.832681e+03 -7.285658e-07 -2.939427e-09 1.553261e-06 1.715645e-06 6.487063e+01 -1.797688e+02 5.175131e+01 
4.993721e+05 4.171975e+06 1.832681e+03 -7.300173e-07 -6.344771e-09 1.553430e-06 1.716423e-06 6.482850e+01 -1.795020e+02 5.352843e+01 
4.993735e+05 4.171975e+06 1.832681e+03 -7.298896e-07 -9.100575e-09 1.553760e-06 1.716681e-06 6.483617e+01 -1.792856e+02 5.494783e+01 
4.993748e+05 4.171975e+06 1.832681e+03 -7.324501e-07 -1.162517e-08 1.554043e-06 1.718042e-06 6.476181e+01 -1.790907e+02 5.632598e+01 
4.993759e+05 4.171975e+06 1.832681e+03 -7.295803e-07 -1.366207e-08 1.554562e-06 1.717305e-06 6.485474e+01 -1.789272e+02 5.741149e+01 
4.993768e+05 4.171974e+06 1.832681e+03 -7.235136e-07 -1.558185e-08 1.555269e-06 1.715394e-06 6.504700e+01 -1.787662e+02 5.865229e+01 
4.993780e+05 4.171973e+06 1.832681e+03 -7.179958e-07 -1.825642e-08 1.556212e-06 1.713956e-06 6.522558e+01 -1.785435e+02 6.013259e+01 
4.993792e+05 4.171972e+06 1.832681e+03 -7.119467e-07 -2.090416e-08 1.557281e-06 1.712434e-06 6.542207e+01 -1.783182e+02 6.161869e+01 
4.993812e+05 4.171973e+06 1.832681e+03 -7.151398e-07 -2.481077e-08 1.558353e-06 1.714790e-06 6.533620e+01 -1.780130e+02 6.366153e+01 
4.993822e+05 4.171973e+06 1.832681e+03 -7.148419e-07 -2.695054e-08 1.559136e-06 1.715410e-06 6.535380e+01 -1.778409e+02 6.469303e+01 
