# 1 , 2 , 3 , 4      , 5      , 6      , 7      , 8      , 9      , 10 (pm), 11 (pm), 12 (pm)  
# xm, ym, zm, IGRF_In, IGRF_Ic, IGRF_Dc, In_siB0, Ic_siB0, Dc_siB0, Bx_siB0, By_siB0, Bz_siB0  
1.247790e+02 1.002300e+02 2.054321e+00 4.518274e-05 5.346856e+01 3.327694e+00 4.740496e-05 5.209194e+01 2.241787e+00 2.910314e-05 1.139287e-06 3.740241e-05 
1.247790e+02 1.012943e+02 3.101620e+00 4.518274e-05 5.346856e+01 3.327694e+00 4.779142e-05 5.290330e+01 2.124583e+00 2.880615e-05 1.068650e-06 3.811933e-05 
1.247790e+02 1.023587e+02 4.057986e+00 4.518274e-05 5.346856e+01 3.327694e+00 4.796203e-05 5.388852e+01 2.041502e+00 2.824888e-05 1.006960e-06 3.874717e-05 
1.247790e+02 1.034230e+02 4.855393e+00 4.518274e-05 5.346856e+01 3.327694e+00 4.782470e-05 5.489332e+01 2.022980e+00 2.748687e-05 9.709006e-07 3.912456e-05 
1.247790e+02 1.044874e+02 5.437121e+00 4.518274e-05 5.346856e+01 3.327694e+00 4.741844e-05 5.572357e+01 2.076012e+00 2.668788e-05 9.674118e-07 3.918328e-05 
1.247790e+02 1.055517e+02 5.761791e+00 4.518274e-05 5.346856e+01 3.327694e+00 4.686771e-05 5.630487e+01 2.179684e+00 2.598216e-05 9.889076e-07 3.899400e-05 
1.247790e+02 1.066161e+02 5.806309e+00 4.518274e-05 5.346856e+01 3.327694e+00 4.624463e-05 5.667190e+01 2.315697e+00 2.538756e-05 1.026636e-06 3.863915e-05 
1.247790e+02 1.076804e+02 5.567509e+00 4.518274e-05 5.346856e+01 3.327694e+00 4.554568e-05 5.683433e+01 2.483890e+00 2.489289e-05 1.079835e-06 3.812593e-05 
1.247790e+02 1.087448e+02 5.062376e+00 4.518274e-05 5.346856e+01 3.327694e+00 4.477637e-05 5.670385e+01 2.685148e+00 2.455375e-05 1.151547e-06 3.742607e-05 
1.247790e+02 1.098091e+02 4.326841e+00 4.518274e-05 5.346856e+01 3.327694e+00 4.404620e-05 5.616907e+01 2.890915e+00 2.449125e-05 1.236780e-06 3.658848e-05 
1.247790e+02 1.108735e+02 3.413223e+00 4.518274e-05 5.346856e+01 3.327694e+00 4.353014e-05 5.528067e+01 3.047870e+00 2.475782e-05 1.318245e-06 3.577968e-05 
1.247790e+02 1.119378e+02 2.386508e+00 4.518274e-05 5.346856e+01 3.327694e+00 4.330475e-05 5.425981e+01 3.128515e+00 2.525707e-05 1.380481e-06 3.514934e-05 
1.247790e+02 1.130022e+02 1.319727e+00 4.518274e-05 5.346856e+01 3.327694e+00 4.331509e-05 5.330232e+01 3.145556e+00 2.584578e-05 1.420369e-06 3.473003e-05 
1.247790e+02 1.140665e+02 2.887598e-01 4.518274e-05 5.346856e+01 3.327694e+00 4.347019e-05 5.249170e+01 3.123642e+00 2.642864e-05 1.442262e-06 3.448339e-05 
1.247790e+02 1.151309e+02 -6.330600e-01 4.518274e-05 5.346856e+01 3.327694e+00 4.370209e-05 5.184101e+01 3.081231e+00 2.696212e-05 1.451358e-06 3.436292e-05 
1.247790e+02 1.161952e+02 -1.380163e+00 4.518274e-05 5.346856e+01 3.327694e+00 4.397299e-05 5.133963e+01 3.028424e+00 2.743168e-05 1.451280e-06 3.433686e-05 
1.247790e+02 1.172596e+02 -1.899407e+00 4.518274e-05 5.346856e+01 3.327694e+00 4.426666e-05 5.097392e+01 2.969477e+00 2.783614e-05 1.443961e-06 3.438897e-05 
1.247790e+02 1.183239e+02 -2.153858e+00 4.518274e-05 5.346856e+01 3.327694e+00 4.458027e-05 5.073252e+01 2.905169e+00 2.818044e-05 1.430109e-06 3.451402e-05 
1.247790e+02 1.193883e+02 -2.125418e+00 4.518274e-05 5.346856e+01 3.327694e+00 4.491835e-05 5.060702e+01 2.834413e+00 2.847192e-05 1.409651e-06 3.471341e-05 
1.247790e+02 1.204526e+02 -1.816108e+00 4.518274e-05 5.346856e+01 3.327694e+00 4.528839e-05 5.059221e+01 2.755316e+00 2.871745e-05 1.382068e-06 3.499195e-05 
1.247790e+02 1.215170e+02 -1.247931e+00 4.518274e-05 5.346856e+01 3.327694e+00 4.569721e-05 5.068738e+01 2.665909e+00 2.892019e-05 1.346596e-06 3.535596e-05 
1.247790e+02 1.225813e+02 -4.613009e-01 4.518274e-05 5.346856e+01 3.327694e+00 4.614720e-05 5.089919e+01 2.564741e+00 2.907527e-05 1.302371e-06 3.581196e-05 
1.247790e+02 1.236457e+02 4.878289e-01 4.518274e-05 5.346856e+01 3.327694e+00 4.663142e-05 5.124542e+01 2.451593e+00 2.916389e-05 1.248637e-06 3.636479e-05 
1.247790e+02 1.247100e+02 1.531946e+00 4.518274e-05 5.346856e+01 3.327694e+00 4.712483e-05 5.175694e+01 2.329029e+00 2.914612e-05 1.185420e-06 3.701146e-05 
1.247790e+02 1.257743e+02 2.596783e+00 4.518274e-05 5.346856e+01 3.327694e+00 4.756936e-05 5.246947e+01 2.205810e+00 2.895703e-05 1.115357e-06 3.772388e-05 
1.247790e+02 1.268387e+02 3.606596e+00 4.518274e-05 5.346856e+01 3.327694e+00 4.786045e-05 5.338652e+01 2.102306e+00 2.852541e-05 1.047129e-06 3.841649e-05 
1.247790e+02 1.279030e+02 4.489557e+00 4.518274e-05 5.346856e+01 3.327694e+00 4.787756e-05 5.441258e+01 2.049889e+00 2.784425e-05 9.966176e-07 3.893540e-05 
1.247790e+02 1.289674e+02 5.182861e+00 4.518274e-05 5.346856e+01 3.327694e+00 4.758872e-05 5.535200e+01 2.070226e+00 2.703811e-05 9.773732e-07 3.914935e-05 
1.247790e+02 1.300317e+02 5.637193e+00 4.518274e-05 5.346856e+01 3.327694e+00 4.709412e-05 5.605854e+01 2.153369e+00 2.627623e-05 9.880145e-07 3.906968e-05 
1.247790e+02 1.310961e+02 5.820236e+00 4.518274e-05 5.346856e+01 3.327694e+00 4.650395e-05 5.652797e+01 2.275652e+00 2.562809e-05 1.018422e-06 3.879151e-05 
1.247790e+02 1.321604e+02 5.718969e+00 4.518274e-05 5.346856e+01 3.327694e+00 4.584565e-05 5.679802e+01 2.428345e+00 2.508218e-05 1.063685e-06 3.836114e-05 
1.247790e+02 1.332248e+02 5.340597e+00 4.518274e-05 5.346856e+01 3.327694e+00 4.510643e-05 5.682952e+01 2.615499e+00 2.465346e-05 1.126190e-06 3.775617e-05 
1.247790e+02 1.342891e+02 4.712033e+00 4.518274e-05 5.346856e+01 3.327694e+00 4.433774e-05 5.650192e+01 2.825798e+00 2.444064e-05 1.206378e-06 3.697343e-05 
1.247790e+02 1.353535e+02 3.877987e+00 4.518274e-05 5.346856e+01 3.327694e+00 4.370002e-05 5.576690e+01 3.013011e+00 2.454995e-05 1.292199e-06 3.612924e-05 
1.247790e+02 1.364178e+02 2.897785e+00 4.518274e-05 5.346856e+01 3.327694e+00 4.333529e-05 5.478136e+01 3.131040e+00 2.495407e-05 1.365023e-06 3.540308e-05 
1.247790e+02 1.374822e+02 1.841149e+00 4.518274e-05 5.346856e+01 3.327694e+00 4.324416e-05 5.377688e+01 3.175480e+00 2.551509e-05 1.415562e-06 3.488602e-05 
1.247790e+02 1.385465e+02 7.832381e-01 4.518274e-05 5.346856e+01 3.327694e+00 4.334133e-05 5.289126e+01 3.169003e+00 2.610913e-05 1.445558e-06 3.456436e-05 
1.247790e+02 1.396109e+02 -2.006976e-01 4.518274e-05 5.346856e+01 3.327694e+00 4.354436e-05 5.216473e+01 3.134172e+00 2.666987e-05 1.460342e-06 3.439036e-05 
1.247790e+02 1.406752e+02 -1.040670e+00 4.518274e-05 5.346856e+01 3.327694e+00 4.380127e-05 5.159417e+01 3.085020e+00 2.717112e-05 1.464411e-06 3.432400e-05 
1.247790e+02 1.417396e+02 -1.676933e+00 4.518274e-05 5.346856e+01 3.327694e+00 4.408637e-05 5.116615e+01 3.028336e+00 2.760637e-05 1.460480e-06 3.434185e-05 
1.247790e+02 1.428039e+02 -2.064227e+00 4.518274e-05 5.346856e+01 3.327694e+00 4.439102e-05 5.086795e+01 2.966363e+00 2.797807e-05 1.449799e-06 3.443382e-05 
1.247790e+02 1.438683e+02 -2.175005e+00 4.518274e-05 5.346856e+01 3.327694e+00 4.471672e-05 5.068966e+01 2.898759e+00 2.829271e-05 1.432633e-06 3.459848e-05 
1.247790e+02 1.449326e+02 -2.001387e+00 4.518274e-05 5.346856e+01 3.327694e+00 4.506999e-05 5.062439e+01 2.823908e+00 2.855775e-05 1.408652e-06 3.483927e-05 
1.247790e+02 1.459970e+02 -1.555722e+00 4.518274e-05 5.346856e+01 3.327694e+00 4.545843e-05 5.066890e+01 2.739787e+00 2.877865e-05 1.377196e-06 3.516192e-05 
1.247790e+02 1.470613e+02 -8.697109e-01 4.518274e-05 5.346856e+01 3.327694e+00 4.588716e-05 5.082577e+01 2.644602e+00 2.895516e-05 1.337434e-06 3.557304e-05 
1.247790e+02 1.481257e+02 7.850238e-03 4.518274e-05 5.346856e+01 3.327694e+00 4.635474e-05 5.110679e+01 2.537404e+00 2.907625e-05 1.288515e-06 3.607871e-05 
1.247790e+02 1.491900e+02 1.014540e+00 4.518274e-05 5.346856e+01 3.327694e+00 4.684656e-05 5.153656e+01 2.419127e+00 2.911330e-05 1.229945e-06 3.668111e-05 
