# 1, 2, 3, 4     , 5     , 6     , 7   , 8   , 9   , 10  
# x, y, z, Bbx_si, Bby_si, Bbz_si, In_si, Ic_si, Dc_si, dmeas 
1.247790e+02 1.002300e+02 1.800000e+00 4.264173e-10 -3.067612e-07 -1.063849e-06 1.107194e-06 7.391506e+01 1.799204e+02 
1.247790e+02 1.012943e+02 1.800000e+00 4.230779e-10 -3.071911e-07 -1.060623e-06 1.104214e-06 7.384725e+01 1.799211e+02 
1.247790e+02 1.023587e+02 1.800000e+00 4.197229e-10 -3.076620e-07 -1.057514e-06 1.101359e-06 7.377871e+01 1.799218e+02 
1.247790e+02 1.034230e+02 1.800000e+00 4.163521e-10 -3.081753e-07 -1.054519e-06 1.098628e-06 7.370938e+01 1.799226e+02 
1.247790e+02 1.044874e+02 1.800000e+00 4.129659e-10 -3.087321e-07 -1.051636e-06 1.096017e-06 7.363916e+01 1.799234e+02 
1.247790e+02 1.055517e+02 1.800000e+00 4.095639e-10 -3.093336e-07 -1.048861e-06 1.093525e-06 7.356797e+01 1.799241e+02 
1.247790e+02 1.066161e+02 1.800000e+00 4.061463e-10 -3.099809e-07 -1.046193e-06 1.091150e-06 7.349574e+01 1.799249e+02 
1.247790e+02 1.076804e+02 1.800000e+00 4.027130e-10 -3.106752e-07 -1.043630e-06 1.088890e-06 7.342239e+01 1.799257e+02 
1.247790e+02 1.087448e+02 1.800000e+00 3.992640e-10 -3.114177e-07 -1.041168e-06 1.086744e-06 7.334784e+01 1.799265e+02 
1.247790e+02 1.098091e+02 1.800000e+00 3.957992e-10 -3.122095e-07 -1.038806e-06 1.084709e-06 7.327203e+01 1.799274e+02 
1.247790e+02 1.108735e+02 1.800000e+00 3.923183e-10 -3.130517e-07 -1.036543e-06 1.082784e-06 7.319487e+01 1.799282e+02 
1.247790e+02 1.119378e+02 1.800000e+00 3.888214e-10 -3.139455e-07 -1.034375e-06 1.080969e-06 7.311630e+01 1.799290e+02 
1.247790e+02 1.130022e+02 1.800000e+00 3.853084e-10 -3.148920e-07 -1.032301e-06 1.079260e-06 7.303624e+01 1.799299e+02 
1.247790e+02 1.140665e+02 1.800000e+00 3.817789e-10 -3.158925e-07 -1.030320e-06 1.077658e-06 7.295463e+01 1.799308e+02 
1.247790e+02 1.151309e+02 1.800000e+00 3.782329e-10 -3.169480e-07 -1.028429e-06 1.076161e-06 7.287139e+01 1.799316e+02 
1.247790e+02 1.161952e+02 1.800000e+00 3.746703e-10 -3.180598e-07 -1.026627e-06 1.074768e-06 7.278647e+01 1.799325e+02 
1.247790e+02 1.172596e+02 1.800000e+00 3.710907e-10 -3.192290e-07 -1.024913e-06 1.073478e-06 7.269978e+01 1.799334e+02 
1.247790e+02 1.183239e+02 1.800000e+00 3.674940e-10 -3.204569e-07 -1.023285e-06 1.072290e-06 7.261127e+01 1.799343e+02 
1.247790e+02 1.193883e+02 1.800000e+00 3.638799e-10 -3.217448e-07 -1.021742e-06 1.071203e-06 7.252086e+01 1.799352e+02 
1.247790e+02 1.204526e+02 1.800000e+00 3.602480e-10 -3.230938e-07 -1.020282e-06 1.070217e-06 7.242850e+01 1.799361e+02 
1.247790e+02 1.215170e+02 1.800000e+00 3.565984e-10 -3.245053e-07 -1.018904e-06 1.069331e-06 7.233411e+01 1.799370e+02 
1.247790e+02 1.225813e+02 1.800000e+00 3.529307e-10 -3.259806e-07 -1.017608e-06 1.068545e-06 7.223764e+01 1.799380e+02 
1.247790e+02 1.236457e+02 1.800000e+00 3.492445e-10 -3.275210e-07 -1.016391e-06 1.067858e-06 7.213901e+01 1.799389e+02 
1.247790e+02 1.247100e+02 1.800000e+00 3.455396e-10 -3.291280e-07 -1.015253e-06 1.067269e-06 7.203817e+01 1.799398e+02 
1.247790e+02 1.257743e+02 1.800000e+00 3.418157e-10 -3.308029e-07 -1.014193e-06 1.066779e-06 7.193504e+01 1.799408e+02 
1.247790e+02 1.268387e+02 1.800000e+00 3.380727e-10 -3.325472e-07 -1.013210e-06 1.066387e-06 7.182956e+01 1.799418e+02 
1.247790e+02 1.279030e+02 1.800000e+00 3.343099e-10 -3.343623e-07 -1.012303e-06 1.066094e-06 7.172167e+01 1.799427e+02 
1.247790e+02 1.289674e+02 1.800000e+00 3.305273e-10 -3.362499e-07 -1.011471e-06 1.065898e-06 7.161131e+01 1.799437e+02 
1.247790e+02 1.300317e+02 1.800000e+00 3.267245e-10 -3.382115e-07 -1.010714e-06 1.065800e-06 7.149840e+01 1.799447e+02 
1.247790e+02 1.310961e+02 1.800000e+00 3.229013e-10 -3.402488e-07 -1.010031e-06 1.065801e-06 7.138288e+01 1.799456e+02 
1.247790e+02 1.321604e+02 1.800000e+00 3.190571e-10 -3.423634e-07 -1.009421e-06 1.065900e-06 7.126469e+01 1.799466e+02 
1.247790e+02 1.332248e+02 1.800000e+00 3.151918e-10 -3.445570e-07 -1.008883e-06 1.066098e-06 7.114376e+01 1.799476e+02 
1.247790e+02 1.342891e+02 1.800000e+00 3.113051e-10 -3.468316e-07 -1.008417e-06 1.066395e-06 7.102003e+01 1.799486e+02 
1.247790e+02 1.353535e+02 1.800000e+00 3.073966e-10 -3.491888e-07 -1.008023e-06 1.066791e-06 7.089342e+01 1.799496e+02 
1.247790e+02 1.364178e+02 1.800000e+00 3.034659e-10 -3.516307e-07 -1.007700e-06 1.067288e-06 7.076387e+01 1.799506e+02 
1.247790e+02 1.374822e+02 1.800000e+00 2.995129e-10 -3.541593e-07 -1.007447e-06 1.067885e-06 7.063132e+01 1.799515e+02 
1.247790e+02 1.385465e+02 1.800000e+00 2.955371e-10 -3.567765e-07 -1.007265e-06 1.068584e-06 7.049568e+01 1.799525e+02 
1.247790e+02 1.396109e+02 1.800000e+00 2.915382e-10 -3.594846e-07 -1.007152e-06 1.069385e-06 7.035690e+01 1.799535e+02 
1.247790e+02 1.406752e+02 1.800000e+00 2.875161e-10 -3.622858e-07 -1.007109e-06 1.070290e-06 7.021490e+01 1.799545e+02 
1.247790e+02 1.417396e+02 1.800000e+00 2.834703e-10 -3.651823e-07 -1.007135e-06 1.071298e-06 7.006960e+01 1.799555e+02 
1.247790e+02 1.428039e+02 1.800000e+00 2.794006e-10 -3.681765e-07 -1.007231e-06 1.072412e-06 6.992095e+01 1.799565e+02 
1.247790e+02 1.438683e+02 1.800000e+00 2.753066e-10 -3.712710e-07 -1.007395e-06 1.073632e-06 6.976885e+01 1.799575e+02 
1.247790e+02 1.449326e+02 1.800000e+00 2.711882e-10 -3.744682e-07 -1.007628e-06 1.074960e-06 6.961324e+01 1.799585e+02 
1.247790e+02 1.459970e+02 1.800000e+00 2.670451e-10 -3.777709e-07 -1.007929e-06 1.076398e-06 6.945405e+01 1.799595e+02 
1.247790e+02 1.470613e+02 1.800000e+00 2.628770e-10 -3.811818e-07 -1.008299e-06 1.077946e-06 6.929118e+01 1.799605e+02 
1.247790e+02 1.481257e+02 1.800000e+00 2.586837e-10 -3.847038e-07 -1.008738e-06 1.079606e-06 6.912457e+01 1.799615e+02 
1.247790e+02 1.491900e+02 1.800000e+00 2.544648e-10 -3.883400e-07 -1.009245e-06 1.081380e-06 6.895413e+01 1.799625e+02 
