# 1,2,3, 4    , 5    , 6    , 7    , 8    , 9     
# x,y,z, Bx_si, By_si, Bz_si, In_si, Ic_si, Dc_si 
1.247790e+02 1.002300e+02 2.054321e+00 -4.223395e-07 2.559596e-06 -3.285718e-08 2.594414e-06 7.256467e-01 -9.369518e+00 
1.247790e+02 1.012943e+02 3.101620e+00 -4.929731e-07 2.263043e-06 -7.530019e-07 2.435446e-06 1.801008e+01 -1.228912e+01 
1.247790e+02 1.023587e+02 4.057986e+00 -5.546596e-07 1.706239e-06 -1.383960e-06 2.265887e-06 3.764597e+01 -1.800817e+01 
1.247790e+02 1.034230e+02 4.855393e+00 -5.907157e-07 9.447471e-07 -1.764338e-06 2.086715e-06 5.772659e+01 -3.201623e+01 
1.247790e+02 1.044874e+02 5.437121e+00 -5.942012e-07 1.463160e-07 -1.825947e-06 1.925764e-06 7.147187e+01 -7.616670e+01 
1.247790e+02 1.055517e+02 5.761791e+00 -5.727019e-07 -5.588070e-07 -1.639434e-06 1.824280e-06 6.398441e+01 -1.342964e+02 
1.247790e+02 1.066161e+02 5.806309e+00 -5.349699e-07 -1.152761e-06 -1.287254e-06 1.808887e-06 4.536748e+01 -1.551051e+02 
1.247790e+02 1.076804e+02 5.567509e+00 -4.817681e-07 -1.646735e-06 -7.766006e-07 1.883334e-06 2.435281e+01 -1.636927e+02 
1.247790e+02 1.087448e+02 5.062376e+00 -4.100526e-07 -1.985135e-06 -7.920436e-08 2.028590e-06 2.237627e+00 -1.683290e+02 
1.247790e+02 1.098091e+02 4.326841e+00 -3.248159e-07 -2.046837e-06 7.560281e-07 2.206043e-06 -2.004193e+01 -1.709828e+02 
1.247790e+02 1.108735e+02 3.413223e+00 -2.433473e-07 -1.779427e-06 1.562561e-06 2.380583e-06 -4.102417e+01 -1.722128e+02 
1.247790e+02 1.119378e+02 2.386508e+00 -1.811076e-07 -1.279285e-06 2.190737e-06 2.543363e-06 -5.946897e+01 -1.719422e+02 
1.247790e+02 1.130022e+02 1.319727e+00 -1.412167e-07 -6.896276e-07 2.607968e-06 2.701301e-06 -7.489480e+01 -1.684274e+02 
1.247790e+02 1.140665e+02 2.887598e-01 -1.193200e-07 -1.057655e-07 2.852633e-06 2.857086e-06 -8.680078e+01 -1.315539e+02 
1.247790e+02 1.151309e+02 -6.330600e-01 -1.102199e-07 4.287661e-07 2.971204e-06 3.004005e-06 -8.152534e+01 -1.441648e+01 
1.247790e+02 1.161952e+02 -1.380163e+00 -1.102948e-07 8.994430e-07 2.995462e-06 3.129530e-06 -7.316851e+01 -6.991030e+00 
1.247790e+02 1.172596e+02 -1.899407e+00 -1.176099e-07 1.305072e-06 2.941641e-06 3.220295e-06 -6.598931e+01 -5.149443e+00 
1.247790e+02 1.183239e+02 -2.153858e+00 -1.314588e-07 1.650599e-06 2.814962e-06 3.265849e-06 -5.953497e+01 -4.553600e+00 
1.247790e+02 1.193883e+02 -2.125418e+00 -1.519125e-07 1.943362e-06 2.614035e-06 3.260815e-06 -5.328803e+01 -4.469717e+00 
1.247790e+02 1.204526e+02 -1.816108e+00 -1.794919e-07 2.190242e-06 2.334030e-06 3.205787e-06 -4.672465e+01 -4.684961e+00 
1.247790e+02 1.215170e+02 -1.247931e+00 -2.149603e-07 2.394397e-06 1.968640e-06 3.107232e-06 -3.931380e+01 -5.130054e+00 
1.247790e+02 1.225813e+02 -4.613009e-01 -2.591817e-07 2.550951e-06 1.511351e-06 2.976358e-06 -3.051642e+01 -5.801458e+00 
1.247790e+02 1.236457e+02 4.878289e-01 -3.129118e-07 2.641110e-06 9.573023e-07 2.826624e-06 -1.979607e+01 -6.756756e+00 
1.247790e+02 1.247100e+02 1.531946e+00 -3.761255e-07 2.624947e-06 3.094933e-07 2.669757e-06 -6.657018e+00 -8.154339e+00 
1.247790e+02 1.257743e+02 2.596783e+00 -4.461843e-07 2.437530e-06 -4.039861e-07 2.510744e-06 9.259309e+00 -1.037303e+01 
1.247790e+02 1.268387e+02 3.606596e+00 -5.144092e-07 2.007660e-06 -1.097578e-06 2.345206e-06 2.790514e+01 -1.437134e+01 
1.247790e+02 1.279030e+02 4.489557e+00 -5.649167e-07 1.328313e-06 -1.617400e-06 2.167839e-06 4.825266e+01 -2.303951e+01 
1.247790e+02 1.289674e+02 5.182861e+00 -5.841573e-07 5.240576e-07 -1.832180e-06 1.993179e-06 6.681310e+01 -4.810417e+01 
1.247790e+02 1.300317e+02 5.637193e+00 -5.735122e-07 -2.358634e-07 -1.753261e-06 1.859697e-06 7.052158e+01 -1.123555e+02 
1.247790e+02 1.310961e+02 5.820236e+00 -5.431007e-07 -8.819628e-07 -1.475774e-06 1.802977e-06 5.493700e+01 -1.483758e+02 
1.247790e+02 1.321604e+02 5.718969e+00 -4.978338e-07 -1.425758e-06 -1.046018e-06 1.837057e-06 3.470830e+01 -1.607523e+02 
1.247790e+02 1.332248e+02 5.340597e+00 -4.353251e-07 -1.852279e-06 -4.415902e-07 1.953317e-06 1.306592e+01 -1.667743e+02 
1.247790e+02 1.342891e+02 4.712033e+00 -3.551333e-07 -2.062827e-06 3.406879e-07 2.120718e-06 -9.244478e+00 -1.702318e+02 
1.247790e+02 1.353535e+02 3.877987e+00 -2.693088e-07 -1.951165e-06 1.184484e-06 2.298385e-06 -3.102118e+01 -1.721414e+02 
1.247790e+02 1.364178e+02 2.897785e+00 -1.964805e-07 -1.544597e-06 1.910316e-06 2.464486e-06 -5.081751e+01 -1.727506e+02 
1.247790e+02 1.374822e+02 1.841149e+00 -1.459378e-07 -9.810542e-07 2.427132e-06 2.621972e-06 -6.777258e+01 -1.715389e+02 
1.247790e+02 1.385465e+02 7.832381e-01 -1.159376e-07 -3.843977e-07 2.748605e-06 2.777775e-06 -8.168933e+01 -1.632162e+02 
1.247790e+02 1.396109e+02 -2.006976e-01 -1.011493e-07 1.790552e-07 2.922496e-06 2.929723e-06 -8.597485e+01 -2.946236e+01 
1.247790e+02 1.406752e+02 -1.040670e+00 -9.707641e-08 6.831107e-07 2.988807e-06 3.067415e-06 -7.700085e+01 -8.088109e+00 
1.247790e+02 1.417396e+02 -1.676933e+00 -1.010040e-07 1.121253e-06 2.970981e-06 3.177128e-06 -6.924682e+01 -5.147387e+00 
1.247790e+02 1.428039e+02 -2.064227e+00 -1.116808e-07 1.495948e-06 2.879109e-06 3.246475e-06 -6.247900e+01 -4.269529e+00 
1.247790e+02 1.438683e+02 -2.175005e+00 -1.288427e-07 1.813683e-06 2.714611e-06 3.267286e-06 -5.618572e+01 -4.063424e+00 
1.247790e+02 1.449326e+02 -2.001387e+00 -1.528189e-07 2.081919e-06 2.474063e-06 3.237086e-06 -4.984360e+01 -4.198147e+00 
1.247790e+02 1.459970e+02 -1.555722e+00 -1.842707e-07 2.306126e-06 2.151707e-06 3.159432e-06 -4.292513e+01 -4.568506e+00 
1.247790e+02 1.470613e+02 -8.697109e-01 -2.240290e-07 2.486047e-06 1.740959e-06 3.043280e-06 -3.489446e+01 -5.149277e+00 
1.247790e+02 1.481257e+02 7.850238e-03 -2.729439e-07 2.610653e-06 1.235731e-06 2.901213e-06 -2.520992e+01 -5.968594e+00 
1.247790e+02 1.491900e+02 1.014540e+00 -3.315098e-07 2.651342e-06 6.338393e-07 2.746137e-06 -1.334484e+01 -7.126974e+00 
