# 1    , 2      , 3      , 4      , 5      , 6      , 7       
# dmeas, Bx_siB0, By_siB0, Bz_siB0, In_siB0, Ic_siB0, Dc_siB0 
0.000000e+00 2.940990e-05 1.138860e-06 3.633856e-05 4.676248e-05 5.099471e+01 2.217598e+00 
0.000000e+00 2.911334e-05 1.068227e-06 3.705870e-05 4.713889e-05 5.182807e+01 2.101354e+00 
0.000000e+00 2.855654e-05 1.006540e-06 3.768966e-05 4.729693e-05 5.283255e+01 2.018685e+00 
0.000000e+00 2.779505e-05 9.704843e-07 3.807004e-05 4.714694e-05 5.385008e+01 1.999711e+00 
0.000000e+00 2.699662e-05 9.669988e-07 3.813165e-05 4.673088e-05 5.468477e+01 2.051415e+00 
0.000000e+00 2.629149e-05 9.884981e-07 3.794513e-05 4.617416e-05 5.526367e+01 2.153172e+00 
0.000000e+00 2.569754e-05 1.026230e-06 3.759295e-05 4.554829e-05 5.562326e+01 2.286889e+00 
0.000000e+00 2.520356e-05 1.079432e-06 3.708230e-05 4.484955e-05 5.577299e+01 2.452396e+00 
0.000000e+00 2.486516e-05 1.151147e-06 3.638490e-05 4.408472e-05 5.562302e+01 2.650649e+00 
0.000000e+00 2.480346e-05 1.236384e-06 3.554967e-05 4.336496e-05 5.506265e+01 2.853674e+00 
0.000000e+00 2.507087e-05 1.317853e-06 3.474314e-05 4.286457e-05 5.414802e+01 3.008988e+00 
0.000000e+00 2.557101e-05 1.380092e-06 3.411496e-05 4.265691e-05 5.310645e+01 3.089311e+00 
0.000000e+00 2.616067e-05 1.419983e-06 3.369773e-05 4.268412e-05 5.213579e+01 3.106927e+00 
0.000000e+00 2.674453e-05 1.441880e-06 3.345307e-05 4.285390e-05 5.131835e+01 3.086004e+00 
0.000000e+00 2.727907e-05 1.450980e-06 3.333450e-05 4.309804e-05 5.066537e+01 3.044707e+00 
0.000000e+00 2.774974e-05 1.450905e-06 3.331024e-05 4.337886e-05 5.016489e+01 2.993005e+00 
0.000000e+00 2.815537e-05 1.443590e-06 3.336406e-05 4.368031e-05 4.980246e+01 2.935115e+00 
0.000000e+00 2.850090e-05 1.429741e-06 3.349074e-05 4.399972e-05 4.956640e+01 2.871823e+00 
0.000000e+00 2.879366e-05 1.409288e-06 3.369167e-05 4.434173e-05 4.944819e+01 2.802069e+00 
0.000000e+00 2.904054e-05 1.381708e-06 3.397167e-05 4.471394e-05 4.944266e+01 2.723998e+00 
0.000000e+00 2.924470e-05 1.346240e-06 3.433706e-05 4.512315e-05 4.954920e+01 2.635672e+00 
0.000000e+00 2.940125e-05 1.302018e-06 3.479435e-05 4.557165e-05 4.977449e+01 2.535655e+00 
0.000000e+00 2.949141e-05 1.248288e-06 3.534840e-05 4.605226e-05 5.013630e+01 2.423722e+00 
0.000000e+00 2.947525e-05 1.185075e-06 3.599621e-05 4.653946e-05 5.066522e+01 2.302380e+00 
0.000000e+00 2.928783e-05 1.115016e-06 3.670969e-05 4.697469e-05 5.139610e+01 2.180252e+00 
0.000000e+00 2.885796e-05 1.046791e-06 3.740328e-05 4.725339e-05 5.233032e+01 2.077431e+00 
0.000000e+00 2.817861e-05 9.962833e-07 3.792310e-05 4.725662e-05 5.336881e+01 2.024907e+00 
0.000000e+00 2.737436e-05 9.770427e-07 3.813788e-05 4.695538e-05 5.431294e+01 2.044127e+00 
0.000000e+00 2.661444e-05 9.876878e-07 3.805896e-05 4.645200e-05 5.501658e+01 2.125327e+00 
0.000000e+00 2.596834e-05 1.018099e-06 3.778147e-05 4.585663e-05 5.547755e+01 2.245155e+00 
0.000000e+00 2.542454e-05 1.063366e-06 3.735172e-05 4.519612e-05 5.573440e+01 2.394966e+00 
0.000000e+00 2.499802e-05 1.125875e-06 3.674729e-05 4.445820e-05 5.574678e+01 2.578777e+00 
0.000000e+00 2.478747e-05 1.206067e-06 3.596501e-05 4.369617e-05 5.539331e+01 2.785604e+00 
0.000000e+00 2.489914e-05 1.291891e-06 3.512122e-05 4.307129e-05 5.462897e+01 2.970127e+00 
0.000000e+00 2.530570e-05 1.364720e-06 3.439538e-05 4.272334e-05 5.361726e+01 3.086933e+00 
0.000000e+00 2.586925e-05 1.415262e-06 3.387857e-05 4.264948e-05 5.259380e+01 3.131432e+00 
0.000000e+00 2.646590e-05 1.445262e-06 3.355709e-05 4.276227e-05 5.169628e+01 3.125730e+00 
0.000000e+00 2.702936e-05 1.460051e-06 3.338320e-05 4.297855e-05 5.096314e+01 3.091954e+00 
0.000000e+00 2.753341e-05 1.464124e-06 3.331689e-05 4.324636e-05 5.038961e+01 3.043908e+00 
0.000000e+00 2.797155e-05 1.460196e-06 3.333472e-05 4.354014e-05 4.996120e+01 2.988293e+00 
0.000000e+00 2.834625e-05 1.449519e-06 3.342659e-05 4.385143e-05 4.966465e+01 2.927338e+00 
0.000000e+00 2.866398e-05 1.432357e-06 3.359109e-05 4.418186e-05 4.948989e+01 2.860727e+00 
0.000000e+00 2.893222e-05 1.408381e-06 3.383164e-05 4.453803e-05 4.943003e+01 2.786881e+00 
0.000000e+00 2.915643e-05 1.376929e-06 3.415399e-05 4.492759e-05 4.948191e+01 2.703818e+00 
0.000000e+00 2.933635e-05 1.337171e-06 3.456474e-05 4.535560e-05 4.964819e+01 2.609775e+00 
0.000000e+00 2.946095e-05 1.288256e-06 3.506997e-05 4.582041e-05 4.994070e+01 2.503811e+00 
0.000000e+00 2.950164e-05 1.229690e-06 3.567186e-05 4.630703e-05 5.038386e+01 2.386826e+00 
