# 1, 2, 3, 4   , 5   , 6   , 7   , 8   , 9   , 10  
# x, y, z, Bx_si, By_si, Bz_si, In_si, Ic_si, Dc_si, dmeas 
5.017312e+05 4.171088e+06 1.609135e+03 -6.144463e-07 1.432788e-07 4.435620e-07 7.712460e-07 -3.510831e+01 -7.687411e+01 0.000000e+00 
5.017326e+05 4.171090e+06 1.608895e+03 -2.165621e-07 3.568212e-07 7.790030e-07 8.837795e-07 -6.181716e+01 -3.125442e+01 2.620195e+00 
5.017332e+05 4.171092e+06 1.608915e+03 -8.931954e-08 4.838112e-07 7.859434e-07 9.272316e-07 -5.795414e+01 -1.045997e+01 4.244541e+00 
5.017355e+05 4.171092e+06 1.609014e+03 9.911598e-08 5.293423e-07 5.471089e-07 7.676949e-07 -4.545212e+01 1.060546e+01 6.635006e+00 
5.017372e+05 4.171093e+06 1.609154e+03 1.032793e-07 6.661084e-07 3.890109e-07 7.782650e-07 -2.998966e+01 8.813461e+00 8.611208e+00 
5.017385e+05 4.171094e+06 1.609266e+03 1.336019e-07 7.234697e-07 2.376521e-07 7.731342e-07 -1.790189e+01 1.046284e+01 9.931221e+00 
5.017396e+05 4.171095e+06 1.609580e+03 2.767003e-07 7.711573e-07 9.430285e-09 8.193507e-07 -6.594581e-01 1.973858e+01 1.171626e+01 
5.017413e+05 4.171096e+06 1.610000e+03 4.161764e-07 9.781808e-07 -4.045644e-07 1.137415e-06 2.083559e+01 2.304779e+01 1.370455e+01 
5.017428e+05 4.171097e+06 1.610503e+03 2.997569e-07 1.048136e-06 -1.036716e-06 1.504402e-06 4.356066e+01 1.596003e+01 1.545461e+01 
5.017436e+05 4.171098e+06 1.610969e+03 -6.173742e-08 7.856048e-07 -1.337115e-06 1.552051e-06 5.948708e+01 -4.493402e+00 1.672542e+01 
5.017453e+05 4.171100e+06 1.611016e+03 -6.886743e-07 2.469018e-07 -9.844374e-07 1.226519e-06 5.338169e+01 -7.027636e+01 1.908349e+01 
5.017465e+05 4.171100e+06 1.610850e+03 -8.788543e-07 8.450578e-08 -7.131689e-07 1.134961e-06 3.892955e+01 -8.450764e+01 2.053955e+01 
5.017475e+05 4.171101e+06 1.610675e+03 -9.950823e-07 -3.076070e-09 -4.842927e-07 1.106679e-06 2.595144e+01 -9.017712e+01 2.176072e+01 
5.017484e+05 4.171102e+06 1.610502e+03 -1.104014e-06 4.582122e-09 -2.761274e-07 1.138031e-06 1.404218e+01 -8.976220e+01 2.290135e+01 
5.017493e+05 4.171102e+06 1.610164e+03 -1.295888e-06 2.290811e-08 1.979312e-08 1.296242e-06 -8.749185e-01 -8.898726e+01 2.397638e+01 
5.017504e+05 4.171104e+06 1.609640e+03 -1.239324e-06 2.613123e-07 4.820681e-07 1.355211e-06 -2.083724e+01 -7.809354e+01 2.586641e+01 
5.017518e+05 4.171105e+06 1.609157e+03 -9.882445e-07 4.402312e-07 7.447372e-07 1.313417e-06 -3.454287e+01 -6.598856e+01 2.761995e+01 
5.017534e+05 4.171106e+06 1.608718e+03 -7.010344e-07 5.783669e-07 7.820153e-07 1.198960e-06 -4.071105e+01 -5.047671e+01 2.965024e+01 
5.017547e+05 4.171108e+06 1.608695e+03 -4.007447e-07 4.581975e-07 6.513809e-07 8.915371e-07 -4.693897e+01 -4.117331e+01 3.160808e+01 
5.017565e+05 4.171108e+06 1.608420e+03 -2.295466e-07 5.019624e-07 7.792326e-07 9.549143e-07 -5.468869e+01 -2.457454e+01 3.346922e+01 
5.017577e+05 4.171109e+06 1.608298e+03 6.247296e-08 5.316701e-07 1.072901e-06 1.199038e-06 -6.348293e+01 6.701708e+00 3.493509e+01 
5.017593e+05 4.171110e+06 1.608443e+03 7.974137e-07 6.787556e-07 1.013401e-06 1.457244e-06 -4.406094e+01 4.959569e+01 3.673377e+01 
5.017610e+05 4.171111e+06 1.609205e+03 1.069023e-06 8.388794e-07 3.559749e-07 1.404723e-06 -1.467956e+01 5.187815e+01 3.869726e+01 
5.017619e+05 4.171113e+06 1.609972e+03 1.087334e-06 1.014321e-06 1.518836e-08 1.487068e-06 -5.852078e-01 4.698971e+01 4.101607e+01 
5.017637e+05 4.171114e+06 1.610733e+03 6.159682e-07 1.248628e-06 -7.631890e-07 1.587748e-06 2.872941e+01 2.625787e+01 4.293468e+01 
5.017655e+05 4.171113e+06 1.610652e+03 2.724642e-08 1.189602e-06 -7.395735e-07 1.401023e-06 3.186240e+01 1.312062e+00 4.467838e+01 
5.017666e+05 4.171114e+06 1.610822e+03 -1.390519e-07 1.227140e-06 -7.644022e-07 1.452418e-06 3.175554e+01 -6.464828e+00 4.601323e+01 
5.017680e+05 4.171115e+06 1.611150e+03 -3.404377e-07 1.215173e-06 -9.340987e-07 1.570058e-06 3.650873e+01 -1.565052e+01 4.787433e+01 
5.017697e+05 4.171116e+06 1.611195e+03 -6.761879e-07 1.134480e-06 -9.111662e-07 1.604524e-06 3.460204e+01 -3.079635e+01 4.975637e+01 
5.017709e+05 4.171117e+06 1.611220e+03 -7.728345e-07 1.025913e-06 -8.628313e-07 1.547336e-06 3.389163e+01 -3.699123e+01 5.118370e+01 
5.017721e+05 4.171118e+06 1.611329e+03 -8.197134e-07 7.912500e-07 -8.706436e-07 1.433885e-06 3.738674e+01 -4.601223e+01 5.283635e+01 
5.017735e+05 4.171119e+06 1.611348e+03 -8.278970e-07 6.135236e-07 -6.438971e-07 1.215084e-06 3.200005e+01 -5.345923e+01 5.488680e+01 
5.017746e+05 4.171120e+06 1.611237e+03 -9.206764e-07 6.592543e-07 -4.588991e-07 1.221822e-06 2.206052e+01 -5.439528e+01 5.640528e+01 
5.017756e+05 4.171120e+06 1.610952e+03 -9.921773e-07 6.938821e-07 -3.215835e-07 1.252719e-06 1.487484e+01 -5.503287e+01 5.741396e+01 
5.017769e+05 4.171121e+06 1.610756e+03 -9.421820e-07 8.337547e-07 -2.044144e-07 1.274613e-06 9.228586e+00 -4.849378e+01 5.890973e+01 
5.017776e+05 4.171121e+06 1.610702e+03 -9.540714e-07 8.769717e-07 -2.210828e-07 1.314614e-06 9.681623e+00 -4.741113e+01 5.975932e+01 
