# 1, 2, 3, 4   , 5   , 6   , 7   , 8   , 9   , 10  
# x, y, z, Bx_si, By_si, Bz_si, In_si, Ic_si, Dc_si, dmeas 
5.017312e+05 4.171088e+06 1.611036e+03 -3.866267e-07 1.244909e-08 1.356885e-06 1.410947e-06 7.408796e+01 1.781558e+02 0.000000e+00 
5.017326e+05 4.171090e+06 1.611036e+03 -3.889296e-07 8.859451e-09 1.346910e-06 1.401967e-06 7.388960e+01 1.786951e+02 2.620195e+00 
5.017332e+05 4.171092e+06 1.611036e+03 -3.905597e-07 7.417907e-09 1.340507e-06 1.396263e-06 7.375362e+01 1.789119e+02 4.244541e+00 
5.017355e+05 4.171092e+06 1.611036e+03 -3.913625e-07 1.983977e-09 1.337517e-06 1.393600e-06 7.369013e+01 1.797095e+02 6.635006e+00 
5.017372e+05 4.171093e+06 1.611036e+03 -3.924066e-07 -2.091944e-09 1.333837e-06 1.390363e-06 7.360622e+01 -1.796946e+02 8.611208e+00 
5.017385e+05 4.171094e+06 1.611036e+03 -3.928795e-07 -4.988333e-09 1.332254e-06 1.388985e-06 7.356804e+01 -1.792726e+02 9.931221e+00 
5.017396e+05 4.171095e+06 1.611036e+03 -3.944259e-07 -7.578694e-09 1.327324e-06 1.384709e-06 7.344734e+01 -1.788992e+02 1.171626e+01 
5.017413e+05 4.171096e+06 1.611036e+03 -3.955133e-07 -1.149655e-08 1.324178e-06 1.382032e-06 7.336323e+01 -1.783350e+02 1.370455e+01 
5.017428e+05 4.171097e+06 1.611036e+03 -3.966172e-07 -1.472820e-08 1.321213e-06 1.379538e-06 7.327980e+01 -1.778733e+02 1.545461e+01 
5.017436e+05 4.171098e+06 1.611036e+03 -3.976576e-07 -1.670511e-08 1.318567e-06 1.377327e-06 7.320361e+01 -1.775945e+02 1.672542e+01 
5.017453e+05 4.171100e+06 1.611036e+03 -3.997132e-07 -2.019130e-08 1.313821e-06 1.373428e-06 7.305795e+01 -1.771082e+02 1.908349e+01 
5.017465e+05 4.171100e+06 1.611036e+03 -4.006216e-07 -2.285968e-08 1.312063e-06 1.372053e-06 7.299460e+01 -1.767342e+02 2.053955e+01 
5.017475e+05 4.171101e+06 1.611036e+03 -4.012923e-07 -2.518482e-08 1.310922e-06 1.371199e-06 7.294834e+01 -1.764089e+02 2.176072e+01 
5.017484e+05 4.171102e+06 1.611036e+03 -4.022062e-07 -2.701037e-08 1.309311e-06 1.369961e-06 7.288739e+01 -1.761580e+02 2.290135e+01 
5.017493e+05 4.171102e+06 1.611036e+03 -4.027379e-07 -2.910215e-08 1.308616e-06 1.369496e-06 7.285180e+01 -1.758669e+02 2.397638e+01 
5.017504e+05 4.171104e+06 1.611036e+03 -4.047965e-07 -3.128454e-08 1.305237e-06 1.366925e-06 7.272131e+01 -1.755807e+02 2.586641e+01 
5.017518e+05 4.171105e+06 1.611036e+03 -4.061529e-07 -3.419247e-08 1.303622e-06 1.365854e-06 7.263765e+01 -1.751878e+02 2.761995e+01 
5.017534e+05 4.171106e+06 1.611036e+03 -4.076790e-07 -3.762340e-08 1.302179e-06 1.365023e-06 7.254660e+01 -1.747273e+02 2.965024e+01 
5.017547e+05 4.171108e+06 1.611036e+03 -4.098529e-07 -4.005024e-08 1.299879e-06 1.363550e-06 7.242166e+01 -1.744189e+02 3.160808e+01 
5.017565e+05 4.171108e+06 1.611036e+03 -4.100440e-07 -4.414293e-08 1.301084e-06 1.364883e-06 7.241260e+01 -1.738555e+02 3.346922e+01 
5.017577e+05 4.171109e+06 1.611036e+03 -4.109724e-07 -4.682543e-08 1.300981e-06 1.365153e-06 7.236256e+01 -1.734999e+02 3.493509e+01 
5.017593e+05 4.171110e+06 1.611036e+03 -4.117601e-07 -5.043235e-08 1.301610e-06 1.366118e-06 7.232236e+01 -1.730172e+02 3.673377e+01 
5.017610e+05 4.171111e+06 1.611036e+03 -4.129351e-07 -5.413225e-08 1.302091e-06 1.367073e-06 7.226336e+01 -1.725316e+02 3.869726e+01 
5.017619e+05 4.171113e+06 1.611036e+03 -4.166123e-07 -5.548167e-08 1.299338e-06 1.365622e-06 7.207543e+01 -1.724144e+02 4.101607e+01 
5.017637e+05 4.171114e+06 1.611036e+03 -4.170810e-07 -5.966788e-08 1.301322e-06 1.367829e-06 7.205966e+01 -1.718585e+02 4.293468e+01 
5.017655e+05 4.171113e+06 1.611036e+03 -4.157921e-07 -6.416775e-08 1.305052e-06 1.371189e-06 7.213205e+01 -1.712270e+02 4.467838e+01 
5.017666e+05 4.171114e+06 1.611036e+03 -4.166182e-07 -6.676571e-08 1.306050e-06 1.372514e-06 7.209637e+01 -1.708954e+02 4.601323e+01 
5.017680e+05 4.171115e+06 1.611036e+03 -4.184704e-07 -6.972285e-08 1.306738e-06 1.373879e-06 7.201372e+01 -1.705406e+02 4.787433e+01 
5.017697e+05 4.171116e+06 1.611036e+03 -4.191295e-07 -7.391323e-08 1.309300e-06 1.376735e-06 7.199289e+01 -1.699988e+02 4.975637e+01 
5.017709e+05 4.171117e+06 1.611036e+03 -4.201316e-07 -7.671747e-08 1.310830e-06 1.378648e-06 7.195399e+01 -1.696516e+02 5.118370e+01 
5.017721e+05 4.171118e+06 1.611036e+03 -4.218379e-07 -7.945981e-08 1.312128e-06 1.380559e-06 7.188474e+01 -1.693324e+02 5.283635e+01 
5.017735e+05 4.171119e+06 1.611036e+03 -4.244499e-07 -8.239270e-08 1.313464e-06 1.382800e-06 7.177923e+01 -1.690146e+02 5.488680e+01 
5.017746e+05 4.171120e+06 1.611036e+03 -4.262271e-07 -8.484779e-08 1.314974e-06 1.384928e-06 7.171162e+01 -1.687415e+02 5.640528e+01 
5.017756e+05 4.171120e+06 1.611036e+03 -4.248971e-07 -8.789310e-08 1.318042e-06 1.387623e-06 7.177873e+01 -1.683128e+02 5.741396e+01 
5.017769e+05 4.171121e+06 1.611036e+03 -4.256449e-07 -9.138313e-08 1.320944e-06 1.390833e-06 7.175931e+01 -1.678829e+02 5.890973e+01 
5.017776e+05 4.171121e+06 1.611036e+03 -4.263646e-07 -9.312990e-08 1.322362e-06 1.392516e-06 7.173563e+01 -1.676785e+02 5.975932e+01 
