# 1      , 2      , 3      , 4    , 5     , 6      , 7      , 8      ,                    9              , 10  , 11  , 12  , 13    , 14      
# IGRF_In, IGRF_Ic, IGRF_Dc, dmeas, height, In_siB0, Ic_siB0, Dc_siB0,                    height m (-poh), In_m, Ic_m, Dc_m, min hP, max hP  
4.515490e-05 5.338396e+01 3.320776e+00 0.000000e+00 1.609135e+03 4.486864e-05 5.292866e+01 2.003645e+00 1.611200e+03 4.624863e+01 5.613151e+01 4.632189e-01 1.608298e+03 1.611348e+03 
4.515490e-05 5.338396e+01 3.320776e+00 2.620195e+00 1.608895e+03 4.474137e-05 5.243459e+01 2.823231e+00 1.610900e+03 4.424591e+01 5.809510e+01 -1.424847e+00 1.608298e+03 1.611348e+03 
4.515490e-05 5.338396e+01 3.320776e+00 4.244541e+00 1.608915e+03 4.481732e-05 5.229402e+01 3.075806e+00 1.610700e+03 4.316594e+01 5.556363e+01 8.407287e-01 1.608298e+03 1.611348e+03 
4.515490e-05 5.338396e+01 3.320776e+00 6.635006e+00 1.609014e+03 4.504076e-05 5.242328e+01 3.463222e+00 1.610100e+03 4.376891e+01 5.467525e+01 1.400438e+00 1.608298e+03 1.611348e+03 
4.515490e-05 5.338396e+01 3.320776e+00 8.611208e+00 1.609154e+03 4.524947e-05 5.240811e+01 3.454699e+00 1.609300e+03 4.473344e+01 5.445886e+01 3.274885e+00 1.608298e+03 1.611348e+03 
4.515490e-05 5.338396e+01 3.320776e+00 9.931221e+00 1.609266e+03 4.540547e-05 5.246553e+01 3.510231e+00 1.609200e+03 4.482802e+01 5.448066e+01 2.317713e+00 1.608298e+03 1.611348e+03 
4.515490e-05 5.338396e+01 3.320776e+00 1.171626e+01 1.609580e+03 4.562110e-05 5.258367e+01 3.799424e+00 1.608900e+03 4.434693e+01 5.448971e+01 1.805512e+00 1.608298e+03 1.611348e+03 
4.515490e-05 5.338396e+01 3.320776e+00 1.370455e+01 1.610000e+03 4.608128e-05 5.268303e+01 4.056726e+00 1.608700e+03 4.536738e+01 5.310506e+01 3.204545e+00 1.608298e+03 1.611348e+03 
4.515490e-05 5.338396e+01 3.320776e+00 1.545461e+01 1.610503e+03 4.662269e-05 5.309359e+01 3.808945e+00 1.609000e+03 4.521443e+01 5.478422e+01 -3.850329e-01 1.608298e+03 1.611348e+03 
4.515490e-05 5.338396e+01 3.320776e+00 1.672542e+01 1.610969e+03 4.669422e-05 5.359343e+01 3.099270e+00 1.608500e+03 4.460208e+01 5.347718e+01 3.091955e+00 1.608298e+03 1.611348e+03 
4.515490e-05 5.338396e+01 3.320776e+00 1.908349e+01 1.611016e+03 4.607555e-05 5.389886e+01 1.839438e+00 1.609100e+03 4.561134e+01 5.315535e+01 3.651460e+00 1.608298e+03 1.611348e+03 
4.515490e-05 5.338396e+01 3.320776e+00 2.053955e+01 1.610850e+03 4.575752e-05 5.386847e+01 1.446846e+00 1.609200e+03 4.681194e+01 5.341962e+01 3.481706e+00 1.608298e+03 1.611348e+03 
4.515490e-05 5.338396e+01 3.320776e+00 2.176072e+01 1.610675e+03 4.551949e-05 5.379034e+01 1.203987e+00 1.609000e+03 4.880195e+01 5.341681e+01 3.628979e+00 1.608298e+03 1.611348e+03 
4.515490e-05 5.338396e+01 3.320776e+00 2.290135e+01 1.610502e+03 4.535501e-05 5.362930e+01 9.716386e-01 1.609600e+03 4.828352e+01 5.657386e+01 -1.753732e-01 1.608298e+03 1.611348e+03 
4.515490e-05 5.338396e+01 3.320776e+00 2.397638e+01 1.610164e+03 4.512647e-05 5.339039e+01 5.625251e-01 1.609500e+03 4.533211e+01 5.753824e+01 -2.489960e+00 1.608298e+03 1.611348e+03 
4.515490e-05 5.338396e+01 3.320776e+00 2.586641e+01 1.609640e+03 4.490036e-05 5.279377e+01 6.769485e-01 1.609300e+03 4.435640e+01 5.426292e+01 -1.292901e+00 1.608298e+03 1.611348e+03 
4.515490e-05 5.338396e+01 3.320776e+00 2.761995e+01 1.609157e+03 4.480285e-05 5.240425e+01 1.198791e+00 1.608700e+03 4.470812e+01 5.498849e+01 -1.464753e+00 1.608298e+03 1.611348e+03 
4.515490e-05 5.338396e+01 3.320776e+00 2.965024e+01 1.608718e+03 4.486235e-05 5.222788e+01 1.791495e+00 1.607800e+03 4.560531e+01 5.506996e+01 -1.095225e+00 1.608298e+03 1.611348e+03 
4.515490e-05 5.338396e+01 3.320776e+00 3.160808e+01 1.608695e+03 4.489913e-05 5.243997e+01 2.427682e+00 1.607500e+03 4.570793e+01 5.556083e+01 -1.330903e+00 1.608298e+03 1.611348e+03 
4.515490e-05 5.338396e+01 3.320776e+00 3.346922e+01 1.608420e+03 4.482933e-05 5.228818e+01 2.781197e+00 1.607000e+03 4.498193e+01 5.526143e+01 -2.519317e+00 1.608298e+03 1.611348e+03 
4.515490e-05 5.338396e+01 3.320776e+00 3.493509e+01 1.608298e+03 4.462529e-05 5.201146e+01 3.386632e+00 1.606700e+03 4.477083e+01 5.444400e+01 -2.345029e+00 1.608298e+03 1.611348e+03 
4.515490e-05 5.338396e+01 3.320776e+00 3.673377e+01 1.608443e+03 4.479529e-05 5.185694e+01 4.888157e+00 1.606600e+03 4.292941e+01 5.461710e+01 nan 1.608298e+03 1.611348e+03 
4.515490e-05 5.338396e+01 3.320776e+00 3.869726e+01 1.609205e+03 4.542665e-05 5.218669e+01 5.416831e+00 1.606700e+03 4.278869e+01 5.059481e+01 nan 1.608298e+03 1.611348e+03 
4.515490e-05 5.338396e+01 3.320776e+00 4.101607e+01 1.609972e+03 4.580407e-05 5.227373e+01 5.420240e+00 1.608200e+03 4.339448e+01 5.352877e+01 nan 1.608298e+03 1.611348e+03 
4.515490e-05 5.338396e+01 3.320776e+00 4.293468e+01 1.610733e+03 4.653895e-05 5.267215e+01 4.422508e+00 1.609400e+03 4.556372e+01 5.255540e+01 nan 1.608298e+03 1.611348e+03 
4.515490e-05 5.338396e+01 3.320776e+00 4.467838e+01 1.610652e+03 4.646066e-05 5.275081e+01 3.235799e+00 1.610400e+03 4.672419e+01 5.376221e+01 5.305554e+00 1.608298e+03 1.611348e+03 
4.515490e-05 5.338396e+01 3.320776e+00 4.601323e+01 1.610822e+03 4.649773e-05 5.274128e+01 2.893550e+00 1.611000e+03 4.636888e+01 5.523364e+01 2.858566e+00 1.608298e+03 1.611348e+03 
4.515490e-05 5.338396e+01 3.320776e+00 4.787433e+01 1.611150e+03 4.661999e-05 5.288848e+01 2.485099e+00 1.611400e+03 4.552401e+01 5.436975e+01 3.181556e+00 1.608298e+03 1.611348e+03 
4.515490e-05 5.338396e+01 3.320776e+00 4.975637e+01 1.611195e+03 4.654550e-05 5.296294e+01 1.806718e+00 1.611600e+03 4.657629e+01 5.455560e+01 2.451495e+00 1.608298e+03 1.611348e+03 
4.515490e-05 5.338396e+01 3.320776e+00 5.118370e+01 1.611220e+03 4.643985e-05 5.303674e+01 1.615539e+00 1.610800e+03 4.622337e+01 5.449741e+01 -7.850091e-01 1.608298e+03 1.611348e+03 
4.515490e-05 5.338396e+01 3.320776e+00 5.283635e+01 1.611329e+03 4.630467e-05 5.327575e+01 1.532261e+00 1.610100e+03 4.612167e+01 5.444847e+01 -1.634731e+00 1.608298e+03 1.611348e+03 
4.515490e-05 5.338396e+01 3.320776e+00 5.488680e+01 1.611348e+03 4.601657e-05 5.328445e+01 1.525121e+00 1.609600e+03 4.517739e+01 5.417151e+01 -1.736112e+00 1.608298e+03 1.611348e+03 
4.515490e-05 5.338396e+01 3.320776e+00 5.640528e+01 1.611237e+03 4.589445e-05 5.310294e+01 1.329733e+00 1.609000e+03 4.413378e+01 5.322511e+01 4.146412e-01 1.608298e+03 1.611348e+03 
4.515490e-05 5.338396e+01 3.320776e+00 5.741396e+01 1.610952e+03 4.580461e-05 5.296675e+01 1.179604e+00 1.609300e+03 4.523042e+01 5.381685e+01 2.815865e+00 1.608298e+03 1.611348e+03 
4.515490e-05 5.338396e+01 3.320776e+00 5.890973e+01 1.610756e+03 4.579631e-05 5.273772e+01 1.276939e+00 1.610200e+03 4.607037e+01 5.456748e+01 1.935317e+00 1.608298e+03 1.611348e+03 
4.515490e-05 5.338396e+01 3.320776e+00 5.975932e+01 1.610702e+03 4.583558e-05 5.270762e+01 1.250429e+00 1.610700e+03 4.621955e+01 5.485297e+01 8.145644e-01 1.608298e+03 1.611348e+03 
