# 1    , 2      , 3      , 4      , 5      , 6      , 7       
# dmeas, Bx_siB0, By_siB0, Bz_siB0, In_siB0, Ic_siB0, Dc_siB0 
0.000000e+00 2.703068e-05 9.456537e-07 3.580004e-05 4.486864e-05 5.292866e+01 2.003645e+00 
2.620195e+00 2.724422e-05 1.343538e-06 3.546460e-05 4.474137e-05 5.243459e+01 2.823231e+00 
4.244541e+00 2.737121e-05 1.470780e-06 3.545766e-05 4.481732e-05 5.229402e+01 3.075806e+00 
6.635006e+00 2.741674e-05 1.659216e-06 3.569649e-05 4.504076e-05 5.242328e+01 3.463222e+00 
8.611208e+00 2.755351e-05 1.663379e-06 3.585459e-05 4.524947e-05 5.240811e+01 3.454699e+00 
9.931221e+00 2.761087e-05 1.693702e-06 3.600595e-05 4.540547e-05 5.246553e+01 3.510231e+00 
1.171626e+01 2.765856e-05 1.836800e-06 3.623417e-05 4.562110e-05 5.258367e+01 3.799424e+00 
1.370455e+01 2.786558e-05 1.976276e-06 3.664816e-05 4.608128e-05 5.268303e+01 4.056726e+00 
1.545461e+01 2.793554e-05 1.859857e-06 3.728032e-05 4.662269e-05 5.309359e+01 3.808945e+00 
1.672542e+01 2.767300e-05 1.498363e-06 3.758071e-05 4.669422e-05 5.359343e+01 3.099270e+00 
1.908349e+01 2.713430e-05 8.714257e-07 3.722804e-05 4.607555e-05 5.389886e+01 1.839438e+00 
2.053955e+01 2.697191e-05 6.812457e-07 3.695677e-05 4.575752e-05 5.386847e+01 1.446846e+00 
2.176072e+01 2.688432e-05 5.650177e-07 3.672789e-05 4.551949e-05 5.379034e+01 1.203987e+00 
2.290135e+01 2.689198e-05 4.560858e-07 3.651973e-05 4.535501e-05 5.362930e+01 9.716386e-01 
2.397638e+01 2.691031e-05 2.642116e-07 3.622381e-05 4.512647e-05 5.339039e+01 5.625251e-01 
2.586641e+01 2.714871e-05 3.207764e-07 3.576153e-05 4.490036e-05 5.279377e+01 6.769485e-01 
2.761995e+01 2.732763e-05 5.718555e-07 3.549886e-05 4.480285e-05 5.240425e+01 1.198791e+00 
2.965024e+01 2.746577e-05 8.590656e-07 3.546158e-05 4.486235e-05 5.222788e+01 1.791495e+00 
3.160808e+01 2.734560e-05 1.159355e-06 3.559222e-05 4.489913e-05 5.243997e+01 2.427682e+00 
3.346922e+01 2.738936e-05 1.330553e-06 3.546437e-05 4.482933e-05 5.228818e+01 2.781197e+00 
3.493509e+01 2.741907e-05 1.622573e-06 3.517070e-05 4.462529e-05 5.201146e+01 3.386632e+00 
3.673377e+01 2.756616e-05 2.357514e-06 3.523020e-05 4.479529e-05 5.185694e+01 4.888157e+00 
3.869726e+01 2.772628e-05 2.629123e-06 3.588763e-05 4.542665e-05 5.218669e+01 5.416831e+00 
4.101607e+01 2.790172e-05 2.647434e-06 3.622841e-05 4.580407e-05 5.227373e+01 5.420240e+00 
4.293468e+01 2.813603e-05 2.176068e-06 3.700679e-05 4.653895e-05 5.267215e+01 4.422508e+00 
4.467838e+01 2.807700e-05 1.587346e-06 3.698317e-05 4.646066e-05 5.275081e+01 3.235799e+00 
4.601323e+01 2.811454e-05 1.421048e-06 3.700800e-05 4.649773e-05 5.274128e+01 2.893550e+00 
4.787433e+01 2.810257e-05 1.219662e-06 3.717770e-05 4.661999e-05 5.288848e+01 2.485099e+00 
4.975637e+01 2.802188e-05 8.839121e-07 3.715477e-05 4.654550e-05 5.296294e+01 1.806718e+00 
5.118370e+01 2.791331e-05 7.872655e-07 3.710643e-05 4.643985e-05 5.303674e+01 1.615539e+00 
5.283635e+01 2.767865e-05 7.403866e-07 3.711424e-05 4.630467e-05 5.327575e+01 1.532261e+00 
5.488680e+01 2.750092e-05 7.322030e-07 3.688750e-05 4.601657e-05 5.328445e+01 1.525121e+00 
5.640528e+01 2.754665e-05 6.394236e-07 3.670250e-05 4.589445e-05 5.310294e+01 1.329733e+00 
5.741396e+01 2.758128e-05 5.679227e-07 3.656518e-05 4.580461e-05 5.296675e+01 1.179604e+00 
5.890973e+01 2.772115e-05 6.179180e-07 3.644801e-05 4.579631e-05 5.273772e+01 1.276939e+00 
5.975932e+01 2.776437e-05 6.060286e-07 3.646468e-05 4.583558e-05 5.270762e+01 1.250429e+00 
