# 1 , 2 , 3 , 4      , 5      , 6      , 7      , 8      , 9        
# xm, ym, zm, IGRF_In, IGRF_Ic, IGRF_Dc, In_siB0, Ic_siB0, Dc_siB0  
1.002300e+02 1.247790e+02 1.254151e+00 4.518274e-05 5.346856e+01 3.327694e+00 4.626181e-05 5.630365e+01 8.348335e+00 
1.012943e+02 1.247790e+02 2.301451e+00 4.518274e-05 5.346856e+01 3.327694e+00 4.673452e-05 5.671682e+01 8.831480e+00 
1.023587e+02 1.247790e+02 3.257817e+00 4.518274e-05 5.346856e+01 3.327694e+00 4.730282e-05 5.725354e+01 8.934695e+00 
1.034230e+02 1.247790e+02 4.055224e+00 4.518274e-05 5.346856e+01 3.327694e+00 4.788875e-05 5.785918e+01 8.393512e+00 
1.044874e+02 1.247790e+02 4.636952e+00 4.518274e-05 5.346856e+01 3.327694e+00 4.835153e-05 5.839535e+01 7.126183e+00 
1.055517e+02 1.247790e+02 4.961622e+00 4.518274e-05 5.346856e+01 3.327694e+00 4.858874e-05 5.873123e+01 5.384225e+00 
1.066161e+02 1.247790e+02 5.006140e+00 4.518274e-05 5.346856e+01 3.327694e+00 4.859234e-05 5.883058e+01 3.484314e+00 
1.076804e+02 1.247790e+02 4.767340e+00 4.518274e-05 5.346856e+01 3.327694e+00 4.836827e-05 5.868800e+01 1.642443e+00 
1.087448e+02 1.247790e+02 4.262207e+00 4.518274e-05 5.346856e+01 3.327694e+00 4.791882e-05 5.830257e+01 1.491897e-01 
1.098091e+02 1.247790e+02 3.526672e+00 4.518274e-05 5.346856e+01 3.327694e+00 4.732509e-05 5.775635e+01 -6.665671e-01 
1.108735e+02 1.247790e+02 2.613054e+00 4.518274e-05 5.346856e+01 3.327694e+00 4.673258e-05 5.719774e+01 -7.602934e-01 
1.119378e+02 1.247790e+02 1.586339e+00 4.518274e-05 5.346856e+01 3.327694e+00 4.623655e-05 5.672346e+01 -3.755682e-01 
1.130022e+02 1.247790e+02 5.195579e-01 4.518274e-05 5.346856e+01 3.327694e+00 4.585531e-05 5.635302e+01 2.388656e-01 
1.140665e+02 1.247790e+02 -5.114093e-01 4.518274e-05 5.346856e+01 3.327694e+00 4.557240e-05 5.607168e+01 9.243602e-01 
1.151309e+02 1.247790e+02 -1.433229e+00 4.518274e-05 5.346856e+01 3.327694e+00 4.536767e-05 5.586102e+01 1.608905e+00 
1.161952e+02 1.247790e+02 -2.180332e+00 4.518274e-05 5.346856e+01 3.327694e+00 4.522687e-05 5.570831e+01 2.259539e+00 
1.172596e+02 1.247790e+02 -2.699576e+00 4.518274e-05 5.346856e+01 3.327694e+00 4.514124e-05 5.560566e+01 2.875298e+00 
1.183239e+02 1.247790e+02 -2.954027e+00 4.518274e-05 5.346856e+01 3.327694e+00 4.510622e-05 5.554883e+01 3.464954e+00 
1.193883e+02 1.247790e+02 -2.925587e+00 4.518274e-05 5.346856e+01 3.327694e+00 4.512038e-05 5.553599e+01 4.046496e+00 
1.204526e+02 1.247790e+02 -2.616277e+00 4.518274e-05 5.346856e+01 3.327694e+00 4.518414e-05 5.556669e+01 4.639574e+00 
1.215170e+02 1.247790e+02 -2.048100e+00 4.518274e-05 5.346856e+01 3.327694e+00 4.530008e-05 5.564238e+01 5.260141e+00 
1.225813e+02 1.247790e+02 -1.261470e+00 4.518274e-05 5.346856e+01 3.327694e+00 4.547367e-05 5.576740e+01 5.918076e+00 
1.236457e+02 1.247790e+02 -3.123401e-01 4.518274e-05 5.346856e+01 3.327694e+00 4.571374e-05 5.595067e+01 6.602789e+00 
1.247100e+02 1.247790e+02 7.317773e-01 4.518274e-05 5.346856e+01 3.327694e+00 4.603559e-05 5.620934e+01 7.282043e+00 
1.257743e+02 1.247790e+02 1.796614e+00 4.518274e-05 5.346856e+01 3.327694e+00 4.645620e-05 5.656705e+01 7.867317e+00 
1.268387e+02 1.247790e+02 2.806427e+00 4.518274e-05 5.346856e+01 3.327694e+00 4.698297e-05 5.704492e+01 8.192243e+00 
1.279030e+02 1.247790e+02 3.689388e+00 4.518274e-05 5.346856e+01 3.327694e+00 4.757731e-05 5.762645e+01 7.992058e+00 
1.289674e+02 1.247790e+02 4.382692e+00 4.518274e-05 5.346856e+01 3.327694e+00 4.812316e-05 5.820977e+01 7.062880e+00 
1.300317e+02 1.247790e+02 4.837024e+00 4.518274e-05 5.346856e+01 3.327694e+00 4.848225e-05 5.864276e+01 5.502474e+00 
1.310961e+02 1.247790e+02 5.020067e+00 4.518274e-05 5.346856e+01 3.327694e+00 4.860436e-05 5.884537e+01 3.643796e+00 
1.321604e+02 1.247790e+02 4.918800e+00 4.518274e-05 5.346856e+01 3.327694e+00 4.849870e-05 5.880970e+01 1.744395e+00 
1.332248e+02 1.247790e+02 4.540428e+00 4.518274e-05 5.346856e+01 3.327694e+00 4.816156e-05 5.852785e+01 3.538079e-02 
1.342891e+02 1.247790e+02 3.911864e+00 4.518274e-05 5.346856e+01 3.327694e+00 4.762573e-05 5.803456e+01 -1.138382e+00 
1.353535e+02 1.247790e+02 3.077818e+00 4.518274e-05 5.346856e+01 3.327694e+00 4.701685e-05 5.745998e+01 -1.564050e+00 
1.364178e+02 1.247790e+02 2.097616e+00 4.518274e-05 5.346856e+01 3.327694e+00 4.646791e-05 5.693821e+01 -1.375502e+00 
1.374822e+02 1.247790e+02 1.040980e+00 4.518274e-05 5.346856e+01 3.327694e+00 4.603018e-05 5.651924e+01 -8.456839e-01 
1.385465e+02 1.247790e+02 -1.693093e-02 4.518274e-05 5.346856e+01 3.327694e+00 4.570064e-05 5.619965e+01 -1.807362e-01 
1.396109e+02 1.247790e+02 -1.000867e+00 4.518274e-05 5.346856e+01 3.327694e+00 4.545823e-05 5.595909e+01 5.103314e-01 
1.406752e+02 1.247790e+02 -1.840839e+00 4.518274e-05 5.346856e+01 3.327694e+00 4.528675e-05 5.578262e+01 1.179722e+00 
1.417396e+02 1.247790e+02 -2.477102e+00 4.518274e-05 5.346856e+01 3.327694e+00 4.517360e-05 5.565863e+01 1.812533e+00 
1.428039e+02 1.247790e+02 -2.864396e+00 4.518274e-05 5.346856e+01 3.327694e+00 4.511321e-05 5.558227e+01 2.412668e+00 
1.438683e+02 1.247790e+02 -2.975174e+00 4.518274e-05 5.346856e+01 3.327694e+00 4.510243e-05 5.555045e+01 2.995379e+00 
1.449326e+02 1.247790e+02 -2.801556e+00 4.518274e-05 5.346856e+01 3.327694e+00 4.514069e-05 5.556216e+01 3.579701e+00 
1.459970e+02 1.247790e+02 -2.355891e+00 4.518274e-05 5.346856e+01 3.327694e+00 4.522948e-05 5.561801e+01 4.184528e+00 
1.470613e+02 1.247790e+02 -1.669880e+00 4.518274e-05 5.346856e+01 3.327694e+00 4.537216e-05 5.572028e+01 4.822923e+00 
1.481257e+02 1.247790e+02 -7.923188e-01 4.518274e-05 5.346856e+01 3.327694e+00 4.557673e-05 5.587647e+01 5.495022e+00 
1.491900e+02 1.247790e+02 2.143711e-01 4.518274e-05 5.346856e+01 3.327694e+00 4.585430e-05 5.609805e+01 6.183156e+00 
