# 1,2,3, 4    , 5    , 6    , 7    , 8    , 9     
# x,y,z, Bx_si, By_si, Bz_si, Bx_th, By_th, Bz_th 
2.477900e+01 2.300000e-01 1.208033e+00 3.414127e-07 5.385131e-06 -3.482621e-06 0.000000e+00 0.000000e+00 0.000000e+00 
2.477900e+01 1.294348e+00 2.255333e+00 4.398762e-07 4.504674e-06 -4.467602e-06 0.000000e+00 0.000000e+00 0.000000e+00 
2.477900e+01 2.358696e+00 3.211699e+00 5.160124e-07 3.620943e-06 -5.235178e-06 0.000000e+00 0.000000e+00 0.000000e+00 
2.477900e+01 3.423043e+00 4.009106e+00 5.742934e-07 2.526681e-06 -5.824467e-06 0.000000e+00 0.000000e+00 0.000000e+00 
2.477900e+01 4.487391e+00 4.590834e+00 5.971393e-07 1.257570e-06 -6.063969e-06 0.000000e+00 0.000000e+00 0.000000e+00 
2.477900e+01 5.551739e+00 4.915504e+00 5.783986e-07 1.515624e-08 -5.892495e-06 0.000000e+00 0.000000e+00 0.000000e+00 
2.477900e+01 6.616087e+00 4.960022e+00 5.261905e-07 -1.051010e-06 -5.386262e-06 0.000000e+00 0.000000e+00 0.000000e+00 
2.477900e+01 7.680435e+00 4.721222e+00 4.475096e-07 -1.857738e-06 -4.611190e-06 0.000000e+00 0.000000e+00 0.000000e+00 
2.477900e+01 8.744783e+00 4.216089e+00 3.512248e-07 -2.284363e-06 -3.651691e-06 0.000000e+00 0.000000e+00 0.000000e+00 
2.477900e+01 9.809130e+00 3.480554e+00 2.588397e-07 -2.259919e-06 -2.714087e-06 0.000000e+00 0.000000e+00 0.000000e+00 
2.477900e+01 1.087348e+01 2.566936e+00 1.919297e-07 -1.898254e-06 -2.006642e-06 0.000000e+00 0.000000e+00 0.000000e+00 
2.477900e+01 1.193783e+01 1.540221e+00 1.550620e-07 -1.398023e-06 -1.576199e-06 0.000000e+00 0.000000e+00 0.000000e+00 
2.477900e+01 1.300217e+01 4.734399e-01 1.412746e-07 -8.887784e-07 -1.360645e-06 0.000000e+00 0.000000e+00 0.000000e+00 
2.477900e+01 1.406652e+01 -5.575273e-01 1.416334e-07 -4.257365e-07 -1.280005e-06 0.000000e+00 0.000000e+00 0.000000e+00 
2.477900e+01 1.513087e+01 -1.479347e+00 1.497598e-07 -2.050085e-08 -1.278961e-06 0.000000e+00 0.000000e+00 0.000000e+00 
2.477900e+01 1.619522e+01 -2.226450e+00 1.617115e-07 3.267128e-07 -1.324858e-06 0.000000e+00 0.000000e+00 0.000000e+00 
2.477900e+01 1.725957e+01 -2.745694e+00 1.756454e-07 6.239846e-07 -1.403916e-06 0.000000e+00 0.000000e+00 0.000000e+00 
2.477900e+01 1.832391e+01 -3.000146e+00 1.908669e-07 8.785754e-07 -1.511998e-06 0.000000e+00 0.000000e+00 0.000000e+00 
2.477900e+01 1.938826e+01 -2.971705e+00 2.076064e-07 1.098356e-06 -1.652621e-06 0.000000e+00 0.000000e+00 0.000000e+00 
2.477900e+01 2.045261e+01 -2.662395e+00 2.265986e-07 1.289884e-06 -1.833115e-06 0.000000e+00 0.000000e+00 0.000000e+00 
2.477900e+01 2.151696e+01 -2.094218e+00 2.489956e-07 1.455982e-06 -2.063786e-06 0.000000e+00 0.000000e+00 0.000000e+00 
2.477900e+01 2.258130e+01 -1.307588e+00 2.764528e-07 1.594244e-06 -2.358548e-06 0.000000e+00 0.000000e+00 0.000000e+00 
2.477900e+01 2.364565e+01 -3.584581e-01 3.108376e-07 1.689345e-06 -2.731877e-06 0.000000e+00 0.000000e+00 0.000000e+00 
2.477900e+01 2.471000e+01 6.856592e-01 3.546295e-07 1.709321e-06 -3.202668e-06 0.000000e+00 0.000000e+00 0.000000e+00 
2.477900e+01 2.577435e+01 1.750496e+00 4.091589e-07 1.591778e-06 -3.777794e-06 0.000000e+00 0.000000e+00 0.000000e+00 
2.477900e+01 2.683870e+01 2.760309e+00 4.722412e-07 1.242812e-06 -4.430279e-06 0.000000e+00 0.000000e+00 0.000000e+00 
2.477900e+01 2.790304e+01 3.643270e+00 5.322250e-07 5.615248e-07 -5.043178e-06 0.000000e+00 0.000000e+00 0.000000e+00 
2.477900e+01 2.896739e+01 4.336574e+00 5.678087e-07 -4.455275e-07 -5.408429e-06 0.000000e+00 0.000000e+00 0.000000e+00 
2.477900e+01 3.003174e+01 4.790906e+00 5.625657e-07 -1.594619e-06 -5.366212e-06 0.000000e+00 0.000000e+00 0.000000e+00 
2.477900e+01 3.109609e+01 4.973949e+00 5.188925e-07 -2.671325e-06 -4.938414e-06 0.000000e+00 0.000000e+00 0.000000e+00 
2.477900e+01 3.216043e+01 4.872682e+00 4.453996e-07 -3.562975e-06 -4.207492e-06 0.000000e+00 0.000000e+00 0.000000e+00 
2.477900e+01 3.322478e+01 4.494310e+00 3.483779e-07 -4.164341e-06 -3.234547e-06 0.000000e+00 0.000000e+00 0.000000e+00 
2.477900e+01 3.428913e+01 3.865746e+00 2.433363e-07 -4.350288e-06 -2.169999e-06 0.000000e+00 0.000000e+00 0.000000e+00 
2.477900e+01 3.535348e+01 3.031700e+00 1.552257e-07 -4.137129e-06 -1.255954e-06 0.000000e+00 0.000000e+00 0.000000e+00 
2.477900e+01 3.641783e+01 2.051498e+00 9.855382e-08 -3.705351e-06 -6.357197e-07 0.000000e+00 0.000000e+00 0.000000e+00 
2.477900e+01 3.748217e+01 9.948617e-01 7.096863e-08 -3.225366e-06 -2.920545e-07 0.000000e+00 0.000000e+00 0.000000e+00 
2.477900e+01 3.854652e+01 -6.304897e-02 6.413128e-08 -2.786955e-06 -1.507131e-07 0.000000e+00 0.000000e+00 0.000000e+00 
2.477900e+01 3.961087e+01 -1.046985e+00 7.009218e-08 -2.418011e-06 -1.406656e-07 0.000000e+00 0.000000e+00 0.000000e+00 
2.477900e+01 4.067522e+01 -1.886958e+00 8.351310e-08 -2.123425e-06 -2.146359e-07 0.000000e+00 0.000000e+00 0.000000e+00 
2.477900e+01 4.173957e+01 -2.523220e+00 1.006908e-07 -1.898949e-06 -3.394018e-07 0.000000e+00 0.000000e+00 0.000000e+00 
2.477900e+01 4.280391e+01 -2.910514e+00 1.197265e-07 -1.741949e-06 -4.975428e-07 0.000000e+00 0.000000e+00 0.000000e+00 
2.477900e+01 4.386826e+01 -3.021292e+00 1.396879e-07 -1.651001e-06 -6.798134e-07 0.000000e+00 0.000000e+00 0.000000e+00 
2.477900e+01 4.493261e+01 -2.847674e+00 1.603570e-07 -1.630353e-06 -8.831253e-07 0.000000e+00 0.000000e+00 0.000000e+00 
2.477900e+01 4.599696e+01 -2.402009e+00 1.818405e-07 -1.694626e-06 -1.107027e-06 0.000000e+00 0.000000e+00 0.000000e+00 
2.477900e+01 4.706130e+01 -1.715998e+00 2.038003e-07 -1.883075e-06 -1.346289e-06 0.000000e+00 0.000000e+00 0.000000e+00 
2.477900e+01 4.812565e+01 -8.384368e-01 2.226633e-07 -2.308566e-06 -1.564026e-06 0.000000e+00 0.000000e+00 0.000000e+00 
2.477900e+01 4.919000e+01 1.682530e-01 1.965445e-07 -3.291275e-06 -1.355483e-06 0.000000e+00 0.000000e+00 0.000000e+00 
