# 1,2,3, 4    , 5    , 6    , 7    , 8    , 9     
# x,y,z, Bx_si, By_si, Bz_si, Bx_th, By_th, Bz_th 
-2.477000e+01 -2.210000e-01 6.010000e+02 3.563402e-07 -1.221288e-06 -3.820802e-06 0.000000e+00 0.000000e+00 0.000000e+00 
-2.370565e+01 -2.210000e-01 6.010000e+02 3.403992e-07 -1.222617e-06 -3.820848e-06 0.000000e+00 0.000000e+00 0.000000e+00 
-2.264130e+01 -2.210000e-01 6.010000e+02 3.245430e-07 -1.223889e-06 -3.820892e-06 0.000000e+00 0.000000e+00 0.000000e+00 
-2.157696e+01 -2.210000e-01 6.010000e+02 3.087676e-07 -1.225102e-06 -3.820934e-06 0.000000e+00 0.000000e+00 0.000000e+00 
-2.051261e+01 -2.210000e-01 6.010000e+02 2.930687e-07 -1.226256e-06 -3.820973e-06 0.000000e+00 0.000000e+00 0.000000e+00 
-1.944826e+01 -2.210000e-01 6.010000e+02 2.774421e-07 -1.227353e-06 -3.821010e-06 0.000000e+00 0.000000e+00 0.000000e+00 
-1.838391e+01 -2.210000e-01 6.010000e+02 2.618836e-07 -1.228391e-06 -3.821044e-06 0.000000e+00 0.000000e+00 0.000000e+00 
-1.731957e+01 -2.210000e-01 6.010000e+02 2.463894e-07 -1.229370e-06 -3.821076e-06 0.000000e+00 0.000000e+00 0.000000e+00 
-1.625522e+01 -2.210000e-01 6.010000e+02 2.309554e-07 -1.230292e-06 -3.821107e-06 0.000000e+00 0.000000e+00 0.000000e+00 
-1.519087e+01 -2.210000e-01 6.010000e+02 2.155776e-07 -1.231154e-06 -3.821135e-06 0.000000e+00 0.000000e+00 0.000000e+00 
-1.412652e+01 -2.210000e-01 6.010000e+02 2.002522e-07 -1.231959e-06 -3.821161e-06 0.000000e+00 0.000000e+00 0.000000e+00 
-1.306217e+01 -2.210000e-01 6.010000e+02 1.849753e-07 -1.232705e-06 -3.821184e-06 0.000000e+00 0.000000e+00 0.000000e+00 
-1.199783e+01 -2.210000e-01 6.010000e+02 1.697432e-07 -1.233393e-06 -3.821206e-06 0.000000e+00 0.000000e+00 0.000000e+00 
-1.093348e+01 -2.210000e-01 6.010000e+02 1.545520e-07 -1.234022e-06 -3.821226e-06 0.000000e+00 0.000000e+00 0.000000e+00 
-9.869130e+00 -2.210000e-01 6.010000e+02 1.393980e-07 -1.234593e-06 -3.821244e-06 0.000000e+00 0.000000e+00 0.000000e+00 
-8.804783e+00 -2.210000e-01 6.010000e+02 1.242775e-07 -1.235105e-06 -3.821260e-06 0.000000e+00 0.000000e+00 0.000000e+00 
-7.740435e+00 -2.210000e-01 6.010000e+02 1.091869e-07 -1.235559e-06 -3.821275e-06 0.000000e+00 0.000000e+00 0.000000e+00 
-6.676087e+00 -2.210000e-01 6.010000e+02 9.412236e-08 -1.235955e-06 -3.821287e-06 0.000000e+00 0.000000e+00 0.000000e+00 
-5.611739e+00 -2.210000e-01 6.010000e+02 7.908038e-08 -1.236292e-06 -3.821297e-06 0.000000e+00 0.000000e+00 0.000000e+00 
-4.547391e+00 -2.210000e-01 6.010000e+02 6.405731e-08 -1.236571e-06 -3.821306e-06 0.000000e+00 0.000000e+00 0.000000e+00 
-3.483043e+00 -2.210000e-01 6.010000e+02 4.904955e-08 -1.236791e-06 -3.821313e-06 0.000000e+00 0.000000e+00 0.000000e+00 
-2.418696e+00 -2.210000e-01 6.010000e+02 3.405349e-08 -1.236953e-06 -3.821318e-06 0.000000e+00 0.000000e+00 0.000000e+00 
-1.354348e+00 -2.210000e-01 6.010000e+02 1.906555e-08 -1.237057e-06 -3.821321e-06 0.000000e+00 0.000000e+00 0.000000e+00 
-2.900000e-01 -2.210000e-01 6.010000e+02 4.082164e-09 -1.237102e-06 -3.821322e-06 0.000000e+00 0.000000e+00 0.000000e+00 
7.743478e-01 -2.210000e-01 6.010000e+02 -1.090025e-08 -1.237089e-06 -3.821322e-06 0.000000e+00 0.000000e+00 0.000000e+00 
1.838696e+00 -2.210000e-01 6.010000e+02 -2.588526e-08 -1.237017e-06 -3.821320e-06 0.000000e+00 0.000000e+00 0.000000e+00 
2.903043e+00 -2.210000e-01 6.010000e+02 -4.087645e-08 -1.236887e-06 -3.821316e-06 0.000000e+00 0.000000e+00 0.000000e+00 
3.967391e+00 -2.210000e-01 6.010000e+02 -5.587739e-08 -1.236698e-06 -3.821310e-06 0.000000e+00 0.000000e+00 0.000000e+00 
5.031739e+00 -2.210000e-01 6.010000e+02 -7.089168e-08 -1.236451e-06 -3.821302e-06 0.000000e+00 0.000000e+00 0.000000e+00 
6.096087e+00 -2.210000e-01 6.010000e+02 -8.592290e-08 -1.236146e-06 -3.821293e-06 0.000000e+00 0.000000e+00 0.000000e+00 
7.160435e+00 -2.210000e-01 6.010000e+02 -1.009747e-07 -1.235782e-06 -3.821281e-06 0.000000e+00 0.000000e+00 0.000000e+00 
8.224783e+00 -2.210000e-01 6.010000e+02 -1.160506e-07 -1.235360e-06 -3.821268e-06 0.000000e+00 0.000000e+00 0.000000e+00 
9.289130e+00 -2.210000e-01 6.010000e+02 -1.311544e-07 -1.234879e-06 -3.821253e-06 0.000000e+00 0.000000e+00 0.000000e+00 
1.035348e+01 -2.210000e-01 6.010000e+02 -1.462897e-07 -1.234340e-06 -3.821236e-06 0.000000e+00 0.000000e+00 0.000000e+00 
1.141783e+01 -2.210000e-01 6.010000e+02 -1.614601e-07 -1.233743e-06 -3.821217e-06 0.000000e+00 0.000000e+00 0.000000e+00 
1.248217e+01 -2.210000e-01 6.010000e+02 -1.766695e-07 -1.233087e-06 -3.821197e-06 0.000000e+00 0.000000e+00 0.000000e+00 
1.354652e+01 -2.210000e-01 6.010000e+02 -1.919215e-07 -1.232373e-06 -3.821174e-06 0.000000e+00 0.000000e+00 0.000000e+00 
1.461087e+01 -2.210000e-01 6.010000e+02 -2.072200e-07 -1.231600e-06 -3.821149e-06 0.000000e+00 0.000000e+00 0.000000e+00 
1.567522e+01 -2.210000e-01 6.010000e+02 -2.225688e-07 -1.230769e-06 -3.821122e-06 0.000000e+00 0.000000e+00 0.000000e+00 
1.673957e+01 -2.210000e-01 6.010000e+02 -2.379717e-07 -1.229880e-06 -3.821093e-06 0.000000e+00 0.000000e+00 0.000000e+00 
1.780391e+01 -2.210000e-01 6.010000e+02 -2.534326e-07 -1.228932e-06 -3.821062e-06 0.000000e+00 0.000000e+00 0.000000e+00 
1.886826e+01 -2.210000e-01 6.010000e+02 -2.689555e-07 -1.227926e-06 -3.821029e-06 0.000000e+00 0.000000e+00 0.000000e+00 
1.993261e+01 -2.210000e-01 6.010000e+02 -2.845445e-07 -1.226861e-06 -3.820993e-06 0.000000e+00 0.000000e+00 0.000000e+00 
2.099696e+01 -2.210000e-01 6.010000e+02 -3.002035e-07 -1.225738e-06 -3.820955e-06 0.000000e+00 0.000000e+00 0.000000e+00 
2.206130e+01 -2.210000e-01 6.010000e+02 -3.159367e-07 -1.224557e-06 -3.820915e-06 0.000000e+00 0.000000e+00 0.000000e+00 
2.312565e+01 -2.210000e-01 6.010000e+02 -3.317484e-07 -1.223317e-06 -3.820873e-06 0.000000e+00 0.000000e+00 0.000000e+00 
2.419000e+01 -2.210000e-01 6.010000e+02 -3.476426e-07 -1.222019e-06 -3.820828e-06 0.000000e+00 0.000000e+00 0.000000e+00 
