# 1    , 2      , 3      , 4      , 5      , 6      , 7       
# dmeas, Bx_siB0, By_siB0, Bz_siB0, In_siB0, Ic_siB0, Dc_siB0 
0.000000e+00 2.850517e-05 2.621830e-06 3.808389e-05 4.764244e-05 5.306990e+01 5.255129e+00 
1.087368e+00 2.813574e-05 2.980623e-06 3.716755e-05 4.671114e-05 5.272040e+01 6.047204e+00 
1.453161e+00 2.808792e-05 2.969498e-06 3.708253e-05 4.661398e-05 5.270475e+01 6.034980e+00 
2.328622e+00 2.798754e-05 2.919527e-06 3.668163e-05 4.623168e-05 5.250728e+01 5.955284e+00 
3.210222e+00 2.792442e-05 2.851154e-06 3.634696e-05 4.592389e-05 5.232223e+01 5.829841e+00 
3.730438e+00 2.788966e-05 2.794639e-06 3.615654e-05 4.574864e-05 5.221639e+01 5.722132e+00 
4.878502e+00 2.775755e-05 2.594219e-06 3.589027e-05 4.544583e-05 5.216098e+01 5.339350e+00 
5.745023e+00 2.780415e-05 2.507727e-06 3.559082e-05 4.523346e-05 5.188980e+01 5.153709e+00 
6.927948e+00 2.812699e-05 2.248015e-06 3.567728e-05 4.548680e-05 5.166000e+01 4.569582e+00 
7.618445e+00 2.813952e-05 2.264126e-06 3.561058e-05 4.544307e-05 5.159420e+01 4.600150e+00 
8.315325e+00 2.814396e-05 2.297047e-06 3.554469e-05 4.539585e-05 5.153554e+01 4.666011e+00 
9.252992e+00 2.835164e-05 2.561144e-06 3.522460e-05 4.528960e-05 5.105627e+01 5.161801e+00 
1.019951e+01 2.800575e-05 1.558661e-06 3.400578e-05 4.408111e-05 5.048306e+01 3.185512e+00 
1.113935e+01 2.813180e-05 1.153289e-06 3.557920e-05 4.537188e-05 5.164384e+01 2.347578e+00 
1.207908e+01 2.794558e-05 1.367482e-06 3.549226e-05 4.519432e-05 5.175082e+01 2.801463e+00 
1.268439e+01 2.792365e-05 1.399601e-06 3.548671e-05 4.517738e-05 5.176669e+01 2.869401e+00 
1.367460e+01 2.789375e-05 1.481906e-06 3.529226e-05 4.500890e-05 5.163912e+01 3.041083e+00 
1.446262e+01 2.778085e-05 1.515162e-06 3.506521e-05 4.476204e-05 5.157010e+01 3.121806e+00 
1.534955e+01 2.729824e-05 1.004639e-06 3.481349e-05 4.425135e-05 5.188018e+01 2.107667e+00 
1.696109e+01 2.723624e-05 3.852476e-07 3.534944e-05 4.462672e-05 5.238348e+01 8.103757e-01 
1.780331e+01 2.725398e-05 2.215329e-07 3.555615e-05 4.480032e-05 5.252873e+01 4.657163e-01 
1.862802e+01 2.736372e-05 -2.432574e-08 3.585737e-05 4.510571e-05 5.265177e+01 -5.093466e-02 
1.972372e+01 2.756272e-05 -7.220745e-08 3.627573e-05 4.555916e-05 5.277191e+01 -1.501003e-01 
2.064632e+01 2.763439e-05 -1.664296e-07 3.660064e-05 4.586168e-05 5.294579e+01 -3.450628e-01 
2.172901e+01 2.772205e-05 1.326589e-07 3.705594e-05 4.627821e-05 5.319902e+01 2.741765e-01 
2.255094e+01 2.773348e-05 2.000434e-07 3.714812e-05 4.635913e-05 5.325556e+01 4.132710e-01 
2.325846e+01 2.778653e-05 2.132075e-07 3.729056e-05 4.650509e-05 5.330808e+01 4.396249e-01 
2.425863e+01 2.798954e-05 2.582531e-07 3.738401e-05 4.670166e-05 5.317650e+01 5.286400e-01 
2.544131e+01 2.813470e-05 2.445920e-07 3.775593e-05 4.708642e-05 5.330647e+01 4.980943e-01 
2.689520e+01 2.828295e-05 1.139620e-06 3.810897e-05 4.747123e-05 5.339644e+01 2.307401e+00 
3.366738e+01 2.793127e-05 -4.017424e-07 3.848449e-05 4.755390e-05 5.402579e+01 -8.240425e-01 
