# 1      , 2      , 3      , 4    , 5     , 6      , 7      , 8      ,                    9              , 10  , 11  , 12  , 13    , 14
# IGRF_In, IGRF_Ic, IGRF_Dc, dmeas, height, In_siB0, Ic_siB0, Dc_siB0,                    height m (-poh), In_m, Ic_m, Dc_m, min hP, max hP
4.515083e-05 5.339026e+01 3.316879e+00 0.000000e+00 1.819253e+03 4.764244e-05 5.306990e+01 5.255129e+00 1.818900e+03 5.012145e+01 5.508378e+01 1.017693e+01 1.816654e+03 1.820912e+03
4.515083e-05 5.339026e+01 3.316879e+00 1.087368e+00 1.818871e+03 4.671114e-05 5.272040e+01 6.047204e+00 1.818100e+03 4.603603e+01 5.494766e+01 1.283638e+01 1.816654e+03 1.820912e+03
4.515083e-05 5.339026e+01 3.316879e+00 1.453161e+00 1.818944e+03 4.661398e-05 5.270475e+01 6.034980e+00 1.817700e+03 4.301312e+01 4.749524e+01 1.393559e+01 1.816654e+03 1.820912e+03
4.515083e-05 5.339026e+01 3.316879e+00 2.328622e+00 1.818754e+03 4.623168e-05 5.250728e+01 5.955284e+00 1.816700e+03 3.793344e+01 4.774912e+01 4.677010e+00 1.816654e+03 1.820912e+03
4.515083e-05 5.339026e+01 3.316879e+00 3.210222e+00 1.818480e+03 4.592389e-05 5.232223e+01 5.829841e+00 1.816700e+03 4.113683e+01 5.239878e+01 6.705995e+00 1.816654e+03 1.820912e+03
4.515083e-05 5.339026e+01 3.316879e+00 3.730438e+00 1.818315e+03 4.574864e-05 5.221639e+01 5.722132e+00 1.816000e+03 4.374482e+01 4.435409e+01 9.627986e+00 1.816654e+03 1.820912e+03
4.515083e-05 5.339026e+01 3.316879e+00 4.878502e+00 1.817901e+03 4.544583e-05 5.216098e+01 5.339350e+00 1.815500e+03 4.464640e+01 4.485970e+01 2.743773e+00 1.816654e+03 1.820912e+03
4.515083e-05 5.339026e+01 3.316879e+00 5.745023e+00 1.817642e+03 4.523346e-05 5.188980e+01 5.153709e+00 1.815600e+03 4.538344e+01 5.053260e+01 -3.252562e-01 1.816654e+03 1.820912e+03
4.515083e-05 5.339026e+01 3.316879e+00 6.927948e+00 1.817469e+03 4.548680e-05 5.166000e+01 4.569582e+00 1.815700e+03 4.722764e+01 4.860358e+01 1.046490e+01 1.816654e+03 1.820912e+03
4.515083e-05 5.339026e+01 3.316879e+00 7.618445e+00 1.817254e+03 4.544307e-05 5.159420e+01 4.600150e+00 1.815700e+03 4.061263e+01 4.910614e+01 9.213317e+00 1.816654e+03 1.820912e+03
4.515083e-05 5.339026e+01 3.316879e+00 8.315325e+00 1.817080e+03 4.539585e-05 5.153554e+01 4.666011e+00 1.815600e+03 3.912405e+01 4.789122e+01 7.264730e+00 1.816654e+03 1.820912e+03
4.515083e-05 5.339026e+01 3.316879e+00 9.252992e+00 1.816826e+03 4.528960e-05 5.105627e+01 5.161801e+00 1.815500e+03 3.720731e+01 4.573727e+01 5.152666e+00 1.816654e+03 1.820912e+03
4.515083e-05 5.339026e+01 3.316879e+00 1.019951e+01 1.816654e+03 4.408111e-05 5.048306e+01 3.185512e+00 1.816100e+03 4.317648e+01 4.655980e+01 2.420937e+00 1.816654e+03 1.820912e+03
4.515083e-05 5.339026e+01 3.316879e+00 1.113935e+01 1.816885e+03 4.537188e-05 5.164384e+01 2.347578e+00 1.816650e+03 4.194305e+01 4.895655e+01 1.441774e+00 1.816654e+03 1.820912e+03
4.515083e-05 5.339026e+01 3.316879e+00 1.207908e+01 1.817101e+03 4.519432e-05 5.175082e+01 2.801463e+00 1.817200e+03 4.082122e+01 5.151187e+01 3.231367e-01 1.816654e+03 1.820912e+03
4.515083e-05 5.339026e+01 3.316879e+00 1.268439e+01 1.817280e+03 4.517738e-05 5.176669e+01 2.869401e+00 1.817500e+03 4.016493e+01 5.004273e+01 -1.165924e+00 1.816654e+03 1.820912e+03
4.515083e-05 5.339026e+01 3.316879e+00 1.367460e+01 1.817405e+03 4.500890e-05 5.163912e+01 3.041083e+00 1.818700e+03 4.074625e+01 5.174379e+01 -1.993476e+00 1.816654e+03 1.820912e+03
4.515083e-05 5.339026e+01 3.316879e+00 1.446262e+01 1.817579e+03 4.476204e-05 5.157010e+01 3.121806e+00 1.819200e+03 4.081183e+01 5.231120e+01 -4.734394e+00 1.816654e+03 1.820912e+03
4.515083e-05 5.339026e+01 3.316879e+00 1.534955e+01 1.817658e+03 4.425135e-05 5.188018e+01 2.107667e+00 1.819700e+03 4.137632e+01 5.301675e+01 -6.046019e+00 1.816654e+03 1.820912e+03
4.515083e-05 5.339026e+01 3.316879e+00 1.696109e+01 1.817963e+03 4.462672e-05 5.238348e+01 8.103757e-01 1.820400e+03 4.522833e+01 5.551888e+01 -1.034740e+01 1.816654e+03 1.820912e+03
4.515083e-05 5.339026e+01 3.316879e+00 1.780331e+01 1.818351e+03 4.480032e-05 5.252873e+01 4.657163e-01 1.820400e+03 4.371003e+01 5.167263e+01 2.873920e+00 1.816654e+03 1.820912e+03
4.515083e-05 5.339026e+01 3.316879e+00 1.862802e+01 1.818734e+03 4.510571e-05 5.265177e+01 -5.093466e-02 1.820900e+03 4.283685e+01 5.456174e+01 -6.439920e+00 1.816654e+03 1.820912e+03
4.515083e-05 5.339026e+01 3.316879e+00 1.972372e+01 1.819153e+03 4.555916e-05 5.277191e+01 -1.501003e-01 1.821500e+03 4.469826e+01 5.793870e+01 -2.908201e+00 1.816654e+03 1.820912e+03
4.515083e-05 5.339026e+01 3.316879e+00 2.064632e+01 1.819491e+03 4.586168e-05 5.294579e+01 -3.450628e-01 1.821900e+03 4.543361e+01 5.685362e+01 -2.462490e-01 1.816654e+03 1.820912e+03
4.515083e-05 5.339026e+01 3.316879e+00 2.172901e+01 1.819819e+03 4.627821e-05 5.319902e+01 2.741765e-01 1.822100e+03 4.415173e+01 5.595361e+01 -3.541797e-02 1.816654e+03 1.820912e+03
4.515083e-05 5.339026e+01 3.316879e+00 2.255094e+01 1.820081e+03 4.635913e-05 5.325556e+01 4.132710e-01 1.822200e+03 4.336213e+01 5.458834e+01 -3.904114e-03 1.816654e+03 1.820912e+03
4.515083e-05 5.339026e+01 3.316879e+00 2.325846e+01 1.820299e+03 4.650509e-05 5.330808e+01 4.396249e-01 1.822400e+03 4.398418e+01 5.267796e+01 -2.208536e+00 1.816654e+03 1.820912e+03
4.515083e-05 5.339026e+01 3.316879e+00 2.425863e+01 1.820570e+03 4.670166e-05 5.317650e+01 5.286400e-01 1.822800e+03 4.432609e+01 5.474993e+01 7.248681e-01 1.816654e+03 1.820912e+03
4.515083e-05 5.339026e+01 3.316879e+00 2.544131e+01 1.820857e+03 4.708642e-05 5.330647e+01 4.980943e-01 1.822900e+03 4.405425e+01 5.669641e+01 -3.568610e+00 1.816654e+03 1.820912e+03
4.515083e-05 5.339026e+01 3.316879e+00 2.685609e+01 1.820912e+03 4.747123e-05 5.339644e+01 2.307401e+00 1.823100e+03 4.875264e+01 5.822122e+01 -1.364023e+00 1.816654e+03 1.820912e+03
