# 1, 2, 3, 4   , 5   , 6   , 7   , 8   , 9   , 10  
# x, y, z, Bx_si, By_si, Bz_si, In_si, Ic_si, Dc_si, dmeas 
4.994135e+05 4.171917e+06 1.819253e+03 1.063930e-06 1.624071e-06 -1.840593e-06 2.675320e-06 4.347120e+01 3.322884e+01 0.000000e+00 
4.994124e+05 4.171917e+06 1.818871e+03 1.422723e-06 1.254637e-06 -9.242463e-07 2.110091e-06 2.597714e+01 4.859236e+01 1.087368e+00 
4.994123e+05 4.171918e+06 1.818944e+03 1.411598e-06 1.206822e-06 -8.392317e-07 2.037974e-06 2.431777e+01 4.947177e+01 1.453161e+00 
4.994115e+05 4.171918e+06 1.818754e+03 1.361627e-06 1.106444e-06 -4.383338e-07 1.808420e-06 1.402734e+01 5.090306e+01 2.328622e+00 
4.994106e+05 4.171918e+06 1.818480e+03 1.293254e-06 1.043323e-06 -1.036604e-07 1.664865e-06 3.569748e+00 5.110540e+01 3.210222e+00 
4.994101e+05 4.171918e+06 1.818315e+03 1.236739e-06 1.008559e-06 8.676407e-08 1.598200e-06 -3.112039e+00 5.080280e+01 3.730438e+00 
4.994090e+05 4.171917e+06 1.817901e+03 1.036319e-06 8.764549e-07 3.530267e-07 1.402412e-06 -1.457981e+01 4.977752e+01 4.878502e+00 
4.994081e+05 4.171917e+06 1.817642e+03 9.498272e-07 9.230461e-07 6.524776e-07 1.476453e-06 -2.622660e+01 4.581924e+01 5.745023e+00 
4.994070e+05 4.171918e+06 1.817469e+03 6.901153e-07 1.245891e-06 5.660211e-07 1.532607e-06 -2.167364e+01 2.898265e+01 6.927948e+00 
4.994063e+05 4.171917e+06 1.817254e+03 7.062263e-07 1.258423e-06 6.327224e-07 1.575666e-06 -2.367566e+01 2.930111e+01 7.618445e+00 
4.994056e+05 4.171917e+06 1.817080e+03 7.391469e-07 1.262856e-06 6.986137e-07 1.621482e-06 -2.552144e+01 3.034035e+01 8.315325e+00 
4.994047e+05 4.171917e+06 1.816826e+03 1.003244e-06 1.470540e-06 1.018697e-06 2.051032e-06 -2.978030e+01 3.430291e+01 9.252992e+00 
4.994038e+05 4.171917e+06 1.816654e+03 7.606232e-10 1.124645e-06 2.237523e-06 2.504263e-06 -6.331454e+01 3.875044e-02 1.019951e+01 
4.994028e+05 4.171917e+06 1.816885e+03 -4.046113e-07 1.250698e-06 6.641014e-07 1.472748e-06 -2.680316e+01 -1.792683e+01 1.113935e+01 
4.994019e+05 4.171918e+06 1.817101e+03 -1.904176e-07 1.064481e-06 7.510367e-07 1.316600e-06 -3.478067e+01 -1.014197e+01 1.207908e+01 
4.994014e+05 4.171918e+06 1.817280e+03 -1.582994e-07 1.042552e-06 7.565921e-07 1.297846e-06 -3.565899e+01 -8.633753e+00 1.268439e+01 
4.994004e+05 4.171918e+06 1.817405e+03 -7.599398e-08 1.012650e-06 9.510440e-07 1.391302e-06 -4.312280e+01 -4.291698e+00 1.367460e+01 
4.993996e+05 4.171918e+06 1.817579e+03 -4.273836e-08 8.997545e-07 1.178094e-06 1.483001e-06 -5.259853e+01 -2.719507e+00 1.446262e+01 
4.993989e+05 4.171917e+06 1.817658e+03 -5.532612e-07 4.171373e-07 1.429806e-06 1.588851e-06 -6.414486e+01 -5.298513e+01 1.534955e+01 
4.993979e+05 4.171916e+06 1.817963e+03 -1.172652e-06 3.551421e-07 8.938646e-07 1.516652e-06 -3.611210e+01 -7.315087e+01 1.696109e+01 
4.993971e+05 4.171916e+06 1.818351e+03 -1.336367e-06 3.728771e-07 6.871462e-07 1.548252e-06 -2.634791e+01 -7.440968e+01 1.780331e+01 
4.993963e+05 4.171916e+06 1.818734e+03 -1.582226e-06 4.826197e-07 3.859256e-07 1.698617e-06 -1.313228e+01 -7.303694e+01 1.862802e+01 
4.993952e+05 4.171916e+06 1.819153e+03 -1.630107e-06 6.816230e-07 -3.242936e-08 1.767176e-06 1.051491e+00 -6.730795e+01 1.972372e+01 
4.993944e+05 4.171916e+06 1.819491e+03 -1.724330e-06 7.532859e-07 -3.573379e-07 1.915318e-06 1.075259e+01 -6.640154e+01 2.064632e+01 
4.993933e+05 4.171915e+06 1.819819e+03 -1.425241e-06 8.409535e-07 -8.126430e-07 1.843612e-06 2.615421e+01 -5.945757e+01 2.172901e+01 
4.993925e+05 4.171915e+06 1.820081e+03 -1.357857e-06 8.523827e-07 -9.048240e-07 1.840934e-06 2.943940e+01 -5.788181e+01 2.255094e+01 
4.993918e+05 4.171916e+06 1.820299e+03 -1.344692e-06 9.054329e-07 -1.047264e-06 1.929966e-06 3.286308e+01 -5.604611e+01 2.325846e+01 
4.993908e+05 4.171915e+06 1.820570e+03 -1.299647e-06 1.108442e-06 -1.140712e-06 2.054008e-06 3.373546e+01 -4.953984e+01 2.425863e+01 
4.993896e+05 4.171915e+06 1.820857e+03 -1.313308e-06 1.253604e-06 -1.512625e-06 2.363120e-06 3.979903e+01 -4.633240e+01 2.544131e+01 
4.993884e+05 4.171914e+06 1.820912e+03 -4.182803e-07 1.401846e-06 -1.865668e-06 2.370833e-06 5.189909e+01 -1.661396e+01 2.689520e+01 
4.993913e+05 4.171908e+06 1.819657e+03 -1.959642e-06 1.050174e-06 -2.241191e-06 3.156897e-06 4.522960e+01 -6.181311e+01 3.366738e+01 
