# 1, 2, 3, 4   , 5   , 6   , 7   , 8   , 9   , 10  
# x, y, z, Bx_si, By_si, Bz_si, In_si, Ic_si, Dc_si, dmeas 
4.994135e+05 4.171917e+06 1.819492e+03 -4.109100e-07 -1.154748e-07 1.451537e-06 1.512991e-06 7.361393e+01 -1.643035e+02 0.000000e+00 
4.994124e+05 4.171917e+06 1.819492e+03 -4.112838e-07 -1.120243e-07 1.449493e-06 1.510872e-06 7.361243e+01 -1.647636e+02 1.087368e+00 
4.994123e+05 4.171918e+06 1.819492e+03 -4.118242e-07 -1.115139e-07 1.448024e-06 1.509573e-06 7.358259e+01 -1.648488e+02 1.453161e+00 
4.994115e+05 4.171918e+06 1.819492e+03 -4.126844e-07 -1.086031e-07 1.445017e-06 1.506711e-06 7.354734e+01 -1.652562e+02 2.328622e+00 
4.994106e+05 4.171918e+06 1.819492e+03 -4.132084e-07 -1.057463e-07 1.442838e-06 1.504561e-06 7.353152e+01 -1.656452e+02 3.210222e+00 
4.994101e+05 4.171918e+06 1.819492e+03 -4.134968e-07 -1.040874e-07 1.441617e-06 1.503354e-06 7.352302e+01 -1.658708e+02 3.730438e+00 
4.994090e+05 4.171917e+06 1.819492e+03 -4.135941e-07 -1.008741e-07 1.440370e-06 1.501966e-06 7.353436e+01 -1.662934e+02 4.878502e+00 
4.994081e+05 4.171917e+06 1.819492e+03 -4.137540e-07 -9.838718e-08 1.439232e-06 1.500753e-06 7.353766e+01 -1.666240e+02 5.745023e+00 
4.994070e+05 4.171918e+06 1.819492e+03 -4.148582e-07 -9.473403e-08 1.435470e-06 1.497216e-06 7.348783e+01 -1.671369e+02 6.927948e+00 
4.994063e+05 4.171917e+06 1.819492e+03 -4.149318e-07 -9.284098e-08 1.434739e-06 1.496417e-06 7.349256e+01 -1.673878e+02 7.618445e+00 
4.994056e+05 4.171917e+06 1.819492e+03 -4.152619e-07 -9.076867e-08 1.433345e-06 1.495045e-06 7.348199e+01 -1.676701e+02 8.315325e+00 
4.994047e+05 4.171917e+06 1.819492e+03 -4.156294e-07 -8.804513e-08 1.431690e-06 1.493397e-06 7.347180e+01 -1.680395e+02 9.252992e+00 
4.994038e+05 4.171917e+06 1.819492e+03 -4.162042e-07 -8.525669e-08 1.429526e-06 1.491322e-06 7.344837e+01 -1.684235e+02 1.019951e+01 
4.994028e+05 4.171917e+06 1.819492e+03 -4.167935e-07 -8.252257e-08 1.427360e-06 1.489256e-06 7.342323e+01 -1.688006e+02 1.113935e+01 
4.994019e+05 4.171918e+06 1.819492e+03 -4.173697e-07 -7.982705e-08 1.425255e-06 1.487253e-06 7.339822e+01 -1.691723e+02 1.207908e+01 
4.994014e+05 4.171918e+06 1.819492e+03 -4.180082e-07 -7.819248e-08 1.423291e-06 1.485464e-06 7.336462e+01 -1.694047e+02 1.268439e+01 
4.994004e+05 4.171918e+06 1.819492e+03 -4.181589e-07 -7.559166e-08 1.422264e-06 1.484388e-06 7.336519e+01 -1.697532e+02 1.367460e+01 
4.993996e+05 4.171918e+06 1.819492e+03 -4.188305e-07 -7.343097e-08 1.420110e-06 1.482404e-06 7.333089e+01 -1.700558e+02 1.446262e+01 
4.993989e+05 4.171917e+06 1.819492e+03 -4.184538e-07 -7.162546e-08 1.420587e-06 1.482667e-06 7.336133e+01 -1.702870e+02 1.534955e+01 
4.993979e+05 4.171916e+06 1.819492e+03 -4.170606e-07 -6.953351e-08 1.423675e-06 1.485135e-06 7.345911e+01 -1.705345e+02 1.696109e+01 
4.993971e+05 4.171916e+06 1.819492e+03 -4.175143e-07 -6.725475e-08 1.422032e-06 1.483582e-06 7.343811e+01 -1.708492e+02 1.780331e+01 
4.993963e+05 4.171916e+06 1.819492e+03 -4.179519e-07 -6.504691e-08 1.420458e-06 1.482098e-06 7.341754e+01 -1.711539e+02 1.862802e+01 
4.993952e+05 4.171916e+06 1.819492e+03 -4.178631e-07 -6.244424e-08 1.420208e-06 1.481722e-06 7.343259e+01 -1.715008e+02 1.972372e+01 
4.993944e+05 4.171916e+06 1.819492e+03 -4.177640e-07 -6.028092e-08 1.420098e-06 1.481499e-06 7.344666e+01 -1.717892e+02 2.064632e+01 
4.993933e+05 4.171915e+06 1.819492e+03 -4.177106e-07 -5.770179e-08 1.419827e-06 1.481121e-06 7.345900e+01 -1.721350e+02 2.172901e+01 
4.993925e+05 4.171915e+06 1.819492e+03 -4.181595e-07 -5.558623e-08 1.418274e-06 1.479678e-06 7.343591e+01 -1.724280e+02 2.255094e+01 
4.993918e+05 4.171916e+06 1.819492e+03 -4.184613e-07 -5.378161e-08 1.417180e-06 1.478648e-06 7.342141e+01 -1.726764e+02 2.325846e+01 
4.993908e+05 4.171915e+06 1.819492e+03 -4.186454e-07 -5.130603e-08 1.416318e-06 1.477787e-06 7.341655e+01 -1.730131e+02 2.425863e+01 
4.993896e+05 4.171915e+06 1.819492e+03 -4.186966e-07 -4.847111e-08 1.415793e-06 1.477202e-06 7.342131e+01 -1.733965e+02 2.544131e+01 
4.993884e+05 4.171914e+06 1.819492e+03 -4.180143e-07 -4.560896e-08 1.417365e-06 1.478425e-06 7.347576e+01 -1.737732e+02 2.689520e+01 
4.993913e+05 4.171908e+06 1.819492e+03 -4.093823e-07 -5.464975e-08 1.446501e-06 1.504309e-06 7.406457e+01 -1.723964e+02 3.366738e+01 
