# 1      , 2      , 3      , 4    , 5     , 6      , 7      , 8      ,                    9              , 10  , 11  , 12  , 13    , 14      
# IGRF_In, IGRF_Ic, IGRF_Dc, dmeas, height, In_siB0, Ic_siB0, Dc_siB0,                    height m (-poh), In_m, Ic_m, Dc_m, min hP, max hP  
4.515490e-05 5.338396e+01 3.320776e+00 0.000000e+00 1.617170e+03 4.419562e-05 5.285995e+01 6.625586e-01 1.618900e+03 4.575064e+01 5.878437e+01 -6.645001e+00 1.614059e+03 1.619087e+03 
4.515490e-05 5.338396e+01 3.320776e+00 1.313858e+00 1.616895e+03 4.404492e-05 5.270421e+01 1.729310e+00 1.617700e+03 4.340587e+01 5.727158e+01 1.937867e-01 1.614059e+03 1.619087e+03 
4.515490e-05 5.338396e+01 3.320776e+00 3.704210e+00 1.617109e+03 4.430336e-05 5.227797e+01 1.252930e+00 1.615600e+03 4.207129e+01 5.318418e+01 2.747505e-01 1.614059e+03 1.619087e+03 
4.515490e-05 5.338396e+01 3.320776e+00 3.704210e+00 1.617109e+03 4.419882e-05 5.289316e+01 1.101733e+00 1.615600e+03 4.206765e+01 5.308327e+01 1.125919e+00 1.614059e+03 1.619087e+03 
4.515490e-05 5.338396e+01 3.320776e+00 5.176935e+00 1.616563e+03 4.436246e-05 5.216013e+01 1.657545e+00 1.614800e+03 4.465357e+01 5.305078e+01 2.487716e-01 1.614059e+03 1.619087e+03 
4.515490e-05 5.338396e+01 3.320776e+00 7.529181e+00 1.615680e+03 4.380083e-05 5.231014e+01 1.374446e+00 1.614800e+03 4.392862e+01 5.428043e+01 -1.934920e+00 1.614059e+03 1.619087e+03 
4.515490e-05 5.338396e+01 3.320776e+00 9.022361e+00 1.615216e+03 4.320531e-05 5.157238e+01 2.142567e+00 1.614500e+03 4.351851e+01 5.322759e+01 -2.089908e-01 1.614059e+03 1.619087e+03 
4.515490e-05 5.338396e+01 3.320776e+00 1.058217e+01 1.614730e+03 4.382992e-05 5.157869e+01 1.626848e+00 1.614300e+03 4.420009e+01 5.432515e+01 -1.035171e+00 1.614059e+03 1.619087e+03 
4.515490e-05 5.338396e+01 3.320776e+00 1.241860e+01 1.614184e+03 4.335271e-05 5.094676e+01 2.665872e+00 1.614000e+03 4.293308e+01 5.328460e+01 -3.503504e+00 1.614059e+03 1.619087e+03 
4.515490e-05 5.338396e+01 3.320776e+00 1.455690e+01 1.614059e+03 4.393445e-05 5.041703e+01 3.745564e+00 1.612500e+03 4.312005e+01 5.092131e+01 4.634988e-01 1.614059e+03 1.619087e+03 
4.515490e-05 5.338396e+01 3.320776e+00 1.697472e+01 1.614856e+03 4.626247e-05 4.959900e+01 3.238548e+00 1.611400e+03 4.165310e+01 5.125718e+01 4.529160e-01 1.614059e+03 1.619087e+03 
4.515490e-05 5.338396e+01 3.320776e+00 2.015689e+01 1.614502e+03 4.515517e-05 5.034722e+01 3.462959e+00 1.612500e+03 4.307516e+01 5.201969e+01 1.747714e+00 1.614059e+03 1.619087e+03 
4.515490e-05 5.338396e+01 3.320776e+00 2.247984e+01 1.614656e+03 4.602372e-05 5.035580e+01 3.636135e+00 1.612700e+03 4.321875e+01 5.219473e+01 1.778680e+00 1.614059e+03 1.619087e+03 
4.515490e-05 5.338396e+01 3.320776e+00 2.441537e+01 1.615438e+03 4.642966e-05 5.186522e+01 1.781478e+00 1.613000e+03 4.395217e+01 5.065917e+01 1.888427e+00 1.614059e+03 1.619087e+03 
4.515490e-05 5.338396e+01 3.320776e+00 2.656648e+01 1.615311e+03 4.561843e-05 5.199394e+01 6.965557e-01 1.612600e+03 4.338194e+01 5.048128e+01 5.013835e+00 1.614059e+03 1.619087e+03 
4.515490e-05 5.338396e+01 3.320776e+00 2.729138e+01 1.615059e+03 4.685197e-05 5.267883e+01 5.456489e-01 1.613400e+03 4.588199e+01 5.262014e+01 3.216199e+00 1.614059e+03 1.619087e+03 
4.515490e-05 5.338396e+01 3.320776e+00 2.891230e+01 1.614581e+03 4.527602e-05 5.256985e+01 -4.307956e-01 1.613200e+03 4.613804e+01 5.315105e+01 1.252928e+00 1.614059e+03 1.619087e+03 
4.515490e-05 5.338396e+01 3.320776e+00 3.129915e+01 1.614514e+03 4.510876e-05 5.260242e+01 2.400686e+00 1.613300e+03 4.551627e+01 5.255630e+01 -3.037130e+00 1.614059e+03 1.619087e+03 
4.515490e-05 5.338396e+01 3.320776e+00 3.215546e+01 1.614509e+03 4.519955e-05 5.235356e+01 2.084327e+00 1.613200e+03 4.430771e+01 5.179174e+01 -2.336356e+00 1.614059e+03 1.619087e+03 
4.515490e-05 5.338396e+01 3.320776e+00 3.362494e+01 1.614426e+03 4.473116e-05 5.275095e+01 2.196508e+00 1.613500e+03 4.462652e+01 5.240063e+01 -8.099991e-01 1.614059e+03 1.619087e+03 
4.515490e-05 5.338396e+01 3.320776e+00 3.563105e+01 1.614390e+03 4.538057e-05 5.257141e+01 1.104168e+00 1.613400e+03 4.462422e+01 5.252587e+01 -6.609493e-01 1.614059e+03 1.619087e+03 
4.515490e-05 5.338396e+01 3.320776e+00 3.741758e+01 1.614577e+03 4.513532e-05 5.227470e+01 2.471758e+00 1.613600e+03 4.497259e+01 5.303865e+01 -3.000057e+00 1.614059e+03 1.619087e+03 
4.515490e-05 5.338396e+01 3.320776e+00 3.854291e+01 1.614749e+03 4.518645e-05 5.172710e+01 2.709263e+00 1.614200e+03 4.497052e+01 5.421160e+01 -2.206697e+00 1.614059e+03 1.619087e+03 
4.515490e-05 5.338396e+01 3.320776e+00 3.968929e+01 1.614910e+03 4.517472e-05 5.228624e+01 2.747927e+00 1.613900e+03 4.384791e+01 5.393968e+01 -1.430057e+00 1.614059e+03 1.619087e+03 
4.515490e-05 5.338396e+01 3.320776e+00 4.223027e+01 1.614524e+03 4.597958e-05 5.168870e+01 1.929995e+00 1.613800e+03 4.521116e+01 5.227877e+01 -1.427673e-01 1.614059e+03 1.619087e+03 
4.515490e-05 5.338396e+01 3.320776e+00 4.629250e+01 1.615441e+03 4.528407e-05 5.164057e+01 2.531704e+00 1.615200e+03 4.624073e+01 5.334193e+01 -2.897998e+00 1.614059e+03 1.619087e+03 
4.515490e-05 5.338396e+01 3.320776e+00 4.837712e+01 1.615538e+03 4.534582e-05 5.229758e+01 2.617354e+00 1.615100e+03 4.501864e+01 5.470362e+01 -3.609559e+00 1.614059e+03 1.619087e+03 
4.515490e-05 5.338396e+01 3.320776e+00 5.050461e+01 1.615528e+03 4.469715e-05 5.208724e+01 3.153492e+00 1.613500e+03 4.122763e+01 5.143908e+01 nan 1.614059e+03 1.619087e+03 
4.515490e-05 5.338396e+01 3.320776e+00 5.177443e+01 1.615445e+03 4.477439e-05 5.210625e+01 4.442887e+00 1.613800e+03 4.342708e+01 5.269640e+01 nan 1.614059e+03 1.619087e+03 
4.515490e-05 5.338396e+01 3.320776e+00 5.275139e+01 1.615613e+03 4.500444e-05 5.214010e+01 4.815644e+00 1.614500e+03 4.597181e+01 5.167244e+01 nan 1.614059e+03 1.619087e+03 
4.515490e-05 5.338396e+01 3.320776e+00 5.418483e+01 1.615985e+03 4.510547e-05 5.234135e+01 4.952249e+00 1.614700e+03 4.602680e+01 5.456200e+01 nan 1.614059e+03 1.619087e+03 
4.515490e-05 5.338396e+01 3.320776e+00 5.606084e+01 1.616826e+03 4.570873e-05 5.166224e+01 4.465300e+00 1.615000e+03 4.602720e+01 5.369643e+01 nan 1.614059e+03 1.619087e+03 
4.515490e-05 5.338396e+01 3.320776e+00 5.748271e+01 1.617645e+03 4.670353e-05 5.203941e+01 3.548813e+00 1.615100e+03 4.415560e+01 5.353161e+01 nan 1.614059e+03 1.619087e+03 
4.515490e-05 5.338396e+01 3.320776e+00 5.867883e+01 1.618290e+03 4.659780e-05 5.223234e+01 3.848807e+00 1.615200e+03 4.324688e+01 5.202430e+01 nan 1.614059e+03 1.619087e+03 
4.515490e-05 5.338396e+01 3.320776e+00 6.056182e+01 1.618793e+03 4.697812e-05 5.392160e+01 3.003273e+00 1.616600e+03 4.689832e+01 5.193213e+01 nan 1.614059e+03 1.619087e+03 
4.515490e-05 5.338396e+01 3.320776e+00 6.153753e+01 1.619087e+03 4.679915e-05 5.359598e+01 2.169230e+00 1.617700e+03 4.734403e+01 5.357801e+01 nan 1.614059e+03 1.619087e+03 
4.515490e-05 5.338396e+01 3.320776e+00 6.232824e+01 1.619057e+03 4.649225e-05 5.378510e+01 1.877881e+00 1.617900e+03 4.736998e+01 5.385650e+01 nan 1.614059e+03 1.619087e+03 
4.515490e-05 5.338396e+01 3.320776e+00 6.365586e+01 1.618937e+03 4.591324e-05 5.389987e+01 1.935497e+00 1.618000e+03 4.746066e+01 5.470341e+01 nan 1.614059e+03 1.619087e+03 
4.515490e-05 5.338396e+01 3.320776e+00 6.578729e+01 1.618666e+03 4.558821e-05 5.386021e+01 2.073774e+00 1.618100e+03 4.657630e+01 5.581463e+01 4.709900e-01 1.614059e+03 1.619087e+03 
