# 1    , 2      , 3      , 4      , 5      , 6      , 7       
# dmeas, Bx_siB0, By_siB0, Bz_siB0, In_siB0, Ic_siB0, Dc_siB0 
0.000000e+00 2.668200e-05 3.085598e-07 3.523107e-05 4.419562e-05 5.285995e+01 6.625586e-01 
1.313858e+00 2.667598e-05 8.053829e-07 3.503853e-05 4.404492e-05 5.270421e+01 1.729310e+00 
3.704210e+00 2.709970e-05 5.927038e-07 3.504344e-05 4.430336e-05 5.227797e+01 1.252930e+00 
3.704210e+00 2.666036e-05 5.127119e-07 3.524909e-05 4.419882e-05 5.289316e+01 1.101733e+00 
5.176935e+00 2.720306e-05 7.871937e-07 3.503430e-05 4.436246e-05 5.216013e+01 1.657545e+00 
7.529181e+00 2.677156e-05 6.423355e-07 3.466099e-05 4.380083e-05 5.231014e+01 1.374446e+00 
9.022361e+00 2.683443e-05 1.003937e-06 3.384678e-05 4.320531e-05 5.157238e+01 2.142567e+00 
1.058217e+01 2.722665e-05 7.732775e-07 3.433909e-05 4.382992e-05 5.157869e+01 1.626848e+00 
1.241860e+01 2.728448e-05 1.270416e-06 3.366602e-05 4.335271e-05 5.094676e+01 2.665872e+00 
1.455690e+01 2.793501e-05 1.828786e-06 3.386040e-05 4.393445e-05 5.041703e+01 3.745564e+00 
1.697472e+01 2.993636e-05 1.693907e-06 3.523012e-05 4.626247e-05 4.959900e+01 3.238548e+00 
2.015689e+01 2.876241e-05 1.740521e-06 3.476613e-05 4.515517e-05 5.034722e+01 3.462959e+00 
2.247984e+01 2.930486e-05 1.862261e-06 3.543925e-05 4.602372e-05 5.035580e+01 3.636135e+00 
2.441537e+01 2.865708e-05 8.913122e-07 3.651973e-05 4.642966e-05 5.186522e+01 1.781478e+00 
2.656648e+01 2.808724e-05 3.414787e-07 3.594484e-05 4.561843e-05 5.199394e+01 6.965557e-01 
2.729138e+01 2.840423e-05 2.705122e-07 3.725901e-05 4.685197e-05 5.267883e+01 5.456489e-01 
2.891230e+01 2.751771e-05 -2.069041e-07 3.595346e-05 4.527602e-05 5.256985e+01 -4.307956e-01 
3.129915e+01 2.737241e-05 1.147572e-06 3.583621e-05 4.510876e-05 5.260242e+01 2.400686e+00 
3.215546e+01 2.758904e-05 1.004087e-06 3.578877e-05 4.519955e-05 5.235356e+01 2.084327e+00 
3.362494e+01 2.705501e-05 1.037697e-06 3.560654e-05 4.473116e-05 5.275095e+01 2.196508e+00 
3.563105e+01 2.757593e-05 5.314918e-07 3.603723e-05 4.538057e-05 5.257141e+01 1.104168e+00 
3.741758e+01 2.759154e-05 1.191047e-06 3.569994e-05 4.513532e-05 5.227470e+01 2.471758e+00 
3.854291e+01 2.795755e-05 1.322975e-06 3.547450e-05 4.518645e-05 5.172710e+01 2.709263e+00 
3.968929e+01 2.760237e-05 1.324836e-06 3.573667e-05 4.517472e-05 5.228624e+01 2.747927e+00 
4.223027e+01 2.848812e-05 9.599788e-07 3.607806e-05 4.597958e-05 5.168870e+01 1.929995e+00 
4.629250e+01 2.807553e-05 1.241369e-06 3.550874e-05 4.528407e-05 5.164057e+01 2.531704e+00 
4.837712e+01 2.770278e-05 1.266384e-06 3.587751e-05 4.534582e-05 5.229758e+01 2.617354e+00 
5.050461e+01 2.742306e-05 1.510859e-06 3.526369e-05 4.469715e-05 5.208724e+01 3.153492e+00 
5.177443e+01 2.741775e-05 2.130326e-06 3.533376e-05 4.477439e-05 5.210625e+01 4.442887e+00 
5.275139e+01 2.752320e-05 2.318756e-06 3.553163e-05 4.500444e-05 5.214010e+01 4.815644e+00 
5.418483e+01 2.745458e-05 2.378910e-06 3.570841e-05 4.510547e-05 5.234135e+01 4.952249e+00 
5.606084e+01 2.826688e-05 2.207428e-06 3.585246e-05 4.570873e-05 5.166224e+01 4.465300e+00 
5.748271e+01 2.867316e-05 1.778246e-06 3.682265e-05 4.670353e-05 5.203941e+01 3.548813e+00 
5.867883e+01 2.847497e-05 1.915670e-06 3.683560e-05 4.659780e-05 5.223234e+01 3.848807e+00 
6.056182e+01 2.762703e-05 1.449454e-06 3.796828e-05 4.697812e-05 5.392160e+01 3.003273e+00 
6.153753e+01 2.775424e-05 1.051284e-06 3.766640e-05 4.679915e-05 5.359598e+01 2.169230e+00 
6.232824e+01 2.745359e-05 9.001193e-07 3.751026e-05 4.649225e-05 5.378510e+01 1.877881e+00 
6.365586e+01 2.703656e-05 9.136643e-07 3.709737e-05 4.591324e-05 5.389987e+01 1.935497e+00 
6.578729e+01 2.686837e-05 9.729038e-07 3.681615e-05 4.558821e-05 5.386021e+01 2.073774e+00 
