# 1, 2, 3, 4   , 5   , 6   , 7   , 8   , 9   , 10  
# x, y, z, Bx_si, By_si, Bz_si, In_si, Ic_si, Dc_si, dmeas 
5.017029e+05 4.171113e+06 1.617170e+03 -1.251540e-06 -2.054028e-07 1.012526e-06 1.622884e-06 -3.860188e+01 -9.932030e+01 0.000000e+00 
5.017031e+05 4.171114e+06 1.616895e+03 -7.547171e-07 -2.114190e-07 1.205068e-06 1.437527e-06 -5.696021e+01 -1.056492e+02 1.313858e+00 
5.017019e+05 4.171117e+06 1.617109e+03 -9.673962e-07 2.122969e-07 1.200160e-06 1.556056e-06 -5.046929e+01 -7.762254e+01 3.704210e+00 
5.017019e+05 4.171117e+06 1.617109e+03 -1.047388e-06 -2.270369e-07 9.945128e-07 1.462061e-06 -4.286027e+01 -1.022305e+02 3.704210e+00 
5.017032e+05 4.171117e+06 1.616563e+03 -7.729063e-07 3.156627e-07 1.209303e-06 1.469504e-06 -5.537949e+01 -6.778440e+01 5.176935e+00 
5.017055e+05 4.171118e+06 1.615680e+03 -9.177645e-07 -1.158428e-07 1.582610e-06 1.833130e-06 -5.969341e+01 -9.719399e+01 7.529181e+00 
5.017065e+05 4.171119e+06 1.615216e+03 -5.561627e-07 -5.297348e-08 2.396821e-06 2.461072e-06 -7.687909e+01 -9.544090e+01 9.022361e+00 
5.017076e+05 4.171120e+06 1.614730e+03 -7.868225e-07 3.392524e-07 1.904510e-06 2.088382e-06 -6.577689e+01 -6.667586e+01 1.058217e+01 
5.017092e+05 4.171121e+06 1.614184e+03 -2.896843e-07 3.970793e-07 2.577581e-06 2.624026e-06 -7.920392e+01 -3.611216e+01 1.241860e+01 
5.017108e+05 4.171122e+06 1.614059e+03 2.686856e-07 1.047614e-06 2.383202e-06 2.617124e-06 -6.559097e+01 1.438481e+01 1.455690e+01 
5.017117e+05 4.171125e+06 1.614856e+03 1.338068e-07 3.048956e-06 1.013485e-06 3.215772e-06 -1.837051e+01 2.512875e+00 1.697472e+01 
5.017148e+05 4.171124e+06 1.614502e+03 1.804210e-07 1.875009e-06 1.477475e-06 2.393980e-06 -3.810921e+01 5.496312e+00 2.015689e+01 
5.017171e+05 4.171124e+06 1.614656e+03 3.021612e-07 2.417460e-06 8.043506e-07 2.565618e-06 -1.827098e+01 7.124520e+00 2.247984e+01 
5.017185e+05 4.171125e+06 1.615438e+03 -6.687878e-07 1.769685e-06 -2.761256e-07 1.911886e-06 8.304029e+00 -2.070226e+01 2.441537e+01 
5.017205e+05 4.171126e+06 1.615311e+03 -1.218621e-06 1.199836e-06 2.987558e-07 1.736058e-06 -9.909275e+00 -4.544504e+01 2.656648e+01 
5.017212e+05 4.171125e+06 1.615059e+03 -1.289588e-06 1.516831e-06 -1.015409e-06 2.234920e-06 2.702233e+01 -4.037070e+01 2.729138e+01 
5.017228e+05 4.171125e+06 1.614581e+03 -1.767004e-06 6.303060e-07 2.901419e-07 1.898360e-06 -8.791438e+00 -7.036823e+01 2.891230e+01 
5.017246e+05 4.171127e+06 1.614514e+03 -4.125277e-07 4.850138e-07 4.073852e-07 7.558969e-07 -3.261169e+01 -4.038277e+01 3.129915e+01 
5.017253e+05 4.171127e+06 1.614509e+03 -5.560127e-07 7.016375e-07 4.548254e-07 1.004147e-06 -2.693292e+01 -3.839506e+01 3.215546e+01 
5.017265e+05 4.171128e+06 1.614426e+03 -5.224026e-07 1.676146e-07 6.370588e-07 8.407396e-07 -4.926503e+01 -7.221099e+01 3.362494e+01 
5.017280e+05 4.171130e+06 1.614390e+03 -1.028608e-06 6.885256e-07 2.063716e-07 1.254867e-06 -9.465688e+00 -5.620260e+01 3.563105e+01 
5.017284e+05 4.171131e+06 1.614577e+03 -3.690533e-07 7.041422e-07 5.436613e-07 9.631117e-07 -3.436647e+01 -2.765983e+01 3.741758e+01 
5.017281e+05 4.171132e+06 1.614749e+03 -2.371250e-07 1.070154e-06 7.690962e-07 1.339017e-06 -3.505578e+01 -1.249375e+01 3.854291e+01 
5.017282e+05 4.171134e+06 1.614910e+03 -2.352642e-07 7.149708e-07 5.069323e-07 9.074761e-07 -3.396027e+01 -1.821401e+01 3.968929e+01 
5.017307e+05 4.171134e+06 1.614524e+03 -6.001212e-07 1.600724e-06 1.655362e-07 1.717517e-06 -5.530814e+00 -2.055133e+01 4.223027e+01 
5.017298e+05 4.171138e+06 1.615441e+03 -3.187308e-07 1.188129e-06 7.348626e-07 1.432921e-06 -3.085334e+01 -1.501677e+01 4.629250e+01 
5.017313e+05 4.171139e+06 1.615538e+03 -2.937159e-07 8.153847e-07 3.660885e-07 9.408198e-07 -2.289953e+01 -1.980991e+01 4.837712e+01 
5.017329e+05 4.171141e+06 1.615528e+03 -4.924098e-08 5.356622e-07 9.799098e-07 1.117847e-06 -6.123545e+01 -5.252178e+00 5.050461e+01 
5.017342e+05 4.171141e+06 1.615445e+03 5.702265e-07 5.303521e-07 9.098428e-07 1.197600e-06 -4.943968e+01 4.707494e+01 5.177443e+01 
5.017350e+05 4.171141e+06 1.615613e+03 7.586561e-07 6.358021e-07 7.119724e-07 1.219306e-06 -3.572644e+01 5.003485e+01 5.275139e+01 
5.017362e+05 4.171142e+06 1.615985e+03 8.188104e-07 5.671825e-07 5.351934e-07 1.130742e-06 -2.824947e+01 5.529001e+01 5.418483e+01 
5.017370e+05 4.171144e+06 1.616826e+03 6.473277e-07 1.379485e-06 3.911437e-07 1.573215e-06 -1.439628e+01 2.513847e+01 5.606084e+01 
5.017375e+05 4.171145e+06 1.617645e+03 2.181463e-07 1.785758e-06 -5.790524e-07 1.889926e-06 1.784174e+01 6.964685e+00 5.748271e+01 
5.017379e+05 4.171146e+06 1.618290e+03 3.555701e-07 1.587569e-06 -5.920022e-07 1.731263e-06 1.999562e+01 1.262428e+01 5.867883e+01 
5.017395e+05 4.171147e+06 1.618793e+03 -1.106462e-07 7.396281e-07 -1.724676e-06 1.879841e-06 6.655736e+01 -8.508190e+00 6.056182e+01 
5.017400e+05 4.171148e+06 1.619087e+03 -5.088164e-07 8.668379e-07 -1.422800e-06 1.742028e-06 5.476069e+01 -3.041208e+01 6.153753e+01 
5.017407e+05 4.171148e+06 1.619057e+03 -6.599807e-07 5.661939e-07 -1.266660e-06 1.536418e-06 5.553020e+01 -4.937389e+01 6.232824e+01 
5.017419e+05 4.171149e+06 1.618937e+03 -6.464357e-07 1.491614e-07 -8.537736e-07 1.081230e-06 5.215114e+01 -7.700674e+01 6.365586e+01 
5.017440e+05 4.171149e+06 1.618666e+03 -5.871962e-07 -1.902615e-08 -5.725537e-07 8.203530e-07 4.426162e+01 -9.185583e+01 6.578729e+01 
