# 1      , 2      , 3      , 4    , 5     , 6      , 7      , 8      ,                    9              , 10  , 11  , 12  , 13    , 14      
# IGRF_In, IGRF_Ic, IGRF_Dc, dmeas, height, In_siB0, Ic_siB0, Dc_siB0,                    height m (-poh), In_m, Ic_m, Dc_m, min hP, max hP  
4.515083e-05 5.339026e+01 3.316879e+00 0.000000e+00 1.820918e+03 4.552881e-05 5.244674e+01 1.882198e+00 1.821900e+03 4.420702e+01 5.403131e+01 -1.618922e+00 1.819907e+03 1.822288e+03 
4.515083e-05 5.339026e+01 3.316879e+00 6.260665e-01 1.821142e+03 4.558874e-05 5.263818e+01 2.031857e+00 1.820400e+03 4.437788e+01 5.401158e+01 -2.284226e+00 1.819907e+03 1.822288e+03 
4.515083e-05 5.339026e+01 3.316879e+00 1.770020e+00 1.820875e+03 4.555670e-05 5.229508e+01 2.208823e+00 1.820400e+03 4.418554e+01 5.379584e+01 -2.613155e+00 1.819907e+03 1.822288e+03 
4.515083e-05 5.339026e+01 3.316879e+00 2.381162e+00 1.820644e+03 4.546088e-05 5.206999e+01 2.269683e+00 1.819800e+03 4.340002e+01 5.264145e+01 -4.047273e+00 1.819907e+03 1.822288e+03 
4.515083e-05 5.339026e+01 3.316879e+00 2.814498e+00 1.820532e+03 4.544008e-05 5.194120e+01 2.431855e+00 1.819300e+03 4.279409e+01 5.254342e+01 -4.238158e+00 1.819907e+03 1.822288e+03 
4.515083e-05 5.339026e+01 3.316879e+00 3.504997e+00 1.820276e+03 4.535568e-05 5.174390e+01 2.701476e+00 1.818900e+03 4.211722e+01 5.193611e+01 -3.792983e+00 1.819907e+03 1.822288e+03 
4.515083e-05 5.339026e+01 3.316879e+00 4.299183e+00 1.820114e+03 4.539643e-05 5.163391e+01 3.167468e+00 1.818100e+03 4.167655e+01 5.118086e+01 -4.888415e-01 1.819907e+03 1.822288e+03 
4.515083e-05 5.339026e+01 3.316879e+00 5.421980e+00 1.819907e+03 4.543202e-05 5.158624e+01 3.497447e+00 1.817100e+03 4.205732e+01 5.154105e+01 7.482930e-01 1.819907e+03 1.822288e+03 
4.515083e-05 5.339026e+01 3.316879e+00 6.711253e+00 1.820195e+03 4.576474e-05 5.171126e+01 3.624381e+00 1.816500e+03 4.290291e+01 5.089268e+01 2.322006e+00 1.819907e+03 1.822288e+03 
4.515083e-05 5.339026e+01 3.316879e+00 7.287606e+00 1.820096e+03 4.575017e-05 5.167716e+01 3.628522e+00 1.816900e+03 4.368197e+01 5.043764e+01 2.467926e+00 1.819907e+03 1.822288e+03 
4.515083e-05 5.339026e+01 3.316879e+00 7.850155e+00 1.820177e+03 4.582982e-05 5.169870e+01 3.645631e+00 1.816800e+03 4.434682e+01 5.053161e+01 7.683642e-01 1.819907e+03 1.822288e+03 
4.515083e-05 5.339026e+01 3.316879e+00 9.355165e+00 1.820651e+03 4.612614e-05 5.187176e+01 3.662140e+00 1.816300e+03 4.440422e+01 5.109045e+01 -6.845210e-01 1.819907e+03 1.822288e+03 
4.515083e-05 5.339026e+01 3.316879e+00 1.018779e+01 1.820619e+03 4.610929e-05 5.185082e+01 3.610202e+00 1.816000e+03 4.309098e+01 4.966418e+01 -1.212640e+00 1.819907e+03 1.822288e+03 
4.515083e-05 5.339026e+01 3.316879e+00 1.103205e+01 1.820821e+03 4.617991e-05 5.194298e+01 3.568922e+00 1.815900e+03 4.149598e+01 5.006610e+01 -1.183048e+00 1.819907e+03 1.822288e+03 
4.515083e-05 5.339026e+01 3.316879e+00 1.196385e+01 1.820919e+03 4.615644e-05 5.200759e+01 3.534673e+00 1.815700e+03 4.092386e+01 5.011899e+01 2.260878e+00 1.819907e+03 1.822288e+03 
4.515083e-05 5.339026e+01 3.316879e+00 1.303088e+01 1.820704e+03 4.599034e-05 5.195224e+01 3.645749e+00 1.815800e+03 4.222407e+01 5.130803e+01 5.197728e+00 1.819907e+03 1.822288e+03 
4.515083e-05 5.339026e+01 3.316879e+00 1.350910e+01 1.820704e+03 4.594169e-05 5.196237e+01 3.697244e+00 1.816000e+03 4.353122e+01 5.184122e+01 3.941836e+00 1.819907e+03 1.822288e+03 
4.515083e-05 5.339026e+01 3.316879e+00 1.395292e+01 1.820773e+03 4.590959e-05 5.198108e+01 3.761252e+00 1.816000e+03 4.386809e+01 5.175274e+01 3.537725e+00 1.819907e+03 1.822288e+03 
4.515083e-05 5.339026e+01 3.316879e+00 1.473381e+01 1.820769e+03 4.582201e-05 5.195400e+01 4.041061e+00 1.816200e+03 4.399099e+01 5.217177e+01 3.566606e+00 1.819907e+03 1.822288e+03 
4.515083e-05 5.339026e+01 3.316879e+00 1.576081e+01 1.820886e+03 4.587422e-05 5.198269e+01 4.577018e+00 1.816400e+03 4.396698e+01 5.210095e+01 3.295866e+00 1.819907e+03 1.822288e+03 
4.515083e-05 5.339026e+01 3.316879e+00 1.707668e+01 1.821383e+03 4.619128e-05 5.219266e+01 4.888501e+00 1.816500e+03 4.346458e+01 5.240560e+01 2.658403e+00 1.819907e+03 1.822288e+03 
4.515083e-05 5.339026e+01 3.316879e+00 1.769589e+01 1.821502e+03 4.632319e-05 5.227526e+01 4.931968e+00 1.816700e+03 4.310774e+01 5.220393e+01 3.664907e+00 1.819907e+03 1.822288e+03 
4.515083e-05 5.339026e+01 3.316879e+00 1.836154e+01 1.821800e+03 4.647074e-05 5.239481e+01 4.897267e+00 1.817000e+03 4.341870e+01 5.238413e+01 5.540147e+00 1.819907e+03 1.822288e+03 
4.515083e-05 5.339026e+01 3.316879e+00 1.925321e+01 1.822095e+03 4.672448e-05 5.255718e+01 4.684641e+00 1.817900e+03 4.382232e+01 5.295812e+01 8.742672e+00 1.819907e+03 1.822288e+03 
4.515083e-05 5.339026e+01 3.316879e+00 1.989754e+01 1.822238e+03 4.687249e-05 5.264220e+01 4.270065e+00 1.818800e+03 4.509024e+01 5.350356e+01 7.044902e+00 1.819907e+03 1.822288e+03 
4.515083e-05 5.339026e+01 3.316879e+00 2.054512e+01 1.822288e+03 4.687777e-05 5.264492e+01 3.740962e+00 1.819600e+03 4.580222e+01 5.397778e+01 6.384432e+00 1.819907e+03 1.822288e+03 
4.515083e-05 5.339026e+01 3.316879e+00 2.133252e+01 1.822006e+03 4.684078e-05 5.258704e+01 3.106414e+00 1.819500e+03 4.658471e+01 5.370137e+01 5.950840e+00 1.819907e+03 1.822288e+03 
4.515083e-05 5.339026e+01 3.316879e+00 2.248763e+01 1.821723e+03 4.654733e-05 5.233375e+01 2.417709e+00 1.820500e+03 4.715957e+01 5.423458e+01 2.835158e+00 1.819907e+03 1.822288e+03 
