# 1, 2, 3, 4   , 5   , 6   , 7   , 8   , 9   , 10  
# x, y, z, Bx_si, By_si, Bz_si, In_si, Ic_si, Dc_si, dmeas 
4.993958e+05 4.171924e+06 1.823956e+03 -4.383773e-07 -6.789726e-08 1.436650e-06 1.503578e-06 7.284052e+01 -1.711958e+02 0.000000e+00 
4.993954e+05 4.171925e+06 1.823956e+03 -4.394950e-07 -6.657959e-08 1.434598e-06 1.501885e-06 7.278443e+01 -1.713857e+02 6.260665e-01 
4.993965e+05 4.171925e+06 1.823956e+03 -4.394229e-07 -6.965571e-08 1.435676e-06 1.503034e-06 7.278203e+01 -1.709926e+02 1.770020e+00 
4.993971e+05 4.171925e+06 1.823956e+03 -4.386795e-07 -7.132804e-08 1.437294e-06 1.504440e-06 7.281732e+01 -1.707647e+02 2.381162e+00 
4.993975e+05 4.171925e+06 1.823956e+03 -4.385664e-07 -7.254071e-08 1.437856e-06 1.505002e-06 7.282056e+01 -1.706081e+02 2.814498e+00 
4.993982e+05 4.171924e+06 1.823956e+03 -4.379445e-07 -7.452886e-08 1.439422e-06 1.506414e-06 7.284849e+01 -1.703420e+02 3.504997e+00 
4.993990e+05 4.171925e+06 1.823956e+03 -4.376622e-07 -7.680625e-08 1.440605e-06 1.507577e-06 7.285776e+01 -1.700464e+02 4.299183e+00 
4.994000e+05 4.171924e+06 1.823956e+03 -4.360978e-07 -7.989865e-08 1.443970e-06 1.510502e-06 7.293142e+01 -1.696178e+02 5.421980e+00 
4.994011e+05 4.171925e+06 1.823956e+03 -4.366567e-07 -8.309241e-08 1.444280e-06 1.511132e-06 7.289370e+01 -1.692259e+02 6.711253e+00 
4.994016e+05 4.171924e+06 1.823956e+03 -4.358817e-07 -8.475381e-08 1.446010e-06 1.512654e-06 7.292917e+01 -1.689966e+02 7.287606e+00 
4.994022e+05 4.171924e+06 1.823956e+03 -4.358789e-07 -8.634100e-08 1.446597e-06 1.513303e-06 7.292472e+01 -1.687956e+02 7.850155e+00 
4.994034e+05 4.171925e+06 1.823956e+03 -4.371244e-07 -8.951056e-08 1.446048e-06 1.513323e-06 7.285178e+01 -1.684274e+02 9.355165e+00 
4.994042e+05 4.171925e+06 1.823956e+03 -4.364064e-07 -9.212035e-08 1.448073e-06 1.515207e-06 7.288056e+01 -1.680805e+02 1.018779e+01 
4.994049e+05 4.171926e+06 1.823956e+03 -4.367919e-07 -9.425548e-08 1.448410e-06 1.515772e-06 7.285460e+01 -1.678228e+02 1.103205e+01 
4.994059e+05 4.171926e+06 1.823956e+03 -4.366275e-07 -9.706352e-08 1.449799e-06 1.517228e-06 7.285417e+01 -1.674668e+02 1.196385e+01 
4.994068e+05 4.171925e+06 1.823956e+03 -4.349466e-07 -1.002496e-07 1.453413e-06 1.520407e-06 7.292803e+01 -1.670207e+02 1.303088e+01 
4.994072e+05 4.171925e+06 1.823956e+03 -4.345861e-07 -1.018220e-07 1.454571e-06 1.521515e-06 7.294065e+01 -1.668136e+02 1.350910e+01 
4.994077e+05 4.171925e+06 1.823956e+03 -4.346105e-07 -1.031292e-07 1.455094e-06 1.522111e-06 7.293478e+01 -1.666511e+02 1.395292e+01 
4.994084e+05 4.171925e+06 1.823956e+03 -4.339793e-07 -1.057439e-07 1.457080e-06 1.524009e-06 7.295678e+01 -1.663061e+02 1.473381e+01 
4.994094e+05 4.171925e+06 1.823956e+03 -4.329589e-07 -1.092415e-07 1.460000e-06 1.526757e-06 7.299422e+01 -1.658390e+02 1.576081e+01 
4.994107e+05 4.171925e+06 1.823956e+03 -4.329322e-07 -1.133179e-07 1.461851e-06 1.528817e-06 7.297907e+01 -1.653322e+02 1.707668e+01 
4.994113e+05 4.171925e+06 1.823956e+03 -4.322462e-07 -1.154963e-07 1.463761e-06 1.530612e-06 7.300380e+01 -1.650400e+02 1.769589e+01 
4.994117e+05 4.171926e+06 1.823956e+03 -4.330199e-07 -1.166128e-07 1.463248e-06 1.530425e-06 7.296108e+01 -1.649277e+02 1.836154e+01 
4.994126e+05 4.171926e+06 1.823956e+03 -4.327130e-07 -1.196419e-07 1.465070e-06 1.532313e-06 7.296311e+01 -1.645443e+02 1.925321e+01 
4.994132e+05 4.171926e+06 1.823956e+03 -4.320708e-07 -1.219886e-07 1.467016e-06 1.534178e-06 7.298394e+01 -1.642338e+02 1.989754e+01 
4.994138e+05 4.171925e+06 1.823956e+03 -4.310360e-07 -1.242244e-07 1.469433e-06 1.536378e-06 7.302393e+01 -1.639230e+02 2.054512e+01 
4.994144e+05 4.171925e+06 1.823956e+03 -4.296867e-07 -1.268694e-07 1.472484e-06 1.539135e-06 7.307684e+01 -1.635502e+02 2.133252e+01 
4.994156e+05 4.171925e+06 1.823956e+03 -4.288456e-07 -1.311977e-07 1.475674e-06 1.542315e-06 7.309568e+01 -1.629894e+02 2.248763e+01 
