# 1, 2, 3, 4   , 5   , 6   , 7   , 8   , 9   , 10  
# x, y, z, Bx_si, By_si, Bz_si, In_si, Ic_si, Dc_si, dmeas 
4.993958e+05 4.171924e+06 1.820918e+03 -6.464692e-07 8.536786e-07 1.486467e-07 1.081104e-06 -7.902935e+00 -3.713573e+01 0.000000e+00 
4.993954e+05 4.171925e+06 1.821142e+03 -5.770201e-07 7.668628e-07 8.493933e-09 9.597410e-07 -5.070877e-01 -3.695935e+01 6.260665e-01 
4.993965e+05 4.171925e+06 1.820875e+03 -4.840419e-07 9.604462e-07 2.001564e-07 1.093991e-06 -1.054221e+01 -2.674701e+01 1.770020e+00 
4.993971e+05 4.171925e+06 1.820644e+03 -4.512026e-07 1.041710e-06 3.854734e-07 1.198888e-06 -1.875522e+01 -2.341921e+01 2.381162e+00 
4.993975e+05 4.171925e+06 1.820532e+03 -3.693004e-07 1.106113e-06 4.647539e-07 1.255335e-06 -2.172937e+01 -1.846273e+01 2.814498e+00 
4.993982e+05 4.171924e+06 1.820276e+03 -2.342767e-07 1.170907e-06 6.277025e-07 1.349044e-06 -2.772927e+01 -1.131441e+01 3.504997e+00 
4.993990e+05 4.171925e+06 1.820114e+03 -1.001017e-09 1.252684e-06 6.497319e-07 1.411159e-06 -2.741449e+01 -4.578490e-02 4.299183e+00 
4.994000e+05 4.171924e+06 1.819907e+03 1.641562e-07 1.294874e-06 6.452975e-07 1.456040e-06 -2.630737e+01 7.225067e+00 5.421980e+00 
4.994011e+05 4.171925e+06 1.820195e+03 2.346911e-07 1.419150e-06 3.226385e-07 1.474165e-06 -1.264220e+01 9.390271e+00 6.711253e+00 
4.994016e+05 4.171924e+06 1.820096e+03 2.375177e-07 1.431335e-06 3.509538e-07 1.492750e-06 -1.359785e+01 9.421888e+00 7.287606e+00 
4.994022e+05 4.171924e+06 1.820177e+03 2.482528e-07 1.466595e-06 2.777836e-07 1.513174e-06 -1.057817e+01 9.607473e+00 7.850155e+00 
4.994034e+05 4.171925e+06 1.820651e+03 2.611596e-07 1.540116e-06 -4.094022e-08 1.562639e-06 1.501288e+00 9.624173e+00 9.355165e+00 
4.994042e+05 4.171925e+06 1.820619e+03 2.355746e-07 1.544594e-06 -1.727851e-08 1.562551e-06 6.335832e-01 8.671673e+00 1.018779e+01 
4.994049e+05 4.171926e+06 1.820821e+03 2.141715e-07 1.531085e-06 -1.186504e-07 1.550538e-06 4.388683e+00 7.962991e+00 1.103205e+01 
4.994059e+05 4.171926e+06 1.820919e+03 1.937676e-07 1.476774e-06 -1.322346e-07 1.495290e-06 5.073528e+00 7.475083e+00 1.196385e+01 
4.994068e+05 4.171925e+06 1.820704e+03 2.444646e-07 1.406222e-06 2.603013e-08 1.427551e-06 -1.044796e+00 9.862020e+00 1.303088e+01 
4.994072e+05 4.171925e+06 1.820704e+03 2.675413e-07 1.368283e-06 5.933404e-08 1.395456e-06 -2.436921e+00 1.106350e+01 1.350910e+01 
4.994077e+05 4.171925e+06 1.820773e+03 2.970264e-07 1.334702e-06 7.538672e-08 1.369429e-06 -3.155713e+00 1.254623e+01 1.395292e+01 
4.994084e+05 4.171925e+06 1.820769e+03 4.321987e-07 1.288513e-06 1.577271e-07 1.368188e-06 -6.619875e+00 1.854271e+01 1.473381e+01 
4.994094e+05 4.171925e+06 1.820886e+03 6.967361e-07 1.282705e-06 1.024541e-07 1.463308e-06 -4.014872e+00 2.850980e+01 1.576081e+01 
4.994107e+05 4.171925e+06 1.821383e+03 8.550721e-07 1.331534e-06 -2.513440e-07 1.602281e-06 9.025056e+00 3.270740e+01 1.707668e+01 
4.994113e+05 4.171925e+06 1.821502e+03 8.788889e-07 1.357668e-06 -3.964652e-07 1.665200e-06 1.377376e+01 3.291708e+01 1.769589e+01 
4.994117e+05 4.171926e+06 1.821800e+03 8.629400e-07 1.372613e-06 -5.724205e-07 1.719418e-06 1.944582e+01 3.215692e+01 1.836154e+01 
4.994126e+05 4.171926e+06 1.822095e+03 7.621423e-07 1.431057e-06 -8.540932e-07 1.832556e-06 2.777928e+01 2.803855e+01 1.925321e+01 
4.994132e+05 4.171926e+06 1.822238e+03 5.598101e-07 1.481731e-06 -1.013849e-06 1.880639e-06 3.262225e+01 2.069697e+01 1.989754e+01 
4.994138e+05 4.171925e+06 1.822288e+03 2.978982e-07 1.501510e-06 -1.019393e-06 1.839141e-06 3.366092e+01 1.122170e+01 2.054512e+01 
4.994144e+05 4.171925e+06 1.822006e+03 -1.572362e-08 1.535460e-06 -9.612638e-07 1.811605e-06 3.204698e+01 -5.867073e-01 2.133252e+01 
4.994156e+05 4.171925e+06 1.821723e+03 -3.580368e-07 1.536833e-06 -6.028032e-07 1.689206e-06 2.090723e+01 -1.311431e+01 2.248763e+01 
