# 1    , 2      , 3      , 4      , 5      , 6      , 7       
# dmeas, Bx_siB0, By_siB0, Bz_siB0, In_siB0, Ic_siB0, Dc_siB0 
0.000000e+00 2.773478e-05 9.114308e-07 3.609465e-05 4.552881e-05 5.244674e+01 1.882198e+00 
6.260665e-01 2.764796e-05 9.808799e-07 3.623481e-05 4.558874e-05 5.263818e+01 2.031857e+00 
1.770020e+00 2.784155e-05 1.073858e-06 3.604314e-05 4.555670e-05 5.229508e+01 2.208823e+00 
2.381162e+00 2.792281e-05 1.106697e-06 3.585783e-05 4.546088e-05 5.206999e+01 2.269683e+00 
2.814498e+00 2.798721e-05 1.188600e-06 3.577855e-05 4.544008e-05 5.194120e+01 2.431855e+00 
3.504997e+00 2.805201e-05 1.323623e-06 3.561560e-05 4.535568e-05 5.174390e+01 2.701476e+00 
4.299183e+00 2.813378e-05 1.556899e-06 3.559357e-05 4.539643e-05 5.163391e+01 3.167468e+00 
5.421980e+00 2.817597e-05 1.722056e-06 3.559800e-05 4.543202e-05 5.158624e+01 3.497447e+00 
6.711253e+00 2.830025e-05 1.792591e-06 3.592066e-05 4.576474e-05 5.171126e+01 3.624381e+00 
7.287606e+00 2.831243e-05 1.795418e-06 3.589235e-05 4.575017e-05 5.167716e+01 3.628522e+00 
7.850155e+00 2.834770e-05 1.806153e-06 3.596552e-05 4.582982e-05 5.169870e+01 3.645631e+00 
9.355165e+00 2.842122e-05 1.819060e-06 3.628424e-05 4.612614e-05 5.187176e+01 3.662140e+00 
1.018779e+01 2.842569e-05 1.793475e-06 3.626058e-05 4.610929e-05 5.185082e+01 3.610202e+00 
1.103205e+01 2.841218e-05 1.772072e-06 3.636195e-05 4.617991e-05 5.194298e+01 3.568922e+00 
1.196385e+01 2.835787e-05 1.751668e-06 3.637553e-05 4.615644e-05 5.200759e+01 3.534673e+00 
1.303088e+01 2.828732e-05 1.802365e-06 3.621727e-05 4.599034e-05 5.195224e+01 3.645749e+00 
1.350910e+01 2.824938e-05 1.825441e-06 3.618397e-05 4.594169e-05 5.196237e+01 3.697244e+00 
1.395292e+01 2.821580e-05 1.854926e-06 3.616791e-05 4.590959e-05 5.198108e+01 3.761252e+00 
1.473381e+01 2.816961e-05 1.990099e-06 3.608557e-05 4.582201e-05 5.195400e+01 4.041061e+00 
1.576081e+01 2.816380e-05 2.254636e-06 3.614085e-05 4.587422e-05 5.198269e+01 4.577018e+00 
1.707668e+01 2.821263e-05 2.412972e-06 3.649464e-05 4.619128e-05 5.219266e+01 4.888501e+00 
1.769589e+01 2.823877e-05 2.436789e-06 3.663977e-05 4.632319e-05 5.227526e+01 4.931968e+00 
1.836154e+01 2.825371e-05 2.420840e-06 3.681572e-05 4.647074e-05 5.239481e+01 4.897267e+00 
1.925321e+01 2.831216e-05 2.320042e-06 3.709739e-05 4.672448e-05 5.255718e+01 4.684641e+00 
1.989754e+01 2.836283e-05 2.117710e-06 3.725715e-05 4.687249e-05 5.264220e+01 4.270065e+00 
2.054512e+01 2.838261e-05 1.855798e-06 3.726269e-05 4.687777e-05 5.264492e+01 3.740962e+00 
2.133252e+01 2.841656e-05 1.542176e-06 3.720456e-05 4.684078e-05 5.258704e+01 3.106414e+00 
2.248763e+01 2.841793e-05 1.199863e-06 3.684610e-05 4.654733e-05 5.233375e+01 2.417709e+00 
