# 1    , 2      , 3      , 4      , 5      , 6      , 7       
# dmeas, Bx_siB0, By_siB0, Bz_siB0, In_siB0, Ic_siB0, Dc_siB0 
0.000000e+00 2.664923e-05 3.368685e-06 3.510685e-05 4.420430e-05 5.257932e+01 7.204453e+00 
0.000000e+00 2.671536e-05 3.697330e-06 3.573643e-05 4.477134e-05 5.295844e+01 7.879520e+00 
0.000000e+00 2.680077e-05 3.818146e-06 3.654939e-05 4.548315e-05 5.347342e+01 8.108029e+00 
0.000000e+00 2.689319e-05 3.592063e-06 3.742904e-05 4.622856e-05 5.406194e+01 7.607841e+00 
0.000000e+00 2.696943e-05 2.991645e-06 3.815488e-05 4.681981e-05 5.458046e+01 6.329785e+00 
0.000000e+00 2.701171e-05 2.158410e-06 3.855766e-05 4.712732e-05 5.490096e+01 4.568595e+00 
0.000000e+00 2.701719e-05 1.254763e-06 3.861044e-05 4.714095e-05 5.498906e+01 2.659086e+00 
0.000000e+00 2.698624e-05 3.855049e-07 3.831683e-05 4.686774e-05 5.484051e+01 8.184281e-01 
0.000000e+00 2.691915e-05 -3.076222e-07 3.767944e-05 4.630848e-05 5.445525e+01 -6.547268e-01 
0.000000e+00 2.682885e-05 -6.560643e-07 3.682132e-05 4.556344e-05 5.391392e+01 -1.400814e+00 
0.000000e+00 2.673912e-05 -6.310179e-07 3.596867e-05 4.482325e-05 5.336524e+01 -1.351875e+00 
0.000000e+00 2.666625e-05 -3.531260e-07 3.527644e-05 4.422263e-05 5.291113e+01 -7.586909e-01 
0.000000e+00 2.661428e-05 3.807671e-08 3.478290e-05 4.379694e-05 5.257841e+01 8.197228e-02 
0.000000e+00 2.658107e-05 4.439178e-07 3.446767e-05 4.352896e-05 5.235715e+01 9.567807e-01 
0.000000e+00 2.656237e-05 8.052543e-07 3.429043e-05 4.338250e-05 5.222486e+01 1.736425e+00 
0.000000e+00 2.655339e-05 1.096391e-06 3.420556e-05 4.331634e-05 5.215458e+01 2.364404e+00 
0.000000e+00 2.654987e-05 1.319843e-06 3.417250e-05 4.329431e-05 5.212079e+01 2.845936e+00 
0.000000e+00 2.654887e-05 1.497265e-06 3.416331e-05 4.329222e-05 5.210455e+01 3.227865e+00 
0.000000e+00 2.654901e-05 1.660117e-06 3.416482e-05 4.329943e-05 5.209554e+01 3.578062e+00 
0.000000e+00 2.655038e-05 1.842716e-06 3.417800e-05 4.331805e-05 5.209227e+01 3.970218e+00 
0.000000e+00 2.655463e-05 2.076415e-06 3.421850e-05 4.336319e-05 5.210280e+01 4.471093e+00 
0.000000e+00 2.656503e-05 2.381628e-06 3.431728e-05 4.346319e-05 5.214546e+01 5.123030e+00 
0.000000e+00 2.658611e-05 2.756513e-06 3.451764e-05 4.365646e-05 5.224770e+01 5.919416e+00 
0.000000e+00 2.662278e-05 3.167691e-06 3.486613e-05 4.398242e-05 5.244125e+01 6.785394e+00 
0.000000e+00 2.667897e-05 3.546573e-06 3.540027e-05 4.446937e-05 5.275546e+01 7.572228e+00 
0.000000e+00 2.675583e-05 3.785211e-06 3.613096e-05 4.511816e-05 5.320728e+01 8.052333e+00 
0.000000e+00 2.684721e-05 3.741885e-06 3.699974e-05 4.586671e-05 5.377278e+01 7.934602e+00 
0.000000e+00 2.693448e-05 3.316805e-06 3.782948e-05 4.655681e-05 5.434529e+01 7.020258e+00 
0.000000e+00 2.699469e-05 2.574832e-06 3.840193e-05 4.701119e-05 5.477249e+01 5.448555e+00 
0.000000e+00 2.701817e-05 1.690821e-06 3.862495e-05 4.716701e-05 5.497458e+01 3.580950e+00 
0.000000e+00 2.700540e-05 7.926161e-07 3.850334e-05 4.703644e-05 5.494342e+01 1.681164e+00 
0.000000e+00 2.695570e-05 -8.390888e-09 3.803046e-05 4.661465e-05 5.467127e+01 -1.783528e-02 
0.000000e+00 2.687438e-05 -5.407158e-07 3.725679e-05 4.594119e-05 5.419052e+01 -1.152642e+00 
0.000000e+00 2.678179e-05 -6.906137e-07 3.637597e-05 4.517690e-05 5.362857e+01 -1.477141e+00 
0.000000e+00 2.669957e-05 -5.180894e-07 3.559384e-05 4.449783e-05 5.312061e+01 -1.111651e+00 
0.000000e+00 2.663740e-05 -1.651076e-07 3.500238e-05 4.398573e-05 5.272773e+01 -3.551341e-01 
0.000000e+00 2.659565e-05 2.466803e-07 3.460513e-05 4.364521e-05 5.245486e+01 5.314152e-01 
0.000000e+00 2.657077e-05 6.371032e-07 3.436821e-05 4.344635e-05 5.228369e+01 1.373552e+00 
0.000000e+00 2.655786e-05 9.636452e-07 3.424502e-05 4.334709e-05 5.218729e+01 2.078051e+00 
0.000000e+00 2.655216e-05 1.216861e-06 3.419037e-05 4.330680e-05 5.213805e+01 2.623978e+00 
0.000000e+00 2.655012e-05 1.412117e-06 3.417038e-05 4.329570e-05 5.211386e+01 3.044512e+00 
0.000000e+00 2.654973e-05 1.578364e-06 3.416607e-05 4.329781e-05 5.210099e+01 3.402192e+00 
0.000000e+00 2.655050e-05 1.749081e-06 3.417264e-05 4.331002e-05 5.209439e+01 3.769057e+00 
0.000000e+00 2.655332e-05 1.956645e-06 3.419858e-05 4.334109e-05 5.209745e+01 4.214360e+00 
0.000000e+00 2.656054e-05 2.226393e-06 3.426627e-05 4.341193e-05 5.212278e+01 4.791522e+00 
0.000000e+00 2.657599e-05 2.567898e-06 3.441218e-05 4.355543e-05 5.219279e+01 5.519057e+00 
0.000000e+00 2.660446e-05 2.965184e-06 3.468181e-05 4.381115e-05 5.233721e+01 6.359622e+00 
