# 1,2,3, 4    , 5    , 6    , 7    , 8    , 9     
# x,y,z, Bx_si, By_si, Bz_si, In_si, Ic_si, Dc_si 
1.002300e+02 1.247790e+02 1.207864e+00 1.807485e-06 -2.010734e-07 1.198855e-06 2.178230e-06 -3.339311e+01 9.634776e+01 
1.012943e+02 1.247790e+02 2.255164e+00 2.136130e-06 -1.349427e-07 5.692663e-07 2.214796e-06 -1.489383e+01 9.361466e+01 
1.023587e+02 1.247790e+02 3.211530e+00 2.256946e-06 -4.953340e-08 -2.436866e-07 2.270604e-06 6.160986e+00 9.125727e+01 
1.034230e+02 1.247790e+02 4.008937e+00 2.030863e-06 4.288652e-08 -1.123343e-06 2.321237e-06 2.894314e+01 8.879024e+01 
1.044874e+02 1.247790e+02 4.590665e+00 1.430445e-06 1.191322e-07 -1.849176e-06 2.340900e-06 5.218009e+01 8.523920e+01 
1.055517e+02 1.247790e+02 4.915335e+00 5.972097e-07 1.614118e-07 -2.251959e-06 2.335387e-06 7.463914e+01 7.487565e+01 
1.066161e+02 1.247790e+02 4.959853e+00 -3.064367e-07 1.668891e-07 -2.304743e-06 2.331007e-06 8.139088e+01 -6.142676e+01 
1.076804e+02 1.247790e+02 4.721053e+00 -1.175695e-06 1.359421e-07 -2.011126e-06 2.333531e-06 5.952360e+01 -8.340435e+01 
1.087448e+02 1.247790e+02 4.215920e+00 -1.868822e-06 6.884948e-08 -1.373739e-06 2.320430e-06 3.630042e+01 -8.789011e+01 
1.098091e+02 1.247790e+02 3.480385e+00 -2.217264e-06 -2.145238e-08 -5.156153e-07 2.276528e-06 1.309063e+01 -9.055433e+01 
1.108735e+02 1.247790e+02 2.566767e+00 -2.192218e-06 -1.111808e-07 3.370283e-07 2.220759e-06 -8.729092e+00 -9.290333e+01 
1.119378e+02 1.247790e+02 1.540052e+00 -1.914326e-06 -1.840451e-07 1.029259e-06 2.181259e-06 -2.815539e+01 -9.549159e+01 
1.130022e+02 1.247790e+02 4.732709e-01 -1.523123e-06 -2.360167e-07 1.522799e-06 2.166685e-06 -4.465403e+01 -9.880826e+01 
1.140665e+02 1.247790e+02 -5.576963e-01 -1.117282e-06 -2.692341e-07 1.838029e-06 2.167754e-06 -5.798352e+01 -1.035484e+02 
1.151309e+02 1.247790e+02 -1.479516e+00 -7.559457e-07 -2.879332e-07 2.015265e-06 2.171556e-06 -6.812954e+01 -1.108514e+02 
1.161952e+02 1.247790e+02 -2.226619e+00 -4.648087e-07 -2.969104e-07 2.100138e-06 2.171355e-06 -7.528507e+01 -1.225696e+02 
1.172596e+02 1.247790e+02 -2.745863e+00 -2.413570e-07 -3.004296e-07 2.133200e-06 2.167730e-06 -7.975973e+01 -1.412225e+02 
1.183239e+02 1.247790e+02 -3.000315e+00 -6.393506e-08 -3.014285e-07 2.142388e-06 2.164434e-06 -8.181542e+01 -1.680247e+02 
1.193883e+02 1.247790e+02 -2.971874e+00 9.891670e-08 -3.012937e-07 2.140883e-06 2.164242e-06 -8.157440e+01 1.618247e+02 
1.204526e+02 1.247790e+02 -2.662564e+00 2.815157e-07 -2.999217e-07 2.127702e-06 2.167100e-06 -7.905811e+01 1.368132e+02 
1.215170e+02 1.247790e+02 -2.094387e+00 5.152151e-07 -2.956669e-07 2.087199e-06 2.170085e-06 -7.411345e+01 1.198503e+02 
1.225813e+02 1.247790e+02 -1.307757e+00 8.204285e-07 -2.852736e-07 1.988416e-06 2.169858e-06 -6.640259e+01 1.091732e+02 
1.236457e+02 1.247790e+02 -3.586271e-01 1.195313e-06 -2.641906e-07 1.788064e-06 2.166966e-06 -5.560332e+01 1.024633e+02 
1.247100e+02 1.247790e+02 6.854902e-01 1.606491e-06 -2.275229e-07 1.439571e-06 2.169089e-06 -4.158080e+01 9.806103e+01 
1.257743e+02 1.247790e+02 1.750327e+00 1.985373e-06 -1.713301e-07 9.054305e-07 2.188805e-06 -2.443523e+01 9.493219e+01 
1.268387e+02 1.247790e+02 2.760140e+00 2.224011e-06 -9.447014e-08 1.747366e-07 2.232864e-06 -4.488368e+00 9.243231e+01 
1.279030e+02 1.247790e+02 3.643101e+00 2.180685e-06 -3.094274e-09 -6.940405e-07 2.288468e-06 1.765455e+01 9.008130e+01 
1.289674e+02 1.247790e+02 4.336405e+00 1.755605e-06 8.417511e-08 -1.523784e-06 2.326188e-06 4.092390e+01 8.725497e+01 
1.300317e+02 1.247790e+02 4.790737e+00 1.013632e-06 1.443919e-07 -2.096235e-06 2.332917e-06 6.396771e+01 8.189276e+01 
1.310961e+02 1.247790e+02 4.973780e+00 1.296206e-07 1.678665e-07 -2.319247e-06 2.328925e-06 8.477505e+01 3.767406e+01 
1.321604e+02 1.247790e+02 4.872513e+00 -7.685839e-07 1.551029e-07 -2.197635e-06 2.333319e-06 7.036449e+01 -7.859074e+01 
1.332248e+02 1.247790e+02 4.494141e+00 -1.569591e-06 1.054041e-07 -1.724755e-06 2.334418e-06 4.763248e+01 -8.615814e+01 
1.342891e+02 1.247790e+02 3.865577e+00 -2.101916e-06 2.407988e-08 -9.510911e-07 2.307207e-06 2.434476e+01 -8.934364e+01 
1.353535e+02 1.247790e+02 3.031531e+00 -2.251814e-06 -6.851287e-08 -7.026781e-08 2.253951e-06 1.786508e+00 -9.174272e+01 
1.364178e+02 1.247790e+02 2.051329e+00 -2.079289e-06 -1.507316e-07 7.118629e-07 2.202933e-06 -1.885312e+01 -9.414623e+01 
1.374822e+02 1.247790e+02 9.946926e-01 -1.726308e-06 -2.129027e-07 1.303320e-06 2.173502e-06 -3.684417e+01 -9.703069e+01 
1.385465e+02 1.247790e+02 -6.321798e-02 -1.314520e-06 -2.546497e-07 1.700568e-06 2.164426e-06 -5.178454e+01 -1.009636e+02 
1.396109e+02 1.247790e+02 -1.047154e+00 -9.240968e-07 -2.795315e-07 1.937488e-06 2.164707e-06 -6.351295e+01 -1.068301e+02 
1.406752e+02 1.247790e+02 -1.887127e+00 -5.975548e-07 -2.924449e-07 2.060676e-06 2.165406e-06 -7.210759e+01 -1.160772e+02 
1.417396e+02 1.247790e+02 -2.523389e+00 -3.443385e-07 -2.981419e-07 2.115332e-06 2.163813e-06 -7.784855e+01 -1.308873e+02 
1.428039e+02 1.247790e+02 -2.910683e+00 -1.490833e-07 -3.001831e-07 2.135318e-06 2.161462e-06 -8.107948e+01 -1.535891e+02 
1.438683e+02 1.247790e+02 -3.021461e+00 1.716415e-08 -3.005665e-07 2.139628e-06 2.160705e-06 -8.199078e+01 1.767316e+02 
1.449326e+02 1.247790e+02 -2.847843e+00 1.878808e-07 -2.997965e-07 2.133059e-06 2.162202e-06 -8.058227e+01 1.479249e+02 
1.459970e+02 1.247790e+02 -2.402178e+00 3.954449e-07 -2.969806e-07 2.107123e-06 2.164380e-06 -7.679167e+01 1.269067e+02 
1.470613e+02 1.247790e+02 -1.716167e+00 6.651927e-07 -2.897641e-07 2.039433e-06 2.164655e-06 -7.041607e+01 1.135384e+02 
1.481257e+02 1.247790e+02 -8.386058e-01 1.006698e-06 -2.743122e-07 1.893520e-06 2.161968e-06 -6.114355e+01 1.052423e+02 
1.491900e+02 1.247790e+02 1.680840e-01 1.403984e-06 -2.458432e-07 1.623895e-06 2.160705e-06 -4.872551e+01 9.993202e+01 
