# 1 , 2 , 3 , 4      , 5      , 6      , 7      , 8      , 9        
# xm, ym, zm, IGRF_In, IGRF_Ic, IGRF_Dc, In_siB0, Ic_siB0, Dc_siB0  
1.002300e+02 1.247790e+02 1.207864e+00 4.518274e-05 5.346856e+01 3.327694e+00 4.420430e-05 5.257932e+01 7.204453e+00 
1.012943e+02 1.247790e+02 2.255164e+00 4.518274e-05 5.346856e+01 3.327694e+00 4.477134e-05 5.295844e+01 7.879520e+00 
1.023587e+02 1.247790e+02 3.211530e+00 4.518274e-05 5.346856e+01 3.327694e+00 4.548315e-05 5.347342e+01 8.108029e+00 
1.034230e+02 1.247790e+02 4.008937e+00 4.518274e-05 5.346856e+01 3.327694e+00 4.622856e-05 5.406194e+01 7.607841e+00 
1.044874e+02 1.247790e+02 4.590665e+00 4.518274e-05 5.346856e+01 3.327694e+00 4.681981e-05 5.458046e+01 6.329785e+00 
1.055517e+02 1.247790e+02 4.915335e+00 4.518274e-05 5.346856e+01 3.327694e+00 4.712732e-05 5.490096e+01 4.568595e+00 
1.066161e+02 1.247790e+02 4.959853e+00 4.518274e-05 5.346856e+01 3.327694e+00 4.714095e-05 5.498906e+01 2.659086e+00 
1.076804e+02 1.247790e+02 4.721053e+00 4.518274e-05 5.346856e+01 3.327694e+00 4.686774e-05 5.484051e+01 8.184281e-01 
1.087448e+02 1.247790e+02 4.215920e+00 4.518274e-05 5.346856e+01 3.327694e+00 4.630848e-05 5.445525e+01 -6.547268e-01 
1.098091e+02 1.247790e+02 3.480385e+00 4.518274e-05 5.346856e+01 3.327694e+00 4.556344e-05 5.391392e+01 -1.400814e+00 
1.108735e+02 1.247790e+02 2.566767e+00 4.518274e-05 5.346856e+01 3.327694e+00 4.482325e-05 5.336524e+01 -1.351875e+00 
1.119378e+02 1.247790e+02 1.540052e+00 4.518274e-05 5.346856e+01 3.327694e+00 4.422263e-05 5.291113e+01 -7.586909e-01 
1.130022e+02 1.247790e+02 4.732709e-01 4.518274e-05 5.346856e+01 3.327694e+00 4.379694e-05 5.257841e+01 8.197228e-02 
1.140665e+02 1.247790e+02 -5.576963e-01 4.518274e-05 5.346856e+01 3.327694e+00 4.352896e-05 5.235715e+01 9.567807e-01 
1.151309e+02 1.247790e+02 -1.479516e+00 4.518274e-05 5.346856e+01 3.327694e+00 4.338250e-05 5.222486e+01 1.736425e+00 
1.161952e+02 1.247790e+02 -2.226619e+00 4.518274e-05 5.346856e+01 3.327694e+00 4.331634e-05 5.215458e+01 2.364404e+00 
1.172596e+02 1.247790e+02 -2.745863e+00 4.518274e-05 5.346856e+01 3.327694e+00 4.329431e-05 5.212079e+01 2.845936e+00 
1.183239e+02 1.247790e+02 -3.000315e+00 4.518274e-05 5.346856e+01 3.327694e+00 4.329222e-05 5.210455e+01 3.227865e+00 
1.193883e+02 1.247790e+02 -2.971874e+00 4.518274e-05 5.346856e+01 3.327694e+00 4.329943e-05 5.209554e+01 3.578062e+00 
1.204526e+02 1.247790e+02 -2.662564e+00 4.518274e-05 5.346856e+01 3.327694e+00 4.331805e-05 5.209227e+01 3.970218e+00 
1.215170e+02 1.247790e+02 -2.094387e+00 4.518274e-05 5.346856e+01 3.327694e+00 4.336319e-05 5.210280e+01 4.471093e+00 
1.225813e+02 1.247790e+02 -1.307757e+00 4.518274e-05 5.346856e+01 3.327694e+00 4.346319e-05 5.214546e+01 5.123030e+00 
1.236457e+02 1.247790e+02 -3.586271e-01 4.518274e-05 5.346856e+01 3.327694e+00 4.365646e-05 5.224770e+01 5.919416e+00 
1.247100e+02 1.247790e+02 6.854902e-01 4.518274e-05 5.346856e+01 3.327694e+00 4.398242e-05 5.244125e+01 6.785394e+00 
1.257743e+02 1.247790e+02 1.750327e+00 4.518274e-05 5.346856e+01 3.327694e+00 4.446937e-05 5.275546e+01 7.572228e+00 
1.268387e+02 1.247790e+02 2.760140e+00 4.518274e-05 5.346856e+01 3.327694e+00 4.511816e-05 5.320728e+01 8.052333e+00 
1.279030e+02 1.247790e+02 3.643101e+00 4.518274e-05 5.346856e+01 3.327694e+00 4.586671e-05 5.377278e+01 7.934602e+00 
1.289674e+02 1.247790e+02 4.336405e+00 4.518274e-05 5.346856e+01 3.327694e+00 4.655681e-05 5.434529e+01 7.020258e+00 
1.300317e+02 1.247790e+02 4.790737e+00 4.518274e-05 5.346856e+01 3.327694e+00 4.701119e-05 5.477249e+01 5.448555e+00 
1.310961e+02 1.247790e+02 4.973780e+00 4.518274e-05 5.346856e+01 3.327694e+00 4.716701e-05 5.497458e+01 3.580950e+00 
1.321604e+02 1.247790e+02 4.872513e+00 4.518274e-05 5.346856e+01 3.327694e+00 4.703644e-05 5.494342e+01 1.681164e+00 
1.332248e+02 1.247790e+02 4.494141e+00 4.518274e-05 5.346856e+01 3.327694e+00 4.661465e-05 5.467127e+01 -1.783528e-02 
1.342891e+02 1.247790e+02 3.865577e+00 4.518274e-05 5.346856e+01 3.327694e+00 4.594119e-05 5.419052e+01 -1.152642e+00 
1.353535e+02 1.247790e+02 3.031531e+00 4.518274e-05 5.346856e+01 3.327694e+00 4.517690e-05 5.362857e+01 -1.477141e+00 
1.364178e+02 1.247790e+02 2.051329e+00 4.518274e-05 5.346856e+01 3.327694e+00 4.449783e-05 5.312061e+01 -1.111651e+00 
1.374822e+02 1.247790e+02 9.946926e-01 4.518274e-05 5.346856e+01 3.327694e+00 4.398573e-05 5.272773e+01 -3.551341e-01 
1.385465e+02 1.247790e+02 -6.321798e-02 4.518274e-05 5.346856e+01 3.327694e+00 4.364521e-05 5.245486e+01 5.314152e-01 
1.396109e+02 1.247790e+02 -1.047154e+00 4.518274e-05 5.346856e+01 3.327694e+00 4.344635e-05 5.228369e+01 1.373552e+00 
1.406752e+02 1.247790e+02 -1.887127e+00 4.518274e-05 5.346856e+01 3.327694e+00 4.334709e-05 5.218729e+01 2.078051e+00 
1.417396e+02 1.247790e+02 -2.523389e+00 4.518274e-05 5.346856e+01 3.327694e+00 4.330680e-05 5.213805e+01 2.623978e+00 
1.428039e+02 1.247790e+02 -2.910683e+00 4.518274e-05 5.346856e+01 3.327694e+00 4.329570e-05 5.211386e+01 3.044512e+00 
1.438683e+02 1.247790e+02 -3.021461e+00 4.518274e-05 5.346856e+01 3.327694e+00 4.329781e-05 5.210099e+01 3.402192e+00 
1.449326e+02 1.247790e+02 -2.847843e+00 4.518274e-05 5.346856e+01 3.327694e+00 4.331002e-05 5.209439e+01 3.769057e+00 
1.459970e+02 1.247790e+02 -2.402178e+00 4.518274e-05 5.346856e+01 3.327694e+00 4.334109e-05 5.209745e+01 4.214360e+00 
1.470613e+02 1.247790e+02 -1.716167e+00 4.518274e-05 5.346856e+01 3.327694e+00 4.341193e-05 5.212278e+01 4.791522e+00 
1.481257e+02 1.247790e+02 -8.386058e-01 4.518274e-05 5.346856e+01 3.327694e+00 4.355543e-05 5.219279e+01 5.519057e+00 
1.491900e+02 1.247790e+02 1.680840e-01 4.518274e-05 5.346856e+01 3.327694e+00 4.381115e-05 5.233721e+01 6.359622e+00 
