# 1    , 2      , 3      , 4      , 5      , 6      , 7       
# dmeas, Bx_siB0, By_siB0, Bz_siB0, In_siB0, Ic_siB0, Dc_siB0 
0.000000e+00 2.697852e-05 3.688489e-06 3.546741e-05 4.471445e-05 5.248536e+01 7.785180e+00 
0.000000e+00 2.704723e-05 3.947905e-06 3.615466e-05 4.532437e-05 5.290980e+01 8.304441e+00 
0.000000e+00 2.713260e-05 4.006735e-06 3.699689e-05 4.605433e-05 5.344941e+01 8.400293e+00 
0.000000e+00 2.722389e-05 3.731228e-06 3.789014e-05 4.680518e-05 5.404992e+01 7.804172e+00 
0.000000e+00 2.729928e-05 3.088023e-06 3.862535e-05 4.739941e-05 5.457658e+01 6.453716e+00 
0.000000e+00 2.734112e-05 2.213483e-06 3.903368e-05 4.770812e-05 5.490271e+01 4.628458e+00 
0.000000e+00 2.734658e-05 1.268394e-06 3.908757e-05 4.772088e-05 5.499354e+01 2.655600e+00 
0.000000e+00 2.731601e-05 3.572512e-07 3.879033e-05 4.744451e-05 5.484462e+01 7.492975e-01 
0.000000e+00 2.724972e-05 -3.787857e-07 3.814534e-05 4.688025e-05 5.445667e+01 -7.963907e-01 
0.000000e+00 2.716055e-05 -7.763231e-07 3.727560e-05 4.612774e-05 5.391023e+01 -1.637225e+00 
0.000000e+00 2.707131e-05 -8.106483e-07 3.639942e-05 4.536993e-05 5.334845e+01 -1.715205e+00 
0.000000e+00 2.699671e-05 -6.022197e-07 3.565861e-05 4.472943e-05 5.286421e+01 -1.277894e+00 
0.000000e+00 2.693948e-05 -2.761474e-07 3.508108e-05 4.423227e-05 5.247715e+01 -5.872989e-01 
0.000000e+00 2.689699e-05 8.703017e-08 3.464434e-05 4.385985e-05 5.217499e+01 1.853904e-01 
0.000000e+00 2.686611e-05 4.505155e-07 3.432091e-05 4.358802e-05 5.194256e+01 9.606981e-01 
0.000000e+00 2.684459e-05 7.973545e-07 3.409193e-05 4.339962e-05 5.177019e+01 1.701334e+00 
0.000000e+00 2.683105e-05 1.126910e-06 3.394615e-05 4.328413e-05 5.165257e+01 2.405022e+00 
0.000000e+00 2.682475e-05 1.443535e-06 3.387788e-05 4.323612e-05 5.158724e+01 3.080318e+00 
0.000000e+00 2.682540e-05 1.756303e-06 3.388523e-05 4.325384e-05 5.157329e+01 3.745902e+00 
0.000000e+00 2.683302e-05 2.075156e-06 3.396831e-05 4.333778e-05 5.161016e+01 4.422219e+00 
0.000000e+00 2.684801e-05 2.408141e-06 3.412987e-05 4.349095e-05 5.169830e+01 5.125449e+00 
0.000000e+00 2.687120e-05 2.760148e-06 3.437645e-05 4.371979e-05 5.184018e+01 5.864723e+00 
0.000000e+00 2.690407e-05 3.125425e-06 3.471994e-05 4.403489e-05 5.204223e+01 6.626304e+00 
0.000000e+00 2.694921e-05 3.486769e-06 3.518249e-05 4.445475e-05 5.231865e+01 7.372144e+00 
0.000000e+00 2.700973e-05 3.797548e-06 3.579143e-05 4.499970e-05 5.269026e+01 8.003284e+00 
0.000000e+00 2.708770e-05 3.970845e-06 3.656401e-05 4.567754e-05 5.317607e+01 8.339716e+00 
0.000000e+00 2.717848e-05 3.870939e-06 3.745410e-05 4.643774e-05 5.375968e+01 8.105927e+00 
0.000000e+00 2.726485e-05 3.398944e-06 3.829619e-05 4.713304e-05 5.434216e+01 7.106057e+00 
0.000000e+00 2.732443e-05 2.613688e-06 3.887608e-05 4.758997e-05 5.477531e+01 5.463941e+00 
0.000000e+00 2.734765e-05 1.687523e-06 3.910204e-05 4.774632e-05 5.498022e+01 3.531035e+00 
0.000000e+00 2.733500e-05 7.472538e-07 3.897848e-05 4.761389e-05 5.494856e+01 1.565898e+00 
0.000000e+00 2.728577e-05 -9.601214e-08 3.849864e-05 4.718758e-05 5.467287e+01 -2.016094e-01 
0.000000e+00 2.720530e-05 -6.725169e-07 3.771415e-05 4.650740e-05 5.418670e+01 -1.416067e+00 
0.000000e+00 2.711351e-05 -8.739789e-07 3.681543e-05 4.573054e-05 5.361521e+01 -1.846237e+00 
0.000000e+00 2.703105e-05 -7.645606e-07 3.600052e-05 4.502555e-05 5.308789e+01 -1.620152e+00 
0.000000e+00 2.696562e-05 -4.807429e-07 3.534466e-05 4.445921e-05 5.265439e+01 -1.021360e+00 
0.000000e+00 2.691656e-05 -1.270179e-07 3.484377e-05 4.402960e-05 5.231387e+01 -2.703739e-01 
0.000000e+00 2.688051e-05 2.408668e-07 3.446834e-05 4.371140e-05 5.204961e+01 5.133937e-01 
0.000000e+00 2.685491e-05 5.982519e-07 3.419650e-05 4.348500e-05 5.185014e+01 1.276178e+00 
0.000000e+00 2.683778e-05 9.372873e-07 3.401158e-05 4.333512e-05 5.170684e+01 2.000195e+00 
0.000000e+00 2.682822e-05 1.259754e-06 3.390679e-05 4.325518e-05 5.161704e+01 2.688424e+00 
0.000000e+00 2.682570e-05 1.573273e-06 3.387819e-05 4.324147e-05 5.157895e+01 3.356437e+00 
0.000000e+00 2.683010e-05 1.887436e-06 3.392494e-05 4.329340e-05 5.159189e+01 4.023997e+00 
0.000000e+00 2.684162e-05 2.211792e-06 3.404854e-05 4.341275e-05 5.165580e+01 4.710620e+00 
0.000000e+00 2.686078e-05 2.552920e-06 3.425268e-05 4.360350e-05 5.177148e+01 5.429236e+00 
0.000000e+00 2.688888e-05 2.910714e-06 3.454780e-05 4.387522e-05 5.194417e+01 6.178196e+00 
0.000000e+00 2.692775e-05 3.275790e-06 3.494918e-05 4.424115e-05 5.218270e+01 6.936012e+00 
