# 1,2,3, 4    , 5    , 6    , 7    , 8    , 9     
# x,y,z, Bx_si, By_si, Bz_si, In_si, Ic_si, Dc_si 
1.002300e+02 1.247790e+02 1.207864e+00 2.127289e-06 1.282195e-07 8.382940e-07 2.290095e-06 -2.147235e+01 8.655074e+01 
1.012943e+02 1.247790e+02 2.255164e+00 2.386705e-06 1.969317e-07 1.510356e-07 2.399574e-06 -3.608736e+00 8.528310e+01 
1.023587e+02 1.247790e+02 3.211530e+00 2.445535e-06 2.822966e-07 -6.911864e-07 2.556966e-06 1.568302e+01 8.341529e+01 
1.034230e+02 1.247790e+02 4.008937e+00 2.170028e-06 3.735863e-07 -1.584441e-06 2.712755e-06 3.573736e+01 8.023186e+01 
1.044874e+02 1.247790e+02 4.590665e+00 1.526823e-06 4.489758e-07 -2.319648e-06 2.813100e-06 5.554671e+01 7.361356e+01 
1.055517e+02 1.247790e+02 4.915335e+00 6.522830e-07 4.908228e-07 -2.727983e-06 2.847503e-06 7.334072e+01 5.303967e+01 
1.066161e+02 1.247790e+02 4.959853e+00 -2.928057e-07 4.962830e-07 -2.781873e-06 2.840924e-06 7.829755e+01 -3.054050e+01 
1.076804e+02 1.247790e+02 4.721053e+00 -1.203949e-06 4.657103e-07 -2.484629e-06 2.799957e-06 6.254598e+01 -6.885258e+01 
1.087448e+02 1.247790e+02 4.215920e+00 -1.939986e-06 3.994196e-07 -1.839641e-06 2.703213e-06 4.288576e+01 -7.836606e+01 
1.098091e+02 1.247790e+02 3.480385e+00 -2.337523e-06 3.102482e-07 -9.698991e-07 2.549700e-06 2.235829e+01 -8.243959e+01 
1.108735e+02 1.247790e+02 2.566767e+00 -2.371848e-06 2.210051e-07 -9.372018e-08 2.383965e-06 2.253034e+00 -8.467664e+01 
1.119378e+02 1.247790e+02 1.540052e+00 -2.163420e-06 1.464117e-07 6.470875e-07 2.262862e-06 -1.661623e+01 -8.612835e+01 
1.130022e+02 1.247790e+02 4.732709e-01 -1.837347e-06 8.917821e-08 1.224624e-06 2.209865e-06 -3.365305e+01 -8.722125e+01 
1.140665e+02 1.247790e+02 -5.576963e-01 -1.474170e-06 4.669320e-08 1.661358e-06 2.221591e-06 -4.840219e+01 -8.818581e+01 
1.151309e+02 1.247790e+02 -1.479516e+00 -1.110685e-06 1.580635e-08 1.984795e-06 2.274484e-06 -6.076629e+01 -8.918467e+01 
1.161952e+02 1.247790e+02 -2.226619e+00 -7.638455e-07 -5.708923e-09 2.213773e-06 2.341855e-06 -7.096290e+01 -9.042822e+01 
1.172596e+02 1.247790e+02 -2.745863e+00 -4.342898e-07 -1.924573e-08 2.359553e-06 2.399264e-06 -7.956108e+01 -9.253743e+01 
1.183239e+02 1.247790e+02 -3.000315e+00 -1.176652e-07 -2.555222e-08 2.427818e-06 2.430802e-06 -8.716074e+01 -1.022521e+02 
1.193883e+02 1.247790e+02 -2.971874e+00 1.951025e-07 -2.490379e-08 2.420473e-06 2.428451e-06 -8.535440e+01 9.727416e+01 
1.204526e+02 1.247790e+02 -2.662564e+00 5.139559e-07 -1.727805e-08 2.337393e-06 2.393294e-06 -7.759212e+01 9.192543e+01 
1.215170e+02 1.247790e+02 -2.094387e+00 8.469413e-07 -2.294354e-09 2.175833e-06 2.334859e-06 -6.873149e+01 9.015521e+01 
1.225813e+02 1.247790e+02 -1.307757e+00 1.198948e-06 2.089992e-08 1.929251e-06 2.271546e-06 -5.813688e+01 8.900133e+01 
1.236457e+02 1.247790e+02 -3.586271e-01 1.564225e-06 5.377302e-08 1.585763e-06 2.228079e-06 -4.537484e+01 8.803113e+01 
1.247100e+02 1.247790e+02 6.854902e-01 1.925569e-06 9.890550e-08 1.123207e-06 2.231410e-06 -3.022269e+01 8.705963e+01 
1.257743e+02 1.247790e+02 1.750327e+00 2.236348e-06 1.594271e-07 5.142669e-07 2.300248e-06 -1.291882e+01 8.592234e+01 
1.268387e+02 1.247790e+02 2.760140e+00 2.409645e-06 2.373961e-07 -2.583118e-07 2.435051e-06 6.089431e+00 8.437343e+01 
1.279030e+02 1.247790e+02 3.643101e+00 2.309739e-06 3.281790e-07 -1.148404e-06 2.600274e-06 2.620903e+01 8.191326e+01 
1.289674e+02 1.247790e+02 4.336405e+00 1.837744e-06 4.145524e-07 -1.990495e-06 2.740662e-06 4.657565e+01 7.728816e+01 
1.300317e+02 1.247790e+02 4.790737e+00 1.052488e-06 4.741292e-07 -2.570378e-06 2.817689e-06 6.581523e+01 6.574919e+01 
1.310961e+02 1.247790e+02 4.973780e+00 1.263228e-07 4.973481e-07 -2.796339e-06 2.843031e-06 7.960167e+01 1.425135e+01 
1.321604e+02 1.247790e+02 4.872513e+00 -8.139462e-07 4.847028e-07 -2.672779e-06 2.835700e-06 7.048371e+01 -5.922631e+01 
1.332248e+02 1.247790e+02 4.494141e+00 -1.657212e-06 4.354666e-07 -2.192939e-06 2.782978e-06 5.199742e+01 -7.527719e+01 
1.342891e+02 1.247790e+02 3.865577e+00 -2.233717e-06 3.550021e-07 -1.408449e-06 2.664441e-06 3.191156e+01 -8.096957e+01 
1.353535e+02 1.247790e+02 3.031531e+00 -2.435179e-06 2.632111e-07 -5.097270e-07 2.501839e-06 1.175581e+01 -8.383102e+01 
1.364178e+02 1.247790e+02 2.051329e+00 -2.325761e-06 1.807499e-07 3.051774e-07 2.352651e-06 -7.453204e+00 -8.555611e+01 
1.374822e+02 1.247790e+02 9.946926e-01 -2.041943e-06 1.153224e-07 9.610350e-07 2.259739e-06 -2.516876e+01 -8.676755e+01 
1.385465e+02 1.247790e+02 -6.321798e-02 -1.688218e-06 6.626199e-08 1.461926e-06 2.234211e-06 -4.086937e+01 -8.775231e+01 
1.396109e+02 1.247790e+02 -1.047154e+00 -1.320333e-06 3.020993e-08 1.837357e-06 2.262758e-06 -5.429170e+01 -8.868927e+01 
1.406752e+02 1.247790e+02 -1.887127e+00 -9.629481e-07 4.610998e-09 2.109196e-06 2.318620e-06 -6.546081e+01 -8.972565e+01 
1.417396e+02 1.247790e+02 -2.523389e+00 -6.239127e-07 -1.251954e-08 2.294116e-06 2.377476e-06 -7.478277e+01 -9.114955e+01 
1.428039e+02 1.247790e+02 -2.910683e+00 -3.014456e-07 -2.208005e-08 2.398908e-06 2.417874e-06 -8.281879e+01 -9.418928e+01 
1.438683e+02 1.247790e+02 -3.021461e+00 1.207322e-08 -2.460087e-08 2.427511e-06 2.427665e-06 -8.935323e+01 1.538599e+02 
1.449326e+02 1.247790e+02 -2.847843e+00 3.262357e-07 -2.020440e-08 2.380756e-06 2.403089e-06 -8.218257e+01 9.354391e+01 
1.459970e+02 1.247790e+02 -2.402178e+00 6.505915e-07 -8.684799e-09 2.257163e-06 2.349070e-06 -7.391985e+01 9.076480e+01 
1.470613e+02 1.247790e+02 -1.716167e+00 9.917204e-07 1.047794e-08 2.053020e-06 2.280024e-06 -6.421567e+01 8.939467e+01 
1.481257e+02 1.247790e+02 -8.386058e-01 1.349514e-06 3.857520e-08 1.757896e-06 2.216500e-06 -5.247572e+01 8.836267e+01 
1.491900e+02 1.247790e+02 1.680840e-01 1.714590e-06 7.745138e-08 1.356520e-06 2.187684e-06 -3.832132e+01 8.741360e+01 
