# 1, 2, 3, 4     , 5     , 6     , 7   , 8   , 9   , 10  
# x, y, z, Bbx_si, Bby_si, Bbz_si, In_si, Ic_si, Dc_si, dmeas 
1.002300e+02 1.247790e+02 1.000000e+00 1.318622e-08 -1.798202e-07 -5.761495e-07 6.037031e-07 7.262276e+01 1.758060e+02 
1.012943e+02 1.247790e+02 1.000000e+00 1.252681e-08 -1.800477e-07 -5.749550e-07 6.026171e-07 7.257251e+01 1.760201e+02 
1.023587e+02 1.247790e+02 1.000000e+00 1.188042e-08 -1.802652e-07 -5.738208e-07 6.015871e-07 7.252441e+01 1.762294e+02 
1.034230e+02 1.247790e+02 1.000000e+00 1.124627e-08 -1.804726e-07 -5.727458e-07 6.006119e-07 7.247848e+01 1.764342e+02 
1.044874e+02 1.247790e+02 1.000000e+00 1.062364e-08 -1.806698e-07 -5.717290e-07 5.996903e-07 7.243472e+01 1.766348e+02 
1.055517e+02 1.247790e+02 1.000000e+00 1.001179e-08 -1.808570e-07 -5.707692e-07 5.988214e-07 7.239313e+01 1.768315e+02 
1.066161e+02 1.247790e+02 1.000000e+00 9.410047e-09 -1.810342e-07 -5.698657e-07 5.980041e-07 7.235374e+01 1.770245e+02 
1.076804e+02 1.247790e+02 1.000000e+00 8.817732e-09 -1.812013e-07 -5.690176e-07 5.972375e-07 7.231654e+01 1.772140e+02 
1.087448e+02 1.247790e+02 1.000000e+00 8.234199e-09 -1.813584e-07 -5.682239e-07 5.965208e-07 7.228153e+01 1.774004e+02 
1.098091e+02 1.247790e+02 1.000000e+00 7.658820e-09 -1.815054e-07 -5.674841e-07 5.958532e-07 7.224873e+01 1.775838e+02 
1.108735e+02 1.247790e+02 1.000000e+00 7.090982e-09 -1.816425e-07 -5.667974e-07 5.952340e-07 7.221814e+01 1.777644e+02 
1.119378e+02 1.247790e+02 1.000000e+00 6.530093e-09 -1.817695e-07 -5.661631e-07 5.946624e-07 7.218975e+01 1.779425e+02 
1.130022e+02 1.247790e+02 1.000000e+00 5.975572e-09 -1.818866e-07 -5.655806e-07 5.941379e-07 7.216358e+01 1.781183e+02 
1.140665e+02 1.247790e+02 1.000000e+00 5.426853e-09 -1.819937e-07 -5.650495e-07 5.936599e-07 7.213962e+01 1.782920e+02 
1.151309e+02 1.247790e+02 1.000000e+00 4.883383e-09 -1.820908e-07 -5.645691e-07 5.932278e-07 7.211789e+01 1.784638e+02 
1.161952e+02 1.247790e+02 1.000000e+00 4.344619e-09 -1.821779e-07 -5.641391e-07 5.928412e-07 7.209837e+01 1.786339e+02 
1.172596e+02 1.247790e+02 1.000000e+00 3.810028e-09 -1.822551e-07 -5.637591e-07 5.924996e-07 7.208107e+01 1.788024e+02 
1.183239e+02 1.247790e+02 1.000000e+00 3.279087e-09 -1.823224e-07 -5.634288e-07 5.922028e-07 7.206600e+01 1.789696e+02 
1.193883e+02 1.247790e+02 1.000000e+00 2.751279e-09 -1.823797e-07 -5.631477e-07 5.919504e-07 7.205315e+01 1.791357e+02 
1.204526e+02 1.247790e+02 1.000000e+00 2.226094e-09 -1.824271e-07 -5.629157e-07 5.917421e-07 7.204252e+01 1.793009e+02 
1.215170e+02 1.247790e+02 1.000000e+00 1.703028e-09 -1.824645e-07 -5.627326e-07 5.915777e-07 7.203412e+01 1.794652e+02 
1.225813e+02 1.247790e+02 1.000000e+00 1.181581e-09 -1.824920e-07 -5.625981e-07 5.914570e-07 7.202795e+01 1.796290e+02 
1.236457e+02 1.247790e+02 1.000000e+00 6.612549e-10 -1.825096e-07 -5.625122e-07 5.913799e-07 7.202400e+01 1.797924e+02 
1.247100e+02 1.247790e+02 1.000000e+00 1.415568e-10 -1.825173e-07 -5.624748e-07 5.913463e-07 7.202228e+01 1.799556e+02 
1.257743e+02 1.247790e+02 1.000000e+00 -3.780072e-10 -1.825150e-07 -5.624858e-07 5.913562e-07 7.202279e+01 -1.798813e+02 
1.268387e+02 1.247790e+02 1.000000e+00 -8.979295e-10 -1.825029e-07 -5.625453e-07 5.914096e-07 7.202552e+01 -1.797181e+02 
1.279030e+02 1.247790e+02 1.000000e+00 -1.418704e-09 -1.824808e-07 -5.626533e-07 5.915065e-07 7.203048e+01 -1.795546e+02 
1.289674e+02 1.247790e+02 1.000000e+00 -1.940827e-09 -1.824487e-07 -5.628099e-07 5.916471e-07 7.203767e+01 -1.793905e+02 
1.300317e+02 1.247790e+02 1.000000e+00 -2.464795e-09 -1.824068e-07 -5.630152e-07 5.918314e-07 7.204708e+01 -1.792258e+02 
1.310961e+02 1.247790e+02 1.000000e+00 -2.991111e-09 -1.823549e-07 -5.632695e-07 5.920598e-07 7.205872e+01 -1.790603e+02 
1.321604e+02 1.247790e+02 1.000000e+00 -3.520281e-09 -1.822930e-07 -5.635730e-07 5.923324e-07 7.207258e+01 -1.788937e+02 
1.332248e+02 1.247790e+02 1.000000e+00 -4.052818e-09 -1.822212e-07 -5.639259e-07 5.926495e-07 7.208867e+01 -1.787259e+02 
1.342891e+02 1.247790e+02 1.000000e+00 -4.589243e-09 -1.821395e-07 -5.643286e-07 5.930115e-07 7.210697e+01 -1.785567e+02 
1.353535e+02 1.247790e+02 1.000000e+00 -5.130082e-09 -1.820478e-07 -5.647814e-07 5.934187e-07 7.212750e+01 -1.783858e+02 
1.364178e+02 1.247790e+02 1.000000e+00 -5.675872e-09 -1.819462e-07 -5.652848e-07 5.938717e-07 7.215025e+01 -1.782132e+02 
1.374822e+02 1.247790e+02 1.000000e+00 -6.227162e-09 -1.818345e-07 -5.658393e-07 5.943708e-07 7.217522e+01 -1.780386e+02 
1.385465e+02 1.247790e+02 1.000000e+00 -6.784510e-09 -1.817129e-07 -5.664452e-07 5.949167e-07 7.220240e+01 -1.778618e+02 
1.396109e+02 1.247790e+02 1.000000e+00 -7.348489e-09 -1.815813e-07 -5.671033e-07 5.955098e-07 7.223179e+01 -1.776825e+02 
1.406752e+02 1.247790e+02 1.000000e+00 -7.919684e-09 -1.814397e-07 -5.678142e-07 5.961510e-07 7.226339e+01 -1.775007e+02 
1.417396e+02 1.247790e+02 1.000000e+00 -8.498697e-09 -1.812881e-07 -5.685784e-07 5.968408e-07 7.229719e+01 -1.773160e+02 
1.428039e+02 1.247790e+02 1.000000e+00 -9.086147e-09 -1.811265e-07 -5.693967e-07 5.975801e-07 7.233320e+01 -1.771282e+02 
1.438683e+02 1.247790e+02 1.000000e+00 -9.682672e-09 -1.809548e-07 -5.702700e-07 5.983696e-07 7.237140e+01 -1.769371e+02 
1.449326e+02 1.247790e+02 1.000000e+00 -1.028893e-08 -1.807731e-07 -5.711989e-07 5.992103e-07 7.241179e+01 -1.767425e+02 
1.459970e+02 1.247790e+02 1.000000e+00 -1.090560e-08 -1.805813e-07 -5.721846e-07 6.001031e-07 7.245436e+01 -1.765440e+02 
1.470613e+02 1.247790e+02 1.000000e+00 -1.153338e-08 -1.803794e-07 -5.732278e-07 6.010489e-07 7.249911e+01 -1.763415e+02 
1.481257e+02 1.247790e+02 1.000000e+00 -1.217300e-08 -1.801675e-07 -5.743296e-07 6.020490e-07 7.254603e+01 -1.761347e+02 
1.491900e+02 1.247790e+02 1.000000e+00 -1.282522e-08 -1.799454e-07 -5.754910e-07 6.031043e-07 7.259511e+01 -1.759233e+02 
