# 1 , 2 , 3 , 4      , 5      , 6      , 7      , 8      , 9      , 10 (pm), 11 (pm), 12 (pm)  
# xm, ym, zm, IGRF_In, IGRF_Ic, IGRF_Dc, In_siB0, Ic_siB0, Dc_siB0, Bx_siB0, By_siB0, Bz_siB0  
1.002300e+02 1.247790e+02 1.207864e+00 4.518274e-05 5.346856e+01 3.327694e+00 4.506673e-05 5.310927e+01 7.864438e+00 2.679870e-05 3.701675e-06 3.604356e-05 
1.012943e+02 1.247790e+02 2.255164e+00 4.518274e-05 5.346856e+01 3.327694e+00 4.567927e-05 5.352115e+01 8.385456e+00 2.686718e-05 3.960432e-06 3.672962e-05 
1.023587e+02 1.247790e+02 3.211530e+00 4.518274e-05 5.346856e+01 3.327694e+00 4.641267e-05 5.404638e+01 8.480375e+00 2.695233e-05 4.018616e-06 3.757071e-05 
1.034230e+02 1.247790e+02 4.008937e+00 4.518274e-05 5.346856e+01 3.327694e+00 4.716721e-05 5.463268e+01 7.878985e+00 2.704341e-05 3.742474e-06 3.846289e-05 
1.044874e+02 1.247790e+02 4.590665e+00 4.518274e-05 5.346856e+01 3.327694e+00 4.776433e-05 5.514840e+01 6.518503e+00 2.711861e-05 3.098646e-06 3.919708e-05 
1.055517e+02 1.247790e+02 4.915335e+00 4.518274e-05 5.346856e+01 3.327694e+00 4.807428e-05 5.546882e+01 4.680124e+00 2.716027e-05 2.223495e-06 3.960445e-05 
1.066161e+02 1.247790e+02 4.959853e+00 4.518274e-05 5.346856e+01 3.327694e+00 4.808651e-05 5.555913e+01 2.693075e+00 2.716555e-05 1.277804e-06 3.965744e-05 
1.076804e+02 1.247790e+02 4.721053e+00 4.518274e-05 5.346856e+01 3.327694e+00 4.780784e-05 5.541471e+01 7.729162e-01 2.713481e-05 3.660689e-07 3.935935e-05 
1.087448e+02 1.247790e+02 4.215920e+00 4.518274e-05 5.346856e+01 3.327694e+00 4.723953e-05 5.503640e+01 -7.842998e-01 2.706836e-05 -3.705515e-07 3.871357e-05 
1.098091e+02 1.247790e+02 3.480385e+00 4.518274e-05 5.346856e+01 3.327694e+00 4.648181e-05 5.450323e+01 -1.631982e+00 2.697904e-05 -7.686643e-07 3.784308e-05 
1.108735e+02 1.247790e+02 2.566767e+00 4.518274e-05 5.346856e+01 3.327694e+00 4.571871e-05 5.395525e+01 -1.711689e+00 2.688966e-05 -8.035573e-07 3.696622e-05 
1.119378e+02 1.247790e+02 1.540052e+00 4.518274e-05 5.346856e+01 3.327694e+00 4.507361e-05 5.348300e+01 -1.272607e+00 2.681494e-05 -5.956896e-07 3.622478e-05 
1.130022e+02 1.247790e+02 4.732709e-01 4.518274e-05 5.346856e+01 3.327694e+00 4.457270e-05 5.310546e+01 -5.784967e-01 2.675759e-05 -2.701718e-07 3.564666e-05 
1.140665e+02 1.247790e+02 -5.576963e-01 4.518274e-05 5.346856e+01 3.327694e+00 4.419730e-05 5.281056e+01 1.982922e-01 2.671500e-05 9.245703e-08 3.520939e-05 
1.151309e+02 1.247790e+02 -1.479516e+00 4.518274e-05 5.346856e+01 3.327694e+00 4.392312e-05 5.258348e+01 9.777352e-01 2.668402e-05 4.553989e-07 3.488547e-05 
1.161952e+02 1.247790e+02 -2.226619e+00 4.518274e-05 5.346856e+01 3.327694e+00 4.373294e-05 5.241484e+01 1.722280e+00 2.666241e-05 8.016991e-07 3.465607e-05 
1.172596e+02 1.247790e+02 -2.745863e+00 4.518274e-05 5.346856e+01 3.327694e+00 4.361617e-05 5.229949e+01 2.429628e+00 2.664880e-05 1.130720e-06 3.450991e-05 
1.183239e+02 1.247790e+02 -3.000315e+00 4.518274e-05 5.346856e+01 3.327694e+00 4.356737e-05 5.223506e+01 3.108388e+00 2.664243e-05 1.446814e-06 3.444131e-05 
1.193883e+02 1.247790e+02 -2.971874e+00 4.518274e-05 5.346856e+01 3.327694e+00 4.358480e-05 5.222065e+01 3.777361e+00 2.664302e-05 1.759054e-06 3.444837e-05 
1.204526e+02 1.247790e+02 -2.662564e+00 4.518274e-05 5.346856e+01 3.327694e+00 4.366893e-05 5.225570e+01 4.457125e+00 2.665059e-05 2.077382e-06 3.453122e-05 
1.215170e+02 1.247790e+02 -2.094387e+00 4.518274e-05 5.346856e+01 3.327694e+00 4.382277e-05 5.234063e+01 5.163962e+00 2.666554e-05 2.409844e-06 3.469260e-05 
1.225813e+02 1.247790e+02 -1.307757e+00 4.518274e-05 5.346856e+01 3.327694e+00 4.405280e-05 5.247781e+01 5.907052e+00 2.668871e-05 2.761330e-06 3.493905e-05 
1.236457e+02 1.247790e+02 -3.586271e-01 4.518274e-05 5.346856e+01 3.327694e+00 4.436965e-05 5.267352e+01 6.672554e+00 2.672156e-05 3.126086e-06 3.528245e-05 
1.247100e+02 1.247790e+02 6.854902e-01 4.518274e-05 5.346856e+01 3.327694e+00 4.479193e-05 5.294168e+01 7.422153e+00 2.676669e-05 3.486910e-06 3.574497e-05 
1.257743e+02 1.247790e+02 1.750327e+00 4.518274e-05 5.346856e+01 3.327694e+00 4.534011e-05 5.330280e+01 8.056229e+00 2.682721e-05 3.797170e-06 3.635392e-05 
1.268387e+02 1.247790e+02 2.760140e+00 4.518274e-05 5.346856e+01 3.327694e+00 4.602207e-05 5.377592e+01 8.393611e+00 2.690519e-05 3.969948e-06 3.712656e-05 
1.279030e+02 1.247790e+02 3.643101e+00 4.518274e-05 5.346856e+01 3.327694e+00 4.678708e-05 5.434565e+01 8.157033e+00 2.699600e-05 3.869520e-06 3.801676e-05 
1.289674e+02 1.247790e+02 4.336405e+00 4.518274e-05 5.346856e+01 3.327694e+00 4.748703e-05 5.491574e+01 7.149392e+00 2.708240e-05 3.397003e-06 3.885900e-05 
1.300317e+02 1.247790e+02 4.790737e+00 4.518274e-05 5.346856e+01 3.327694e+00 4.794737e-05 5.534085e+01 5.495281e+00 2.714202e-05 2.611223e-06 3.943909e-05 
1.310961e+02 1.247790e+02 4.973780e+00 4.518274e-05 5.346856e+01 3.327694e+00 4.810538e-05 5.554293e+01 3.548393e+00 2.716529e-05 1.684532e-06 3.966531e-05 
1.321604e+02 1.247790e+02 4.872513e+00 4.518274e-05 5.346856e+01 3.327694e+00 4.797287e-05 5.551339e+01 1.568983e+00 2.715271e-05 7.437335e-07 3.954205e-05 
1.332248e+02 1.247790e+02 4.494141e+00 4.518274e-05 5.346856e+01 3.327694e+00 4.754468e-05 5.524499e+01 -2.115322e-01 2.710355e-05 -1.000650e-07 3.906257e-05 
1.342891e+02 1.247790e+02 3.865577e+00 4.518274e-05 5.346856e+01 3.327694e+00 4.686098e-05 5.477088e+01 -1.435332e+00 2.702316e-05 -6.771061e-07 3.827848e-05 
1.353535e+02 1.247790e+02 3.031531e+00 4.518274e-05 5.346856e+01 3.327694e+00 4.607989e-05 5.421376e+01 -1.869611e+00 2.693146e-05 -8.791090e-07 3.738021e-05 
1.364178e+02 1.247790e+02 2.051329e+00 4.518274e-05 5.346856e+01 3.327694e+00 4.537098e-05 5.370011e+01 -1.643228e+00 2.684910e-05 -7.702365e-07 3.656581e-05 
1.374822e+02 1.247790e+02 9.946926e-01 4.518274e-05 5.346856e+01 3.327694e+00 4.480148e-05 5.327811e+01 -1.041610e+00 2.678379e-05 -4.869700e-07 3.591050e-05 
1.385465e+02 1.247790e+02 -6.321798e-02 4.518274e-05 5.346856e+01 3.327694e+00 4.436951e-05 5.294671e+01 -2.867512e-01 2.673485e-05 -1.338024e-07 3.541022e-05 
1.396109e+02 1.247790e+02 -1.047154e+00 4.518274e-05 5.346856e+01 3.327694e+00 4.404963e-05 5.268956e+01 5.011166e-01 2.669893e-05 2.335184e-07 3.503545e-05 
1.406752e+02 1.247790e+02 -1.887127e+00 4.518274e-05 5.346856e+01 3.327694e+00 4.382214e-05 5.249543e+01 1.267852e+00 2.667347e-05 5.903322e-07 3.476432e-05 
1.417396e+02 1.247790e+02 -2.523389e+00 4.518274e-05 5.346856e+01 3.327694e+00 4.367172e-05 5.235597e+01 1.995542e+00 2.665649e-05 9.287886e-07 3.458016e-05 
1.428039e+02 1.247790e+02 -2.910683e+00 4.518274e-05 5.346856e+01 3.327694e+00 4.359174e-05 5.226859e+01 2.687177e+00 2.664709e-05 1.250668e-06 3.447619e-05 
1.438683e+02 1.247790e+02 -3.021461e+00 4.518274e-05 5.346856e+01 3.327694e+00 4.357848e-05 5.223156e+01 3.358430e+00 2.664474e-05 1.563591e-06 3.444846e-05 
1.449326e+02 1.247790e+02 -2.847843e+00 4.518274e-05 5.346856e+01 3.327694e+00 4.363134e-05 5.224420e+01 4.029192e+00 2.664932e-05 1.877147e-06 3.449614e-05 
1.459970e+02 1.247790e+02 -2.402178e+00 4.518274e-05 5.346856e+01 3.327694e+00 4.375213e-05 5.230644e+01 4.719104e+00 2.666103e-05 2.200886e-06 3.462072e-05 
1.470613e+02 1.247790e+02 -1.716167e+00 4.518274e-05 5.346856e+01 3.327694e+00 4.394481e-05 5.241900e+01 5.441176e+00 2.668040e-05 2.541387e-06 3.482591e-05 
1.481257e+02 1.247790e+02 -8.386058e-01 4.518274e-05 5.346856e+01 3.327694e+00 4.421901e-05 5.258700e+01 6.193738e+00 2.670871e-05 2.898541e-06 3.512213e-05 
1.491900e+02 1.247790e+02 1.680840e-01 4.518274e-05 5.346856e+01 3.327694e+00 4.458805e-05 5.281904e+01 6.955147e+00 2.674781e-05 3.262965e-06 3.552467e-05 
