# 1,2,3, 4    , 5    , 6    , 7    , 8    , 9     
# x,y,z, Bx_si, By_si, Bz_si, Bx_th, By_th, Bz_th 
2.252300e+02 2.497790e+02 1.000000e+00 1.580089e-09 -9.179584e-08 -2.855252e-07 0.000000e+00 0.000000e+00 0.000000e+00 
2.262943e+02 2.497790e+02 1.000000e+00 1.509375e-09 -9.182442e-08 -2.853776e-07 0.000000e+00 0.000000e+00 0.000000e+00 
2.273587e+02 2.497790e+02 1.000000e+00 1.439040e-09 -9.185174e-08 -2.852367e-07 0.000000e+00 0.000000e+00 0.000000e+00 
2.284230e+02 2.497790e+02 1.000000e+00 1.369062e-09 -9.187780e-08 -2.851026e-07 0.000000e+00 0.000000e+00 0.000000e+00 
2.294874e+02 2.497790e+02 1.000000e+00 1.299426e-09 -9.190260e-08 -2.849750e-07 0.000000e+00 0.000000e+00 0.000000e+00 
2.305517e+02 2.497790e+02 1.000000e+00 1.230113e-09 -9.192614e-08 -2.848542e-07 0.000000e+00 0.000000e+00 0.000000e+00 
2.316161e+02 2.497790e+02 1.000000e+00 1.161105e-09 -9.194842e-08 -2.847399e-07 0.000000e+00 0.000000e+00 0.000000e+00 
2.326804e+02 2.497790e+02 1.000000e+00 1.092385e-09 -9.196945e-08 -2.846322e-07 0.000000e+00 0.000000e+00 0.000000e+00 
2.337448e+02 2.497790e+02 1.000000e+00 1.023935e-09 -9.198923e-08 -2.845311e-07 0.000000e+00 0.000000e+00 0.000000e+00 
2.348091e+02 2.497790e+02 1.000000e+00 9.557379e-10 -9.200774e-08 -2.844365e-07 0.000000e+00 0.000000e+00 0.000000e+00 
2.358735e+02 2.497790e+02 1.000000e+00 8.877762e-10 -9.202501e-08 -2.843484e-07 0.000000e+00 0.000000e+00 0.000000e+00 
2.369378e+02 2.497790e+02 1.000000e+00 8.200331e-10 -9.204101e-08 -2.842668e-07 0.000000e+00 0.000000e+00 0.000000e+00 
2.380022e+02 2.497790e+02 1.000000e+00 7.524915e-10 -9.205577e-08 -2.841916e-07 0.000000e+00 0.000000e+00 0.000000e+00 
2.390665e+02 2.497790e+02 1.000000e+00 6.851350e-10 -9.206926e-08 -2.841229e-07 0.000000e+00 0.000000e+00 0.000000e+00 
2.401309e+02 2.497790e+02 1.000000e+00 6.179466e-10 -9.208151e-08 -2.840607e-07 0.000000e+00 0.000000e+00 0.000000e+00 
2.411952e+02 2.497790e+02 1.000000e+00 5.509099e-10 -9.209250e-08 -2.840048e-07 0.000000e+00 0.000000e+00 0.000000e+00 
2.422596e+02 2.497790e+02 1.000000e+00 4.840079e-10 -9.210224e-08 -2.839553e-07 0.000000e+00 0.000000e+00 0.000000e+00 
2.433239e+02 2.497790e+02 1.000000e+00 4.172241e-10 -9.211072e-08 -2.839123e-07 0.000000e+00 0.000000e+00 0.000000e+00 
2.443883e+02 2.497790e+02 1.000000e+00 3.505428e-10 -9.211795e-08 -2.838756e-07 0.000000e+00 0.000000e+00 0.000000e+00 
2.454526e+02 2.497790e+02 1.000000e+00 2.839469e-10 -9.212393e-08 -2.838453e-07 0.000000e+00 0.000000e+00 0.000000e+00 
2.465170e+02 2.497790e+02 1.000000e+00 2.174206e-10 -9.212865e-08 -2.838213e-07 0.000000e+00 0.000000e+00 0.000000e+00 
2.475813e+02 2.497790e+02 1.000000e+00 1.509471e-10 -9.213213e-08 -2.838037e-07 0.000000e+00 0.000000e+00 0.000000e+00 
2.486457e+02 2.497790e+02 1.000000e+00 8.451042e-11 -9.213435e-08 -2.837925e-07 0.000000e+00 0.000000e+00 0.000000e+00 
2.497100e+02 2.497790e+02 1.000000e+00 1.809485e-11 -9.213531e-08 -2.837875e-07 0.000000e+00 0.000000e+00 0.000000e+00 
2.507743e+02 2.497790e+02 1.000000e+00 -4.831672e-11 -9.213503e-08 -2.837890e-07 0.000000e+00 0.000000e+00 0.000000e+00 
2.518387e+02 2.497790e+02 1.000000e+00 -1.147399e-10 -9.213349e-08 -2.837968e-07 0.000000e+00 0.000000e+00 0.000000e+00 
2.529030e+02 2.497790e+02 1.000000e+00 -1.811915e-10 -9.213070e-08 -2.838109e-07 0.000000e+00 0.000000e+00 0.000000e+00 
2.539674e+02 2.497790e+02 1.000000e+00 -2.476869e-10 -9.212666e-08 -2.838314e-07 0.000000e+00 0.000000e+00 0.000000e+00 
2.550317e+02 2.497790e+02 1.000000e+00 -3.142427e-10 -9.212136e-08 -2.838583e-07 0.000000e+00 0.000000e+00 0.000000e+00 
2.560961e+02 2.497790e+02 1.000000e+00 -3.808759e-10 -9.211482e-08 -2.838915e-07 0.000000e+00 0.000000e+00 0.000000e+00 
2.571604e+02 2.497790e+02 1.000000e+00 -4.476016e-10 -9.210702e-08 -2.839311e-07 0.000000e+00 0.000000e+00 0.000000e+00 
2.582248e+02 2.497790e+02 1.000000e+00 -5.144370e-10 -9.209796e-08 -2.839771e-07 0.000000e+00 0.000000e+00 0.000000e+00 
2.592891e+02 2.497790e+02 1.000000e+00 -5.813981e-10 -9.208765e-08 -2.840294e-07 0.000000e+00 0.000000e+00 0.000000e+00 
2.603535e+02 2.497790e+02 1.000000e+00 -6.485019e-10 -9.207609e-08 -2.840882e-07 0.000000e+00 0.000000e+00 0.000000e+00 
2.614178e+02 2.497790e+02 1.000000e+00 -7.157650e-10 -9.206328e-08 -2.841534e-07 0.000000e+00 0.000000e+00 0.000000e+00 
2.624822e+02 2.497790e+02 1.000000e+00 -7.832036e-10 -9.204921e-08 -2.842250e-07 0.000000e+00 0.000000e+00 0.000000e+00 
2.635465e+02 2.497790e+02 1.000000e+00 -8.508346e-10 -9.203388e-08 -2.843031e-07 0.000000e+00 0.000000e+00 0.000000e+00 
2.646109e+02 2.497790e+02 1.000000e+00 -9.186751e-10 -9.201731e-08 -2.843877e-07 0.000000e+00 0.000000e+00 0.000000e+00 
2.656752e+02 2.497790e+02 1.000000e+00 -9.867420e-10 -9.199947e-08 -2.844787e-07 0.000000e+00 0.000000e+00 0.000000e+00 
2.667396e+02 2.497790e+02 1.000000e+00 -1.055052e-09 -9.198039e-08 -2.845763e-07 0.000000e+00 0.000000e+00 0.000000e+00 
2.678039e+02 2.497790e+02 1.000000e+00 -1.123623e-09 -9.196004e-08 -2.846804e-07 0.000000e+00 0.000000e+00 0.000000e+00 
2.688683e+02 2.497790e+02 1.000000e+00 -1.192472e-09 -9.193844e-08 -2.847911e-07 0.000000e+00 0.000000e+00 0.000000e+00 
2.699326e+02 2.497790e+02 1.000000e+00 -1.261616e-09 -9.191558e-08 -2.849084e-07 0.000000e+00 0.000000e+00 0.000000e+00 
2.709970e+02 2.497790e+02 1.000000e+00 -1.331074e-09 -9.189147e-08 -2.850322e-07 0.000000e+00 0.000000e+00 0.000000e+00 
2.720613e+02 2.497790e+02 1.000000e+00 -1.400863e-09 -9.186609e-08 -2.851628e-07 0.000000e+00 0.000000e+00 0.000000e+00 
2.731257e+02 2.497790e+02 1.000000e+00 -1.471001e-09 -9.183946e-08 -2.853000e-07 0.000000e+00 0.000000e+00 0.000000e+00 
2.741900e+02 2.497790e+02 1.000000e+00 -1.541507e-09 -9.181157e-08 -2.854440e-07 0.000000e+00 0.000000e+00 0.000000e+00 
