# 1,2,3, 4    , 5    , 6    , 7    , 8    , 9     
# x,y,z, Bx_si, By_si, Bz_si, Bx_th, By_th, Bz_th 
1.247790e+02 1.002300e+02 1.208033e+00 4.021749e-07 1.991428e-06 -3.846082e-06 0.000000e+00 0.000000e+00 0.000000e+00 
1.247790e+02 1.012943e+02 2.255333e+00 4.812103e-07 1.803342e-06 -4.613772e-06 0.000000e+00 0.000000e+00 0.000000e+00 
1.247790e+02 1.023587e+02 3.211699e+00 5.630515e-07 1.331816e-06 -5.407074e-06 0.000000e+00 0.000000e+00 0.000000e+00 
1.247790e+02 1.034230e+02 4.009106e+00 6.293202e-07 5.152273e-07 -6.048879e-06 0.000000e+00 0.000000e+00 0.000000e+00 
1.247790e+02 1.044874e+02 4.590834e+00 6.576843e-07 -5.493571e-07 -6.324355e-06 0.000000e+00 0.000000e+00 0.000000e+00 
1.247790e+02 1.055517e+02 4.915504e+00 6.404535e-07 -1.630655e-06 -6.159212e-06 0.000000e+00 0.000000e+00 0.000000e+00 
1.247790e+02 1.066161e+02 4.960022e+00 5.852170e-07 -2.561324e-06 -5.625854e-06 0.000000e+00 0.000000e+00 0.000000e+00 
1.247790e+02 1.076804e+02 4.721222e+00 4.989327e-07 -3.245660e-06 -4.790913e-06 0.000000e+00 0.000000e+00 0.000000e+00 
1.247790e+02 1.087448e+02 4.216089e+00 3.908164e-07 -3.553581e-06 -3.742938e-06 0.000000e+00 0.000000e+00 0.000000e+00 
1.247790e+02 1.098091e+02 3.480554e+00 2.831115e-07 -3.407615e-06 -2.695601e-06 0.000000e+00 0.000000e+00 0.000000e+00 
1.247790e+02 1.108735e+02 2.566936e+00 1.985152e-07 -2.918662e-06 -1.867165e-06 0.000000e+00 0.000000e+00 0.000000e+00 
1.247790e+02 1.119378e+02 1.540221e+00 1.429889e-07 -2.286434e-06 -1.315685e-06 0.000000e+00 0.000000e+00 0.000000e+00 
1.247790e+02 1.130022e+02 4.734399e-01 1.110356e-07 -1.644886e-06 -9.895248e-07 0.000000e+00 0.000000e+00 0.000000e+00 
1.247790e+02 1.140665e+02 -5.575273e-01 9.505228e-08 -1.055214e-06 -8.169122e-07 0.000000e+00 0.000000e+00 0.000000e+00 
1.247790e+02 1.151309e+02 -1.479347e+00 8.972671e-08 -5.345302e-07 -7.479966e-07 0.000000e+00 0.000000e+00 0.000000e+00 
1.247790e+02 1.161952e+02 -2.226450e+00 9.188223e-08 -8.670215e-08 -7.532801e-07 0.000000e+00 0.000000e+00 0.000000e+00 
1.247790e+02 1.172596e+02 -2.745694e+00 1.001672e-07 2.949718e-07 -8.205731e-07 0.000000e+00 0.000000e+00 0.000000e+00 
1.247790e+02 1.183239e+02 -3.000146e+00 1.141570e-07 6.183490e-07 -9.463332e-07 0.000000e+00 0.000000e+00 0.000000e+00 
1.247790e+02 1.193883e+02 -2.971705e+00 1.341719e-07 8.932670e-07 -1.133889e-06 0.000000e+00 0.000000e+00 0.000000e+00 
1.247790e+02 1.204526e+02 -2.662395e+00 1.608676e-07 1.128990e-06 -1.389498e-06 0.000000e+00 0.000000e+00 0.000000e+00 
1.247790e+02 1.215170e+02 -2.094218e+00 1.951156e-07 1.331258e-06 -1.721201e-06 0.000000e+00 0.000000e+00 0.000000e+00 
1.247790e+02 1.225813e+02 -1.307588e+00 2.380315e-07 1.500395e-06 -2.139119e-06 0.000000e+00 0.000000e+00 0.000000e+00 
1.247790e+02 1.236457e+02 -3.584581e-01 2.906379e-07 1.623378e-06 -2.652250e-06 0.000000e+00 0.000000e+00 0.000000e+00 
1.247790e+02 1.247100e+02 6.856592e-01 3.542782e-07 1.670074e-06 -3.272499e-06 0.000000e+00 0.000000e+00 0.000000e+00 
1.247790e+02 1.257743e+02 1.750496e+00 4.289546e-07 1.579595e-06 -3.998814e-06 0.000000e+00 0.000000e+00 0.000000e+00 
1.247790e+02 1.268387e+02 2.760309e+00 5.111303e-07 1.259512e-06 -4.796204e-06 0.000000e+00 0.000000e+00 0.000000e+00 
1.247790e+02 1.279030e+02 3.643270e+00 5.879592e-07 6.106830e-07 -5.540519e-06 0.000000e+00 0.000000e+00 0.000000e+00 
1.247790e+02 1.289674e+02 4.336574e+00 6.372276e-07 -3.581024e-07 -6.017962e-06 0.000000e+00 0.000000e+00 0.000000e+00 
1.247790e+02 1.300317e+02 4.790906e+00 6.419175e-07 -1.460382e-06 -6.064737e-06 0.000000e+00 0.000000e+00 0.000000e+00 
1.247790e+02 1.310961e+02 4.973949e+00 6.041181e-07 -2.478643e-06 -5.700412e-06 0.000000e+00 0.000000e+00 0.000000e+00 
1.247790e+02 1.321604e+02 4.872682e+00 5.323473e-07 -3.297034e-06 -5.006445e-06 0.000000e+00 0.000000e+00 0.000000e+00 
1.247790e+02 1.332248e+02 4.494310e+00 4.329611e-07 -3.807428e-06 -4.043857e-06 0.000000e+00 0.000000e+00 0.000000e+00 
1.247790e+02 1.342891e+02 3.865746e+00 3.216711e-07 -3.882535e-06 -2.963611e-06 0.000000e+00 0.000000e+00 0.000000e+00 
1.247790e+02 1.353535e+02 3.031700e+00 2.237861e-07 -3.537829e-06 -2.008910e-06 0.000000e+00 0.000000e+00 0.000000e+00 
1.247790e+02 1.364178e+02 2.051498e+00 1.543654e-07 -2.954831e-06 -1.324932e-06 0.000000e+00 0.000000e+00 0.000000e+00 
1.247790e+02 1.374822e+02 9.948617e-01 1.118378e-07 -2.307168e-06 -8.976258e-07 0.000000e+00 0.000000e+00 0.000000e+00 
1.247790e+02 1.385465e+02 -6.304897e-02 8.889004e-08 -1.689672e-06 -6.579849e-07 0.000000e+00 0.000000e+00 0.000000e+00 
1.247790e+02 1.396109e+02 -1.046985e+00 7.881424e-08 -1.135858e-06 -5.428033e-07 0.000000e+00 0.000000e+00 0.000000e+00 
1.247790e+02 1.406752e+02 -1.886958e+00 7.763891e-08 -6.548202e-07 -5.150171e-07 0.000000e+00 0.000000e+00 0.000000e+00 
1.247790e+02 1.417396e+02 -2.523220e+00 8.300503e-08 -2.431519e-07 -5.528586e-07 0.000000e+00 0.000000e+00 0.000000e+00 
1.247790e+02 1.428039e+02 -2.910514e+00 9.418596e-08 1.054164e-07 -6.499904e-07 0.000000e+00 0.000000e+00 0.000000e+00 
1.247790e+02 1.438683e+02 -3.021292e+00 1.111741e-07 4.007403e-07 -8.067109e-07 0.000000e+00 0.000000e+00 0.000000e+00 
1.247790e+02 1.449326e+02 -2.847674e+00 1.344686e-07 6.524587e-07 -1.027901e-06 0.000000e+00 0.000000e+00 0.000000e+00 
1.247790e+02 1.459970e+02 -2.402009e+00 1.648721e-07 8.685818e-07 -1.321067e-06 0.000000e+00 0.000000e+00 0.000000e+00 
1.247790e+02 1.470613e+02 -1.715998e+00 2.032931e-07 1.052801e-06 -1.694465e-06 0.000000e+00 0.000000e+00 0.000000e+00 
1.247790e+02 1.481257e+02 -8.384368e-01 2.509382e-07 1.198263e-06 -2.158967e-06 0.000000e+00 0.000000e+00 0.000000e+00 
1.247790e+02 1.491900e+02 1.682530e-01 3.089499e-07 1.286332e-06 -2.724636e-06 0.000000e+00 0.000000e+00 0.000000e+00 
