# 1, 2, 3, 4   , 5   , 6   , 7   , 8   , 9   , 10  
# x, y, z, Bx_si, By_si, Bz_si, In_si, Ic_si, Dc_si, dmeas 
5.053365e+05 4.183192e+06 1.551381e+03 -2.725178e-07 2.080242e-08 1.138059e-06 1.170417e-06 7.649587e+01 1.756348e+02 0.000000e+00 
5.053361e+05 4.183193e+06 1.551381e+03 -2.724968e-07 2.200750e-08 1.135581e-06 1.168025e-06 7.646398e+01 1.753827e+02 1.109158e+00 
5.053363e+05 4.183194e+06 1.551381e+03 -2.725826e-07 2.138571e-08 1.132835e-06 1.165364e-06 7.643065e+01 1.755140e+02 2.089969e+00 
5.053370e+05 4.183196e+06 1.551381e+03 -2.729305e-07 1.913503e-08 1.126710e-06 1.159454e-06 7.635098e+01 1.759896e+02 4.386197e+00 
5.053369e+05 4.183197e+06 1.551381e+03 -2.730962e-07 1.915588e-08 1.124419e-06 1.157267e-06 7.631619e+01 1.759877e+02 5.341239e+00 
5.053369e+05 4.183199e+06 1.551381e+03 -2.733744e-07 1.901852e-08 1.121458e-06 1.154453e-06 7.626850e+01 1.760204e+02 6.606239e+00 
5.053369e+05 4.183201e+06 1.551381e+03 -2.739625e-07 1.886408e-08 1.116873e-06 1.150138e-06 7.618641e+01 1.760610e+02 8.692424e+00 
5.053390e+05 4.183203e+06 1.551381e+03 -2.749771e-07 1.297623e-08 1.111090e-06 1.144684e-06 7.608463e+01 1.772982e+02 1.173808e+01 
5.053384e+05 4.183204e+06 1.551381e+03 -2.754835e-07 1.426924e-08 1.108962e-06 1.142756e-06 7.603125e+01 1.770349e+02 1.309570e+01 
5.053373e+05 4.183207e+06 1.551381e+03 -2.766526e-07 1.710681e-08 1.105247e-06 1.139473e-06 7.592135e+01 1.764616e+02 1.583510e+01 
5.053373e+05 4.183208e+06 1.551381e+03 -2.776259e-07 1.702897e-08 1.102621e-06 1.137163e-06 7.584193e+01 1.764900e+02 1.745550e+01 
5.053372e+05 4.183209e+06 1.551381e+03 -2.781982e-07 1.705098e-08 1.101291e-06 1.136013e-06 7.579752e+01 1.764927e+02 1.833363e+01 
5.053371e+05 4.183210e+06 1.551381e+03 -2.789625e-07 1.727495e-08 1.099734e-06 1.134696e-06 7.574022e+01 1.764564e+02 1.945056e+01 
5.053382e+05 4.183211e+06 1.551381e+03 -2.795837e-07 1.420583e-08 1.098032e-06 1.133156e-06 7.569708e+01 1.770913e+02 2.079513e+01 
5.053393e+05 4.183214e+06 1.551381e+03 -2.823042e-07 1.133098e-08 1.093363e-06 1.129278e-06 7.551137e+01 1.777015e+02 2.412099e+01 
5.053396e+05 4.183215e+06 1.551381e+03 -2.828842e-07 1.038598e-08 1.092487e-06 1.128565e-06 7.547354e+01 1.778974e+02 2.482101e+01 
5.053385e+05 4.183217e+06 1.551381e+03 -2.853565e-07 1.297499e-08 1.090236e-06 1.127037e-06 7.531804e+01 1.773966e+02 2.762058e+01 
5.053390e+05 4.183218e+06 1.551381e+03 -2.858031e-07 1.175448e-08 1.089603e-06 1.126524e-06 7.529052e+01 1.776449e+02 2.823408e+01 
5.053396e+05 4.183219e+06 1.551381e+03 -2.869977e-07 1.013211e-08 1.088310e-06 1.125562e-06 7.521809e+01 1.779781e+02 2.944485e+01 
5.053401e+05 4.183219e+06 1.551381e+03 -2.874795e-07 8.828533e-09 1.087736e-06 1.125119e-06 7.518903e+01 1.782410e+02 3.010068e+01 
5.053404e+05 4.183220e+06 1.551381e+03 -2.887464e-07 8.068200e-09 1.086699e-06 1.124435e-06 7.511423e+01 1.783994e+02 3.119379e+01 
5.053408e+05 4.183221e+06 1.551381e+03 -2.898368e-07 7.181857e-09 1.085864e-06 1.123903e-06 7.505076e+01 1.785806e+02 3.212845e+01 
5.053416e+05 4.183223e+06 1.551381e+03 -2.920306e-07 5.301115e-09 1.084401e-06 1.123047e-06 7.492537e+01 1.789600e+02 3.395075e+01 
5.053423e+05 4.183225e+06 1.551381e+03 -2.950759e-07 3.576375e-09 1.082862e-06 1.122351e-06 7.475613e+01 1.793056e+02 3.620694e+01 
5.053427e+05 4.183226e+06 1.551381e+03 -2.969609e-07 2.600568e-09 1.082107e-06 1.122117e-06 7.465363e+01 1.794983e+02 3.751676e+01 
5.053433e+05 4.183227e+06 1.551381e+03 -2.986510e-07 1.187749e-09 1.081522e-06 1.122000e-06 7.456295e+01 1.797721e+02 3.874774e+01 
5.053436e+05 4.183228e+06 1.551381e+03 -3.008297e-07 3.899615e-10 1.080935e-06 1.122016e-06 7.444783e+01 1.799257e+02 4.011369e+01 
5.053443e+05 4.183230e+06 1.551381e+03 -3.030556e-07 -1.014413e-09 1.080473e-06 1.122170e-06 7.433195e+01 -1.798082e+02 4.154883e+01 
5.053446e+05 4.183231e+06 1.551381e+03 -3.045266e-07 -1.683550e-09 1.080237e-06 1.122342e-06 7.425625e+01 -1.796832e+02 4.242556e+01 
5.053447e+05 4.183232e+06 1.551381e+03 -3.064399e-07 -1.917058e-09 1.079977e-06 1.122612e-06 7.415859e+01 -1.796416e+02 4.346382e+01 
5.053448e+05 4.183232e+06 1.551381e+03 -3.082056e-07 -2.186477e-09 1.079795e-06 1.122922e-06 7.406930e+01 -1.795935e+02 4.439416e+01 
5.053452e+05 4.183234e+06 1.551381e+03 -3.109456e-07 -2.873658e-09 1.079627e-06 1.123517e-06 7.393231e+01 -1.794705e+02 4.581002e+01 
5.053464e+05 4.183236e+06 1.551381e+03 -3.146399e-07 -5.367447e-09 1.079745e-06 1.124667e-06 7.375153e+01 -1.790227e+02 4.795623e+01 
5.053475e+05 4.183236e+06 1.551381e+03 -3.154195e-07 -7.795530e-09 1.080116e-06 1.125256e-06 7.371624e+01 -1.785842e+02 4.918151e+01 
5.053483e+05 4.183237e+06 1.551381e+03 -3.181679e-07 -9.324123e-09 1.080480e-06 1.126390e-06 7.358526e+01 -1.783214e+02 5.065509e+01 
5.053493e+05 4.183238e+06 1.551381e+03 -3.202658e-07 -1.125628e-08 1.081058e-06 1.127556e-06 7.348832e+01 -1.779871e+02 5.200712e+01 
5.053500e+05 4.183239e+06 1.551381e+03 -3.223557e-07 -1.271017e-08 1.081629e-06 1.128715e-06 7.339229e+01 -1.777421e+02 5.318489e+01 
5.053505e+05 4.183240e+06 1.551381e+03 -3.255275e-07 -1.363627e-08 1.082229e-06 1.130209e-06 7.324518e+01 -1.776013e+02 5.459614e+01 
5.053503e+05 4.183241e+06 1.551381e+03 -3.275420e-07 -1.308302e-08 1.082263e-06 1.130817e-06 7.314913e+01 -1.777126e+02 5.540385e+01 
5.053507e+05 4.183242e+06 1.551381e+03 -3.304730e-07 -1.368316e-08 1.082846e-06 1.132235e-06 7.301467e+01 -1.776290e+02 5.659448e+01 
5.053512e+05 4.183243e+06 1.551381e+03 -3.323831e-07 -1.461009e-08 1.083471e-06 1.133402e-06 7.292972e+01 -1.774832e+02 5.748674e+01 
5.053519e+05 4.183244e+06 1.551381e+03 -3.344268e-07 -1.594337e-08 1.084344e-06 1.134856e-06 7.284118e+01 -1.772706e+02 5.854773e+01 
5.053519e+05 4.183244e+06 1.551381e+03 -3.355892e-07 -1.580518e-08 1.084480e-06 1.135327e-06 7.278753e+01 -1.773035e+02 5.895926e+01 
5.053526e+05 4.183245e+06 1.551381e+03 -3.364867e-07 -1.714080e-08 1.085241e-06 1.136339e-06 7.275257e+01 -1.770838e+02 5.974040e+01 
5.053541e+05 4.183246e+06 1.551381e+03 -3.400938e-07 -1.989362e-08 1.087350e-06 1.139469e-06 7.260383e+01 -1.766523e+02 6.174331e+01 
5.053540e+05 4.183246e+06 1.551381e+03 -3.404348e-07 -1.978151e-08 1.087359e-06 1.139577e-06 7.258794e+01 -1.766745e+02 6.186275e+01 
5.053542e+05 4.183249e+06 1.551381e+03 -3.487013e-07 -1.948979e-08 1.089036e-06 1.143666e-06 7.221935e+01 -1.768009e+02 6.452938e+01 
5.053546e+05 4.183250e+06 1.551381e+03 -3.513686e-07 -2.016237e-08 1.090082e-06 1.145489e-06 7.210667e+01 -1.767158e+02 6.548016e+01 
5.053544e+05 4.183252e+06 1.551381e+03 -3.587083e-07 -1.933375e-08 1.091459e-06 1.149055e-06 7.178221e+01 -1.769148e+02 6.761754e+01 
5.053554e+05 4.183253e+06 1.551381e+03 -3.633517e-07 -2.088008e-08 1.093728e-06 1.152694e-06 7.159452e+01 -1.767111e+02 6.929204e+01 
5.053556e+05 4.183254e+06 1.551381e+03 -3.670779e-07 -2.091979e-08 1.094822e-06 1.154911e-06 7.143643e+01 -1.767382e+02 7.031429e+01 
5.053560e+05 4.183255e+06 1.551381e+03 -3.696829e-07 -2.150828e-08 1.096005e-06 1.156873e-06 7.133139e+01 -1.766703e+02 7.113583e+01 
5.053563e+05 4.183255e+06 1.551381e+03 -3.714498e-07 -2.200386e-08 1.096900e-06 1.158296e-06 7.126154e+01 -1.766099e+02 7.171907e+01 
5.053568e+05 4.183256e+06 1.551381e+03 -3.735173e-07 -2.265422e-08 1.098027e-06 1.160040e-06 7.118108e+01 -1.765292e+02 7.242183e+01 
