# 1      , 2      , 3      , 4    , 5     , 6      , 7      , 8      ,                    9              , 10  , 11  , 12  , 13    , 14      
# IGRF_In, IGRF_Ic, IGRF_Dc, dmeas, height, In_siB0, Ic_siB0, Dc_siB0,                    height m (-poh), In_m, Ic_m, Dc_m, min hP, max hP  
4.520184e-05 5.352726e+01 3.334743e+00 0.000000e+00 1.547882e+03 4.482810e-05 5.286110e+01 2.226703e+00 1.552300e+03 4.353768e+01 5.781521e+01 -5.212395e+00 1.547647e+03 1.552864e+03 
4.520184e-05 5.352726e+01 3.334743e+00 1.109158e+00 1.547924e+03 4.478725e-05 5.280923e+01 2.200712e+00 1.552600e+03 3.987085e+01 5.727997e+01 -4.083054e+00 1.547647e+03 1.552864e+03 
4.520184e-05 5.352726e+01 3.334743e+00 2.089969e+00 1.547876e+03 4.472515e-05 5.273665e+01 2.157201e+00 1.552600e+03 3.826711e+01 5.504905e+01 -1.210089e+00 1.547647e+03 1.552864e+03 
4.520184e-05 5.352726e+01 3.334743e+00 4.386197e+00 1.547691e+03 4.456643e-05 5.245020e+01 1.995038e+00 1.553000e+03 4.166938e+01 5.002067e+01 1.659344e+00 1.547647e+03 1.552864e+03 
4.520184e-05 5.352726e+01 3.334743e+00 5.341239e+00 1.547659e+03 4.457037e-05 5.225851e+01 1.977797e+00 1.553300e+03 4.160754e+01 5.124641e+01 8.572761e-01 1.547647e+03 1.552864e+03 
4.520184e-05 5.352726e+01 3.334743e+00 6.606239e+00 1.547647e+03 4.470689e-05 5.201707e+01 2.006886e+00 1.553200e+03 4.161764e+01 5.081797e+01 7.344463e-01 1.547647e+03 1.552864e+03 
4.520184e-05 5.352726e+01 3.334743e+00 8.692424e+00 1.547869e+03 4.493107e-05 5.197454e+01 2.213949e+00 1.552800e+03 4.226129e+01 5.035841e+01 1.336666e+00 1.547647e+03 1.552864e+03 
4.520184e-05 5.352726e+01 3.334743e+00 1.173808e+01 1.547862e+03 4.518683e-05 5.168274e+01 2.017484e+00 1.552200e+03 4.342903e+01 5.089292e+01 5.854043e-01 1.547647e+03 1.552864e+03 
4.520184e-05 5.352726e+01 3.334743e+00 1.309570e+01 1.548304e+03 4.561121e-05 5.162765e+01 1.989294e+00 1.552300e+03 4.354446e+01 5.127218e+01 -5.796419e-01 1.547647e+03 1.552864e+03 
4.520184e-05 5.352726e+01 3.334743e+00 1.583510e+01 1.549374e+03 4.600580e-05 5.213831e+01 1.962536e+00 1.551800e+03 4.281149e+01 5.028559e+01 nan 1.547647e+03 1.552864e+03 
4.520184e-05 5.352726e+01 3.334743e+00 1.745550e+01 1.549998e+03 4.599062e-05 5.276809e+01 1.883653e+00 1.549900e+03 4.190736e+01 4.865904e+01 nan 1.547647e+03 1.552864e+03 
4.520184e-05 5.352726e+01 3.334743e+00 1.833363e+01 1.550160e+03 4.583226e-05 5.292395e+01 1.929499e+00 1.549900e+03 4.393483e+01 4.671846e+01 nan 1.547647e+03 1.552864e+03 
4.520184e-05 5.352726e+01 3.334743e+00 1.945056e+01 1.550359e+03 4.569366e-05 5.292866e+01 1.982587e+00 1.549600e+03 4.674934e+01 4.537959e+01 nan 1.547647e+03 1.552864e+03 
4.520184e-05 5.352726e+01 3.334743e+00 2.079513e+01 1.550311e+03 4.572251e-05 5.293961e+01 1.848903e+00 1.548700e+03 4.817890e+01 4.864617e+01 nan 1.547647e+03 1.552864e+03 
4.520184e-05 5.352726e+01 3.334743e+00 2.412099e+01 1.550803e+03 4.607239e-05 5.265411e+01 1.407273e+00 1.549200e+03 4.277645e+01 5.593686e+01 -5.053843e+00 1.547647e+03 1.552864e+03 
4.520184e-05 5.352726e+01 3.334743e+00 2.482101e+01 1.550938e+03 4.616150e-05 5.275333e+01 1.166674e+00 1.548600e+03 4.192744e+01 5.463751e+01 -3.130853e+00 1.547647e+03 1.552864e+03 
4.520184e-05 5.352726e+01 3.334743e+00 2.762058e+01 1.552148e+03 4.670170e-05 5.366912e+01 1.279179e+00 1.548100e+03 4.081368e+01 4.856268e+01 nan 1.547647e+03 1.552864e+03 
4.520184e-05 5.352726e+01 3.334743e+00 2.823408e+01 1.552201e+03 4.661682e-05 5.388207e+01 8.931324e-01 1.548300e+03 4.197605e+01 4.917169e+01 nan 1.547647e+03 1.552864e+03 
4.520184e-05 5.352726e+01 3.334743e+00 2.944485e+01 1.552213e+03 4.612534e-05 5.421135e+01 5.207348e-01 1.548800e+03 4.319602e+01 4.761272e+01 nan 1.547647e+03 1.552864e+03 
4.520184e-05 5.352726e+01 3.334743e+00 3.010068e+01 1.552007e+03 4.585546e-05 5.413033e+01 4.043822e-01 1.549500e+03 4.467670e+01 4.843744e+01 nan 1.547647e+03 1.552864e+03 
4.520184e-05 5.352726e+01 3.334743e+00 3.119379e+01 1.551902e+03 4.558217e-05 5.399714e+01 5.683956e-01 1.550700e+03 4.613363e+01 4.832292e+01 1.072961e+00 1.547647e+03 1.552864e+03 
4.520184e-05 5.352726e+01 3.334743e+00 3.212845e+01 1.551776e+03 4.543776e-05 5.383543e+01 7.138800e-01 1.551200e+03 4.762762e+01 4.876233e+01 6.636870e-01 1.547647e+03 1.552864e+03 
4.520184e-05 5.352726e+01 3.334743e+00 3.395075e+01 1.551513e+03 4.529430e-05 5.356636e+01 9.860459e-01 1.552400e+03 4.670381e+01 5.626456e+01 -5.395147e+00 1.547647e+03 1.552864e+03 
4.520184e-05 5.352726e+01 3.334743e+00 3.620694e+01 1.551336e+03 4.526645e-05 5.335373e+01 1.356676e+00 1.552500e+03 4.324354e+01 5.495205e+01 -3.603815e+00 1.547647e+03 1.552864e+03 
4.520184e-05 5.352726e+01 3.334743e+00 3.751676e+01 1.551263e+03 4.529628e-05 5.331493e+01 1.572353e+00 1.551900e+03 4.238439e+01 5.198721e+01 -3.964541e-01 1.547647e+03 1.552864e+03 
4.520184e-05 5.352726e+01 3.334743e+00 3.874774e+01 1.551132e+03 4.526766e-05 5.325975e+01 1.824001e+00 1.551900e+03 4.326132e+01 5.100365e+01 -4.327228e-01 1.547647e+03 1.552864e+03 
4.520184e-05 5.352726e+01 3.334743e+00 4.011369e+01 1.551113e+03 4.523867e-05 5.322132e+01 2.197383e+00 1.551800e+03 4.645129e+01 5.057301e+01 7.253006e-01 1.547647e+03 1.552864e+03 
4.520184e-05 5.352726e+01 3.334743e+00 4.154883e+01 1.551063e+03 4.527382e-05 5.317363e+01 2.690591e+00 1.552300e+03 4.607389e+01 5.460160e+01 -2.642047e+00 1.547647e+03 1.552864e+03 
4.520184e-05 5.352726e+01 3.334743e+00 4.242556e+01 1.551090e+03 4.528079e-05 5.312235e+01 2.888273e+00 1.552700e+03 4.476367e+01 5.434301e+01 -3.085848e+00 1.547647e+03 1.552864e+03 
4.520184e-05 5.352726e+01 3.334743e+00 4.346382e+01 1.551165e+03 4.527207e-05 5.294751e+01 3.049941e+00 1.552600e+03 4.389756e+01 5.445308e+01 -3.533781e+00 1.547647e+03 1.552864e+03 
4.520184e-05 5.352726e+01 3.334743e+00 4.439416e+01 1.551241e+03 4.538434e-05 5.269994e+01 3.191061e+00 1.552900e+03 4.368428e+01 5.406905e+01 nan 1.547647e+03 1.552864e+03 
4.520184e-05 5.352726e+01 3.334743e+00 4.581002e+01 1.551563e+03 4.599370e-05 5.257269e+01 3.028676e+00 1.551900e+03 4.368959e+01 5.270083e+01 nan 1.547647e+03 1.552864e+03 
4.520184e-05 5.352726e+01 3.334743e+00 4.795623e+01 1.552328e+03 4.667916e-05 5.353857e+01 2.183289e+00 1.551400e+03 4.399394e+01 5.327664e+01 nan 1.547647e+03 1.552864e+03 
4.520184e-05 5.352726e+01 3.334743e+00 4.918151e+01 1.552435e+03 4.665930e-05 5.400131e+01 1.813820e+00 1.550800e+03 4.367460e+01 5.322815e+01 nan 1.547647e+03 1.552864e+03 
4.520184e-05 5.352726e+01 3.334743e+00 5.065509e+01 1.552834e+03 4.652683e-05 5.488074e+01 1.039701e+00 1.551000e+03 4.351774e+01 5.242585e+01 nan 1.547647e+03 1.552864e+03 
4.520184e-05 5.352726e+01 3.334743e+00 5.200712e+01 1.552864e+03 4.565055e-05 5.545649e+01 1.800091e-01 1.551400e+03 4.557013e+01 5.024710e+01 nan 1.547647e+03 1.552864e+03 
4.520184e-05 5.352726e+01 3.334743e+00 5.318489e+01 1.552192e+03 4.450521e-05 5.519575e+01 9.671221e-02 1.551600e+03 4.678140e+01 5.269331e+01 nan 1.547647e+03 1.552864e+03 
4.520184e-05 5.352726e+01 3.334743e+00 5.459614e+01 1.551406e+03 4.393831e-05 5.423899e+01 8.575917e-01 1.551800e+03 4.599173e+01 5.305709e+01 nan 1.547647e+03 1.552864e+03 
4.520184e-05 5.352726e+01 3.334743e+00 5.540385e+01 1.551218e+03 4.389516e-05 5.394044e+01 1.112765e+00 1.552100e+03 4.637953e+01 5.274782e+01 3.304738e-01 1.547647e+03 1.552864e+03 
4.520184e-05 5.352726e+01 3.334743e+00 5.659448e+01 1.550591e+03 4.385428e-05 5.328640e+01 1.617881e+00 1.551900e+03 4.776897e+01 5.240233e+01 -8.538434e-01 1.547647e+03 1.552864e+03 
4.520184e-05 5.352726e+01 3.334743e+00 5.748674e+01 1.550053e+03 4.392032e-05 5.276870e+01 1.958253e+00 1.551800e+03 4.807021e+01 5.712718e+01 -4.353175e+00 1.547647e+03 1.552864e+03 
4.520184e-05 5.352726e+01 3.334743e+00 5.854773e+01 1.549563e+03 4.413563e-05 5.233909e+01 2.319198e+00 1.551400e+03 4.589081e+01 5.898082e+01 -6.121281e+00 1.547647e+03 1.552864e+03 
4.520184e-05 5.352726e+01 3.334743e+00 5.895926e+01 1.549554e+03 4.425088e-05 5.237466e+01 2.409074e+00 1.551700e+03 4.356018e+01 5.950935e+01 -6.913643e+00 1.547647e+03 1.552864e+03 
4.520184e-05 5.352726e+01 3.334743e+00 5.974040e+01 1.549266e+03 4.440700e-05 5.212871e+01 2.839515e+00 1.550500e+03 4.074193e+01 5.831165e+01 -6.487161e+00 1.547647e+03 1.552864e+03 
4.520184e-05 5.352726e+01 3.334743e+00 6.174331e+01 1.548928e+03 4.488849e-05 5.221169e+01 3.601690e+00 1.549900e+03 3.948083e+01 5.345350e+01 -1.846810e+00 1.547647e+03 1.552864e+03 
4.520184e-05 5.352726e+01 3.334743e+00 6.186275e+01 1.548944e+03 4.489271e-05 5.222824e+01 3.591651e+00 1.547500e+03 4.109538e+01 5.065404e+01 5.852968e-01 1.547647e+03 1.552864e+03 
4.520184e-05 5.352726e+01 3.334743e+00 6.452938e+01 1.549346e+03 4.534284e-05 5.247365e+01 3.941844e+00 1.545400e+03 4.193843e+01 4.949456e+01 nan 1.547647e+03 1.552864e+03 
4.520184e-05 5.352726e+01 3.334743e+00 6.548016e+01 1.549610e+03 4.557216e-05 5.282895e+01 3.980204e+00 1.545300e+03 4.262152e+01 4.819047e+01 nan 1.547647e+03 1.552864e+03 
4.520184e-05 5.352726e+01 3.334743e+00 6.761754e+01 1.550155e+03 4.570245e-05 5.368108e+01 3.649015e+00 1.545700e+03 4.646746e+01 4.799407e+01 nan 1.547647e+03 1.552864e+03 
4.520184e-05 5.352726e+01 3.334743e+00 6.929204e+01 1.550605e+03 4.549461e-05 5.473161e+01 3.784057e+00 1.546300e+03 4.703548e+01 4.862476e+01 nan 1.547647e+03 1.552864e+03 
4.520184e-05 5.352726e+01 3.334743e+00 7.031429e+01 1.550521e+03 4.485413e-05 5.498285e+01 3.706300e+00 1.547200e+03 4.703100e+01 5.236053e+01 nan 1.547647e+03 1.552864e+03 
4.520184e-05 5.352726e+01 3.334743e+00 7.113583e+01 1.550371e+03 4.454525e-05 5.486914e+01 3.613714e+00 1.547900e+03 4.709921e+01 5.246165e+01 nan 1.547647e+03 1.552864e+03 
4.520184e-05 5.352726e+01 3.334743e+00 7.171907e+01 1.550262e+03 4.441380e-05 5.476471e+01 3.506987e+00 1.548800e+03 4.826684e+01 5.420178e+01 nan 1.547647e+03 1.552864e+03 
4.520184e-05 5.352726e+01 3.334743e+00 7.242183e+01 1.550124e+03 4.428285e-05 5.462167e+01 3.351828e+00 1.549600e+03 4.666646e+01 5.757707e+01 nan 1.547647e+03 1.552864e+03 
