# 1    , 2      , 3      , 4      , 5      , 6      , 7       
# dmeas, Bx_siB0, By_siB0, Bz_siB0, In_siB0, Ic_siB0, Dc_siB0 
0.000000e+00 2.704450e-05 1.051568e-06 3.573580e-05 4.482810e-05 5.286110e+01 2.226703e+00 
1.109158e+00 2.705262e-05 1.039593e-06 3.567874e-05 4.478725e-05 5.280923e+01 2.200712e+00 
2.089969e+00 2.706097e-05 1.019334e-06 3.559500e-05 4.472515e-05 5.273665e+01 2.157201e+00 
4.386197e+00 2.714458e-05 9.455558e-07 3.533333e-05 4.456643e-05 5.245020e+01 1.995038e+00 
5.341239e+00 2.726526e-05 9.415455e-07 3.524537e-05 4.457037e-05 5.225851e+01 1.977797e+00 
6.606239e+00 2.749694e-05 9.635229e-07 3.523771e-05 4.470689e-05 5.201707e+01 2.006886e+00 
8.692424e+00 2.765740e-05 1.069233e-06 3.539387e-05 4.493107e-05 5.197454e+01 2.213949e+00 
1.173808e+01 2.799916e-05 9.863069e-07 3.545312e-05 4.518683e-05 5.168274e+01 2.017484e+00 
1.309570e+01 2.829698e-05 9.828587e-07 3.575887e-05 4.561121e-05 5.162765e+01 1.989294e+00 
1.583510e+01 2.821984e-05 9.669844e-07 3.632133e-05 4.600580e-05 5.213831e+01 1.962536e+00 
1.745550e+01 2.781125e-05 9.146509e-07 3.661741e-05 4.599062e-05 5.276809e+01 1.883653e+00 
1.833363e+01 2.761543e-05 9.303321e-07 3.656662e-05 4.583226e-05 5.292395e+01 1.929499e+00 
1.945056e+01 2.752806e-05 9.529247e-07 3.645832e-05 4.569366e-05 5.292866e+01 1.982587e+00 
2.079513e+01 2.754062e-05 8.890294e-07 3.648659e-05 4.572251e-05 5.293961e+01 1.848903e+00 
2.412099e+01 2.794025e-05 6.863936e-07 3.662699e-05 4.607239e-05 5.265411e+01 1.407273e+00 
2.482101e+01 2.793335e-05 5.688661e-07 3.674627e-05 4.616150e-05 5.275333e+01 1.166674e+00 
2.762058e+01 2.766141e-05 6.176682e-07 3.762332e-05 4.670170e-05 5.366912e+01 1.279179e+00 
2.823408e+01 2.747491e-05 4.283163e-07 3.765732e-05 4.661682e-05 5.388207e+01 8.931324e-01 
2.944485e+01 2.697284e-05 2.451504e-07 3.741594e-05 4.612534e-05 5.421135e+01 5.207348e-01 
3.010068e+01 2.686804e-05 1.896324e-07 3.715906e-05 4.585546e-05 5.413033e+01 4.043822e-01 
3.119379e+01 2.679305e-05 2.658058e-07 3.687542e-05 4.558217e-05 5.399714e+01 5.683956e-01 
3.212845e+01 2.681104e-05 3.340710e-07 3.668306e-05 4.543776e-05 5.383543e+01 7.138800e-01 
3.395075e+01 2.689591e-05 4.629175e-07 3.644131e-05 4.529430e-05 5.356636e+01 9.860459e-01 
3.620694e+01 2.701075e-05 6.396926e-07 3.631889e-05 4.526645e-05 5.335373e+01 1.356676e+00 
3.751676e+01 2.705054e-05 7.425273e-07 3.632451e-05 4.529628e-05 5.331493e+01 1.572353e+00 
3.874774e+01 2.706486e-05 8.618961e-07 3.627549e-05 4.526766e-05 5.325975e+01 1.824001e+00 
4.011369e+01 2.706564e-05 1.038519e-06 3.623410e-05 4.523867e-05 5.322132e+01 2.197383e+00 
4.154883e+01 2.710685e-05 1.273866e-06 3.623969e-05 4.527382e-05 5.317363e+01 2.690591e+00 
4.242556e+01 2.713885e-05 1.369226e-06 3.622096e-05 4.528079e-05 5.312235e+01 2.888273e+00 
4.346382e+01 2.723988e-05 1.451391e-06 3.613091e-05 4.527207e-05 5.294751e+01 3.049941e+00 
4.439416e+01 2.745978e-05 1.530942e-06 3.610201e-05 4.538434e-05 5.269994e+01 3.191061e+00 
4.581002e+01 2.791383e-05 1.476911e-06 3.652475e-05 4.599370e-05 5.257269e+01 3.028676e+00 
4.795623e+01 2.772043e-05 1.056815e-06 3.754205e-05 4.667916e-05 5.353857e+01 2.183289e+00 
4.918151e+01 2.741104e-05 8.680452e-07 3.774879e-05 4.665930e-05 5.400131e+01 1.813820e+00 
5.065509e+01 2.676156e-05 4.856739e-07 3.805692e-05 4.652683e-05 5.488074e+01 1.039701e+00 
5.200712e+01 2.588519e-05 8.132510e-08 3.760217e-05 4.565055e-05 5.545649e+01 1.800091e-01 
5.318489e+01 2.540240e-05 4.287794e-08 3.654354e-05 4.450521e-05 5.519575e+01 9.671221e-02 
5.459614e+01 2.567492e-05 3.843257e-07 3.565426e-05 4.393831e-05 5.423899e+01 8.575917e-01 
5.540385e+01 2.583295e-05 5.017757e-07 3.548509e-05 4.389516e-05 5.394044e+01 1.112765e+00 
5.659448e+01 2.620631e-05 7.401938e-07 3.515507e-05 4.385428e-05 5.328640e+01 1.617881e+00 
5.748674e+01 2.655777e-05 9.080444e-07 3.496934e-05 4.392032e-05 5.276870e+01 1.958253e+00 
5.854773e+01 2.694421e-05 1.091234e-06 3.493955e-05 4.413563e-05 5.233909e+01 2.319198e+00 
5.895926e+01 2.699108e-05 1.135544e-06 3.504757e-05 4.425088e-05 5.237466e+01 2.409074e+00 
5.974040e+01 2.722753e-05 1.350472e-06 3.505452e-05 4.440700e-05 5.212871e+01 2.839515e+00 
6.174331e+01 2.745091e-05 1.727877e-06 3.547448e-05 4.488849e-05 5.221169e+01 3.601690e+00 
6.186275e+01 2.744356e-05 1.722588e-06 3.548576e-05 4.489271e-05 5.222824e+01 3.591651e+00 
6.452938e+01 2.755418e-05 1.898673e-06 3.596019e-05 4.534284e-05 5.247365e+01 3.941844e+00 
6.548016e+01 2.746813e-05 1.911222e-06 3.631350e-05 4.557216e-05 5.282895e+01 3.980204e+00 
6.761754e+01 2.701373e-05 1.722762e-06 3.682396e-05 4.570245e-05 5.368108e+01 3.649015e+00 
6.929204e+01 2.621165e-05 1.733650e-06 3.714436e-05 4.549461e-05 5.473161e+01 3.784057e+00 
7.031429e+01 2.568444e-05 1.663774e-06 3.673465e-05 4.485413e-05 5.498285e+01 3.706300e+00 
7.113583e+01 2.558241e-05 1.615656e-06 3.643088e-05 4.454525e-05 5.486914e+01 3.613714e+00 
7.171907e+01 2.557592e-05 1.567421e-06 3.627674e-05 4.441380e-05 5.476471e+01 3.506987e+00 
7.242183e+01 2.559471e-05 1.499012e-06 3.610588e-05 4.428285e-05 5.462167e+01 3.351828e+00 
