# 1, 2, 3, 4   , 5   , 6   , 7   , 8   , 9   , 10  
# x, y, z, Bx_si, By_si, Bz_si, In_si, Ic_si, Dc_si, dmeas 
5.053365e+05 4.183192e+06 1.547882e+03 -5.114318e-07 2.202035e-07 6.127961e-07 8.279922e-07 -4.773984e+01 -6.670509e+01 0.000000e+00 
5.053361e+05 4.183193e+06 1.547924e+03 -5.234066e-07 2.283161e-07 6.698573e-07 8.802224e-07 -4.955324e+01 -6.643261e+01 1.109158e+00 
5.053363e+05 4.183194e+06 1.547876e+03 -5.436659e-07 2.366671e-07 7.535953e-07 9.589003e-07 -5.180356e+01 -6.647568e+01 2.089969e+00 
5.053370e+05 4.183196e+06 1.547691e+03 -6.174442e-07 3.202774e-07 1.015270e-06 1.230686e-06 -5.558471e+01 -6.258357e+01 4.386197e+00 
5.053369e+05 4.183197e+06 1.547659e+03 -6.214545e-07 4.409642e-07 1.103225e-06 1.340806e-06 -5.536682e+01 -5.464171e+01 5.341239e+00 
5.053369e+05 4.183199e+06 1.547647e+03 -5.994771e-07 6.726386e-07 1.110887e-06 1.430345e-06 -5.095550e+01 -4.170845e+01 6.606239e+00 
5.053369e+05 4.183201e+06 1.547869e+03 -4.937666e-07 8.331010e-07 9.547309e-07 1.359917e-06 -4.459178e+01 -3.065459e+01 8.692424e+00 
5.053390e+05 4.183203e+06 1.547862e+03 -5.766931e-07 1.174860e-06 8.954827e-07 1.585800e-06 -3.438065e+01 -2.614462e+01 1.173808e+01 
5.053384e+05 4.183204e+06 1.548304e+03 -5.801413e-07 1.472683e-06 5.897297e-07 1.689124e-06 -2.043432e+01 -2.150122e+01 1.309570e+01 
5.053373e+05 4.183207e+06 1.549374e+03 -5.960156e-07 1.395540e-06 2.726993e-08 1.517732e-06 -1.029521e+00 -2.312665e+01 1.583510e+01 
5.053373e+05 4.183208e+06 1.549998e+03 -6.483491e-07 9.869524e-07 -2.688146e-07 1.211071e-06 1.282443e+01 -3.330173e+01 1.745550e+01 
5.053372e+05 4.183209e+06 1.550160e+03 -6.326679e-07 7.911330e-07 -2.180247e-07 1.036193e-06 1.214635e+01 -3.864927e+01 1.833363e+01 
5.053371e+05 4.183210e+06 1.550359e+03 -6.100753e-07 7.037583e-07 -1.097157e-07 9.378194e-07 6.718432e+00 -4.092143e+01 1.945056e+01 
5.053382e+05 4.183211e+06 1.550311e+03 -6.739706e-07 7.163222e-07 -1.379948e-07 9.931750e-07 7.986692e+00 -4.325518e+01 2.079513e+01 
5.053393e+05 4.183214e+06 1.550803e+03 -8.766064e-07 1.115949e-06 -2.783858e-07 1.446126e-06 1.109899e+01 -3.815054e+01 2.412099e+01 
5.053396e+05 4.183215e+06 1.550938e+03 -9.941339e-07 1.109054e-06 -3.976687e-07 1.541572e-06 1.494924e+01 -4.187242e+01 2.482101e+01 
5.053385e+05 4.183217e+06 1.552148e+03 -9.453318e-07 8.371088e-07 -1.274716e-06 1.794242e-06 4.527139e+01 -4.847452e+01 2.762058e+01 
5.053390e+05 4.183218e+06 1.552201e+03 -1.134684e-06 6.506054e-07 -1.308723e-06 1.850284e-06 4.501640e+01 -6.017088e+01 2.823408e+01 
5.053396e+05 4.183219e+06 1.552213e+03 -1.317850e-06 1.485415e-07 -1.067337e-06 1.702351e-06 3.882752e+01 -8.356905e+01 2.944485e+01 
5.053401e+05 4.183219e+06 1.552007e+03 -1.373368e-06 4.373638e-08 -8.104607e-07 1.595274e-06 3.053328e+01 -8.817597e+01 3.010068e+01 
5.053404e+05 4.183220e+06 1.551902e+03 -1.297194e-06 -3.124725e-08 -5.268155e-07 1.400437e-06 2.209722e+01 -9.137989e+01 3.119379e+01 
5.053408e+05 4.183221e+06 1.551776e+03 -1.228929e-06 -1.325691e-08 -3.344571e-07 1.273697e-06 1.522366e+01 -9.061805e+01 3.212845e+01 
5.053416e+05 4.183223e+06 1.551513e+03 -1.100083e-06 7.160797e-08 -9.271119e-08 1.106302e-06 4.807183e+00 -8.627568e+01 3.395075e+01 
5.053423e+05 4.183225e+06 1.551336e+03 -9.233074e-07 1.864483e-07 2.970548e-08 9.424128e-07 -1.806300e+00 -7.858349e+01 3.620694e+01 
5.053427e+05 4.183226e+06 1.551263e+03 -8.204727e-07 2.262409e-07 2.409315e-08 8.514346e-07 -1.621522e+00 -7.458409e+01 3.751676e+01 
5.053433e+05 4.183227e+06 1.551132e+03 -7.011039e-07 2.405629e-07 7.311028e-08 7.448237e-07 -5.633100e+00 -7.106187e+01 3.874774e+01 
5.053436e+05 4.183228e+06 1.551113e+03 -5.244811e-07 2.413384e-07 1.144959e-07 5.885864e-07 -1.121709e+01 -6.529062e+01 4.011369e+01 
5.053443e+05 4.183230e+06 1.551063e+03 -2.891344e-07 2.825535e-07 1.089121e-07 4.186849e-07 -1.507772e+01 -4.565953e+01 4.154883e+01 
5.053446e+05 4.183231e+06 1.551090e+03 -1.937741e-07 3.145526e-07 1.276440e-07 3.908769e-07 -1.906000e+01 -3.163434e+01 4.242556e+01 
5.053447e+05 4.183232e+06 1.551165e+03 -1.116088e-07 4.155816e-07 2.176943e-07 4.822400e-07 -2.683503e+01 -1.503268e+01 4.346382e+01 
5.053448e+05 4.183232e+06 1.551241e+03 -3.205763e-08 6.354792e-07 2.465939e-07 6.824002e-07 -2.118390e+01 -2.887918e+00 4.439416e+01 
5.053452e+05 4.183234e+06 1.551563e+03 -8.608877e-08 1.089533e-06 -1.761470e-07 1.107033e-06 9.155606e+00 -4.517802e+00 4.581002e+01 
5.053464e+05 4.183236e+06 1.552328e+03 -5.061854e-07 8.961278e-07 -1.193449e-06 1.575941e-06 4.922615e+01 -2.946030e+01 4.795623e+01 
5.053475e+05 4.183236e+06 1.552435e+03 -6.949548e-07 5.867433e-07 -1.400192e-06 1.669660e-06 5.699347e+01 -4.982594e+01 4.918151e+01 
5.053483e+05 4.183237e+06 1.552834e+03 -1.077326e-06 -6.273996e-08 -1.708321e-06 2.020625e-06 5.771927e+01 -9.333295e+01 5.065509e+01 
5.053493e+05 4.183238e+06 1.552864e+03 -1.481675e-06 -9.391088e-07 -1.253568e-06 2.156089e-06 3.554967e+01 -1.223672e+02 5.200712e+01 
5.053500e+05 4.183239e+06 1.552192e+03 -1.520122e-06 -1.421896e-06 -1.949380e-07 2.090589e-06 5.350347e+00 -1.330878e+02 5.318489e+01 
5.053505e+05 4.183240e+06 1.551406e+03 -1.178674e-06 -1.149380e-06 6.943414e-07 1.786745e-06 -2.286784e+01 -1.342791e+02 5.459614e+01 
5.053503e+05 4.183241e+06 1.551218e+03 -1.061224e-06 -9.913461e-07 8.635118e-07 1.689561e-06 -3.073623e+01 -1.330502e+02 5.540385e+01 
5.053507e+05 4.183242e+06 1.550591e+03 -8.228062e-07 -6.179859e-07 1.193534e-06 1.575893e-06 -4.923286e+01 -1.269091e+02 5.659448e+01 
5.053512e+05 4.183243e+06 1.550053e+03 -6.549556e-07 -2.665269e-07 1.379264e-06 1.549959e-06 -6.285708e+01 -1.121433e+02 5.748674e+01 
5.053519e+05 4.183244e+06 1.549563e+03 -4.717659e-07 1.199091e-07 1.409047e-06 1.490756e-06 -7.094213e+01 -7.573907e+01 5.854773e+01 
5.053519e+05 4.183244e+06 1.549554e+03 -4.274562e-07 1.667823e-07 1.301031e-06 1.379571e-06 -7.057353e+01 -6.868556e+01 5.895926e+01 
5.053526e+05 4.183245e+06 1.549266e+03 -2.125281e-07 4.032283e-07 1.294078e-06 1.372006e-06 -7.059640e+01 -2.779221e+01 5.974040e+01 
5.053541e+05 4.183246e+06 1.548928e+03 1.648774e-07 6.266052e-07 8.741227e-07 1.088076e-06 -5.345270e+01 1.474196e+01 6.174331e+01 
5.053540e+05 4.183246e+06 1.548944e+03 1.595880e-07 6.192623e-07 8.628418e-07 1.073988e-06 -5.345601e+01 1.445107e+01 6.186275e+01 
5.053542e+05 4.183249e+06 1.549346e+03 3.356732e-07 7.298757e-07 3.884060e-07 8.923308e-07 -2.580256e+01 2.469792e+01 6.452938e+01 
5.053546e+05 4.183250e+06 1.549610e+03 3.482220e-07 6.438273e-07 3.509551e-08 7.328055e-07 -2.745059e+00 2.840729e+01 6.548016e+01 
5.053544e+05 4.183252e+06 1.550155e+03 1.597622e-07 1.894337e-07 -4.753593e-07 5.360742e-07 6.246661e+01 4.014320e+01 6.761754e+01 
5.053554e+05 4.183253e+06 1.550605e+03 1.706500e-07 -6.126528e-07 -7.957591e-07 1.018674e-06 5.136794e+01 1.644352e+02 6.929204e+01 
5.053556e+05 4.183254e+06 1.550521e+03 1.007741e-07 -1.139861e-06 -3.860464e-07 1.207672e-06 1.864247e+01 1.749477e+02 7.031429e+01 
5.053560e+05 4.183255e+06 1.550371e+03 5.265641e-08 -1.241893e-06 -8.228143e-08 1.245729e-06 3.787192e+00 1.775721e+02 7.113583e+01 
5.053563e+05 4.183255e+06 1.550262e+03 4.420845e-09 -1.248384e-06 7.186204e-08 1.250458e-06 -3.294522e+00 1.797971e+02 7.171907e+01 
5.053568e+05 4.183256e+06 1.550124e+03 -6.398826e-08 -1.229594e-06 2.427159e-07 1.254953e-06 -1.115164e+01 -1.770210e+02 7.242183e+01 
