# 1, 2, 3, 4     , 5     , 6     , 7   , 8   , 9   , 10  
# x, y, z, Bbx_si, Bby_si, Bbz_si, In_si, Ic_si, Dc_si, dmeas 
2.477900e+01 2.300000e-01 1.000000e+00 1.536574e-08 3.742677e-06 -4.885444e-06 6.154302e-06 5.254449e+01 2.352293e-01 
2.477900e+01 1.294348e+00 1.000000e+00 1.572624e-08 2.611452e-06 -5.359922e-06 5.962272e-06 6.402340e+01 3.450326e-01 
2.477900e+01 2.358696e+00 1.000000e+00 1.605477e-08 1.853963e-06 -5.308071e-06 5.622548e-06 7.074643e+01 4.961520e-01 
2.477900e+01 3.423043e+00 1.000000e+00 1.634947e-08 1.359425e-06 -5.176842e-06 5.352383e-06 7.528546e+01 6.890489e-01 
2.477900e+01 4.487391e+00 1.000000e+00 1.660905e-08 1.003601e-06 -5.043471e-06 5.142382e-06 7.874421e+01 9.481270e-01 
2.477900e+01 5.551739e+00 1.000000e+00 1.683278e-08 7.292591e-07 -4.920741e-06 4.974514e-06 8.156785e+01 1.322268e+00 
2.477900e+01 6.616087e+00 1.000000e+00 1.702048e-08 5.075432e-07 -4.809771e-06 4.836506e-06 8.397289e+01 1.920696e+00 
2.477900e+01 7.680435e+00 1.000000e+00 1.717241e-08 3.221971e-07 -4.709344e-06 4.720384e-06 8.608058e+01 3.050855e+00 
2.477900e+01 8.744783e+00 1.000000e+00 1.728923e-08 1.632208e-07 -4.617919e-06 4.620835e-06 8.796440e+01 6.046534e+00 
2.477900e+01 9.809130e+00 1.000000e+00 1.737192e-08 2.403145e-08 -4.534088e-06 4.534185e-06 8.962529e+01 3.586251e+01 
2.477900e+01 1.087348e+01 1.000000e+00 1.742165e-08 -9.994144e-08 -4.456659e-06 4.457813e-06 8.869598e+01 1.701116e+02 
2.477900e+01 1.193783e+01 1.000000e+00 1.743974e-08 -2.120101e-07 -4.384639e-06 4.389796e-06 8.722240e+01 1.752975e+02 
2.477900e+01 1.300217e+01 1.000000e+00 1.742759e-08 -3.146609e-07 -4.317202e-06 4.328689e-06 8.582498e+01 1.768299e+02 
2.477900e+01 1.406652e+01 1.000000e+00 1.738657e-08 -4.098169e-07 -4.253651e-06 4.273383e-06 8.449192e+01 1.775707e+02 
2.477900e+01 1.513087e+01 1.000000e+00 1.731801e-08 -4.990039e-07 -4.193392e-06 4.223014e-06 8.320980e+01 1.780123e+02 
2.477900e+01 1.619522e+01 1.000000e+00 1.722315e-08 -5.834603e-07 -4.135914e-06 4.176901e-06 8.196672e+01 1.783092e+02 
2.477900e+01 1.725957e+01 1.000000e+00 1.710310e-08 -6.642129e-07 -4.080765e-06 4.134503e-06 8.075221e+01 1.785250e+02 
2.477900e+01 1.832391e+01 1.000000e+00 1.695884e-08 -7.421291e-07 -4.027547e-06 4.095385e-06 7.955693e+01 1.786909e+02 
2.477900e+01 1.938826e+01 1.000000e+00 1.679118e-08 -8.179559e-07 -3.975896e-06 4.059197e-06 7.837243e+01 1.788240e+02 
2.477900e+01 2.045261e+01 1.000000e+00 1.660079e-08 -8.923486e-07 -3.925479e-06 4.025661e-06 7.719090e+01 1.789342e+02 
2.477900e+01 2.151696e+01 1.000000e+00 1.638820e-08 -9.658926e-07 -3.875986e-06 3.994557e-06 7.600501e+01 1.790280e+02 
2.477900e+01 2.258130e+01 1.000000e+00 1.615380e-08 -1.039121e-06 -3.827120e-06 3.965713e-06 7.480780e+01 1.791094e+02 
2.477900e+01 2.364565e+01 1.000000e+00 1.589783e-08 -1.112527e-06 -3.778594e-06 3.939003e-06 7.359246e+01 1.791813e+02 
2.477900e+01 2.471000e+01 1.000000e+00 1.562046e-08 -1.186579e-06 -3.730126e-06 3.914340e-06 7.235233e+01 1.792458e+02 
2.477900e+01 2.577435e+01 1.000000e+00 1.532177e-08 -1.261728e-06 -3.681432e-06 3.891675e-06 7.108070e+01 1.793043e+02 
2.477900e+01 2.683870e+01 1.000000e+00 1.500178e-08 -1.338416e-06 -3.632221e-06 3.870997e-06 6.977078e+01 1.793578e+02 
2.477900e+01 2.790304e+01 1.000000e+00 1.466048e-08 -1.417088e-06 -3.582192e-06 3.852331e-06 6.841558e+01 1.794073e+02 
2.477900e+01 2.896739e+01 1.000000e+00 1.429789e-08 -1.498195e-06 -3.531023e-06 3.835742e-06 6.700779e+01 1.794532e+02 
2.477900e+01 3.003174e+01 1.000000e+00 1.391403e-08 -1.582210e-06 -3.478368e-06 3.821338e-06 6.553973e+01 1.794962e+02 
2.477900e+01 3.109609e+01 1.000000e+00 1.350905e-08 -1.669630e-06 -3.423844e-06 3.809272e-06 6.400318e+01 1.795364e+02 
2.477900e+01 3.216043e+01 1.000000e+00 1.308317e-08 -1.760993e-06 -3.367023e-06 3.799752e-06 6.238925e+01 1.795743e+02 
2.477900e+01 3.322478e+01 1.000000e+00 1.263682e-08 -1.856887e-06 -3.307419e-06 3.793048e-06 6.068823e+01 1.796101e+02 
2.477900e+01 3.428913e+01 1.000000e+00 1.217061e-08 -1.957969e-06 -3.244465e-06 3.789505e-06 5.888938e+01 1.796439e+02 
2.477900e+01 3.535348e+01 1.000000e+00 1.168541e-08 -2.064985e-06 -3.177491e-06 3.789558e-06 5.698059e+01 1.796758e+02 
2.477900e+01 3.641783e+01 1.000000e+00 1.118238e-08 -2.178796e-06 -3.105690e-06 3.793756e-06 5.494807e+01 1.797059e+02 
2.477900e+01 3.748217e+01 1.000000e+00 1.066304e-08 -2.300421e-06 -3.028065e-06 3.802792e-06 5.277577e+01 1.797344e+02 
2.477900e+01 3.854652e+01 1.000000e+00 1.012924e-08 -2.431082e-06 -2.943361e-06 3.817543e-06 5.044461e+01 1.797613e+02 
2.477900e+01 3.961087e+01 1.000000e+00 9.583218e-09 -2.572286e-06 -2.849953e-06 3.839138e-06 4.793130e+01 1.797865e+02 
2.477900e+01 4.067522e+01 1.000000e+00 9.027609e-09 -2.725932e-06 -2.745675e-06 3.869046e-06 4.520658e+01 1.798103e+02 
2.477900e+01 4.173957e+01 1.000000e+00 8.465411e-09 -2.894473e-06 -2.627531e-06 3.909216e-06 4.223227e+01 1.798324e+02 
2.477900e+01 4.280391e+01 1.000000e+00 7.899960e-09 -3.081172e-06 -2.491211e-06 3.962300e-06 3.895639e+01 1.798531e+02 
2.477900e+01 4.386826e+01 1.000000e+00 7.334876e-09 -3.290492e-06 -2.330175e-06 4.032010e-06 3.530430e+01 1.798723e+02 
2.477900e+01 4.493261e+01 1.000000e+00 6.773979e-09 -3.528695e-06 -2.133824e-06 4.123705e-06 3.116157e+01 1.798900e+02 
2.477900e+01 4.599696e+01 1.000000e+00 6.221197e-09 -3.804668e-06 -1.883450e-06 4.245341e-06 2.633706e+01 1.799063e+02 
2.477900e+01 4.706130e+01 1.000000e+00 5.680452e-09 -4.130142e-06 -1.541948e-06 4.408595e-06 2.047260e+01 1.799212e+02 
2.477900e+01 4.812565e+01 1.000000e+00 5.155534e-09 -4.511404e-06 -1.023459e-06 4.626042e-06 1.278179e+01 1.799345e+02 
2.477900e+01 4.919000e+01 1.000000e+00 4.649982e-09 -4.852982e-06 -1.057492e-07 4.854137e-06 1.248309e+00 1.799451e+02 
