# 1      , 2      , 3      , 4    , 5     , 6      , 7      , 8      ,                    9              , 10  , 11  , 12  , 13    , 14
# IGRF_In, IGRF_Ic, IGRF_Dc, dmeas, height, In_siB0, Ic_siB0, Dc_siB0,                    height m (-poh), In_m, Ic_m, Dc_m, min hP, max hP
4.515083e-05 5.339026e+01 3.316879e+00 0.000000000 1.819657e+03 4.755390e-05 5.402579e+01 -8.240425e-01 1.821700e+03 4.751671e+01 5.625071e+01 -6.125235e+00 1.816654e+03 1.820912e+03
4.515083e-05 5.339026e+01 3.316879e+00 0.902636622 1.819334e+03 4.688247e-05 5.414082e+01 -4.908213e-01 1.821100e+03 4.642740e+01 5.702318e+01 -3.869987e+00 1.814502e+03 1.819334e+03
4.515083e-05 5.339026e+01 3.316879e+00 1.805698626 1.819050e+03 4.634568e-05 5.379885e+01 1.446510e-01 1.820600e+03 4.466261e+01 5.457418e+01 -1.124578e+01 1.814502e+03 1.819334e+03
4.515083e-05 5.339026e+01 3.316879e+00 2.493129183 1.818835e+03 4.630663e-05 5.365978e+01 4.101818e-01 1.819700e+03 4.060832e+01 5.162709e+01 -1.680754e+00 1.814502e+03 1.819334e+03
4.515083e-05 5.339026e+01 3.316879e+00 3.058496945 1.818647e+03 4.627698e-05 5.369653e+01 4.468814e-01 1.819200e+03 4.182465e+01 5.426368e+01 -5.476232e-01 1.814502e+03 1.819334e+03
4.515083e-05 5.339026e+01 3.316879e+00 4.075296677 1.818368e+03 4.618882e-05 5.393593e+01 6.729181e-01 1.818700e+03 4.436155e+01 5.310909e+01 -1.934210e+00 1.814502e+03 1.819334e+03
4.515083e-05 5.339026e+01 3.316879e+00 5.172837867 1.818115e+03 4.597497e-05 5.393084e+01 6.469024e-01 1.818500e+03 4.509145e+01 5.376162e+01 -2.186847e+00 1.814502e+03 1.819334e+03
4.515083e-05 5.339026e+01 3.316879e+00 5.868743589 1.817923e+03 4.596704e-05 5.402043e+01 4.887890e-01 1.818300e+03 4.679069e+01 5.131704e+01 4.630308e-01 1.814502e+03 1.819334e+03
4.515083e-05 5.339026e+01 3.316879e+00 6.632030107 1.817714e+03 4.595406e-05 5.417503e+01 1.129104e-01 1.818500e+03 4.415875e+01 4.961658e+01 2.482867e+00 1.814502e+03 1.819334e+03
4.515083e-05 5.339026e+01 3.316879e+00 7.659030259 1.817451e+03 4.580945e-05 5.421103e+01 -7.935396e-01 1.818200e+03 4.357580e+01 4.902532e+01 1.902646e-01 1.814502e+03 1.819334e+03
4.515083e-05 5.339026e+01 3.316879e+00 8.934367859 1.816749e+03 4.472100e-05 5.317801e+01 -9.380169e-01 1.818000e+03 4.585763e+01 4.948222e+01 -2.889000e-02 1.814502e+03 1.819334e+03
4.515083e-05 5.339026e+01 3.316879e+00 9.704749106 1.816290e+03 4.434552e-05 5.277233e+01 -5.361721e-01 1.817600e+03 4.499196e+01 5.389225e+01 -4.605799e+00 1.814502e+03 1.819334e+03
4.515083e-05 5.339026e+01 3.316879e+00 10.92930911 1.815732e+03 4.445947e-05 5.244032e+01 -6.065714e-01 1.817300e+03 4.627215e+01 5.480888e+01 -5.063786e+00 1.814502e+03 1.819334e+03
4.515083e-05 5.339026e+01 3.316879e+00 11.38062743 1.815496e+03 4.412635e-05 5.235508e+01 -2.618977e-01 1.816800e+03 4.388844e+01 5.472527e+01 -9.744151e+00 1.814502e+03 1.819334e+03
4.515083e-05 5.339026e+01 3.316879e+00 12.31990628 1.814931e+03 4.334390e-05 5.182886e+01 6.789557e-01 1.816400e+03 4.086490e+01 5.310663e+01 -8.836140e+00 1.814502e+03 1.819334e+03
4.515083e-05 5.339026e+01 3.316879e+00 13.16749145 1.814525e+03 4.233388e-05 5.081920e+01 2.429855e+00 1.815400e+03 4.047521e+01 5.236685e+01 -3.504033e+00 1.814502e+03 1.819334e+03
4.515083e-05 5.339026e+01 3.316879e+00 13.82586994 1.814502e+03 4.275622e-05 5.099486e+01 5.562883e+00 1.814400e+03 3.924586e+01 5.226895e+01 -2.855778e+00 1.814502e+03 1.819334e+03
4.515083e-05 5.339026e+01 3.316879e+00 14.81889829 1.814926e+03 4.387872e-05 5.176438e+01 6.136168e+00 1.813900e+03 3.742679e+01 4.943605e+01 3.509232e+00 1.814502e+03 1.819334e+03
4.515083e-05 5.339026e+01 3.316879e+00 16.16631884 1.815476e+03 4.443097e-05 5.206480e+01 6.338796e+00 1.813800e+03 3.809545e+01 5.010697e+01 6.968835e+00 1.814502e+03 1.819334e+03
4.515083e-05 5.339026e+01 3.316879e+00 17.26728781 1.815809e+03 4.498783e-05 5.244200e+01 6.609673e+00 1.814000e+03 4.069840e+01 5.225563e+01 7.047249e+00 1.814502e+03 1.819334e+03
4.515083e-05 5.339026e+01 3.316879e+00 18.01172176 1.816108e+03 4.543534e-05 5.268573e+01 6.831190e+00 1.814500e+03 3.807002e+01 5.146605e+01 1.164021e+01 1.814502e+03 1.819334e+03
4.515083e-05 5.339026e+01 3.316879e+00 19.21076539 1.816544e+03 4.627137e-05 5.322468e+01 5.651603e+00 1.814700e+03 3.995303e+01 4.981988e+01 7.306426e+00 1.814502e+03 1.819334e+03
4.515083e-05 5.339026e+01 3.316879e+00 19.78441477 1.816599e+03 4.634824e-05 5.324089e+01 5.125424e+00 1.815700e+03 4.458875e+01 4.952317e+01 7.992357e+00 1.814502e+03 1.819334e+03
4.515083e-05 5.339026e+01 3.316879e+00 20.75788882 1.816737e+03 4.635077e-05 5.302092e+01 4.540890e+00 1.816500e+03 4.148274e+01 4.723128e+01 8.199372e+00 1.814502e+03 1.819334e+03
4.515083e-05 5.339026e+01 3.316879e+00 21.57342125 1.816887e+03 4.629220e-05 5.289088e+01 4.426502e+00 1.817300e+03 4.548699e+01 4.908923e+01 8.690068e+00 1.814502e+03 1.819334e+03
4.515083e-05 5.339026e+01 3.316879e+00 22.35484224 1.817035e+03 4.635318e-05 5.267102e+01 4.578192e+00 1.817700e+03 4.555279e+01 5.244522e+01 1.022731e+01 1.814502e+03 1.819334e+03
4.515083e-05 5.339026e+01 3.316879e+00 23.38852621 1.817215e+03 4.675665e-05 5.277968e+01 4.488807e+00 1.817100e+03 4.626247e+01 5.214919e+01 8.426227e+00 1.814502e+03 1.819334e+03
4.515083e-05 5.339026e+01 3.316879e+00 24.35696952 1.817286e+03 4.700872e-05 5.295508e+01 2.828515e+00 1.817000e+03 4.812296e+01 5.683124e+01 1.054569e+00 1.814502e+03 1.819334e+03
