# 1    , 2      , 3      , 4      , 5      , 6      , 7       
# dmeas, Bx_siB0, By_siB0, Bz_siB0, In_siB0, Ic_siB0, Dc_siB0 
0.000000e+00 2.746251e-05 -2.352619e-07 3.799632e-05 4.688247e-05 5.414082e+01 -4.908213e-01 
9.039271e-01 2.737268e-05 6.910621e-08 3.739858e-05 4.634568e-05 5.379885e+01 1.446510e-01 
1.592113e+00 2.743962e-05 1.964442e-07 3.730057e-05 4.630663e-05 5.365978e+01 4.101818e-01 
2.158497e+00 2.739801e-05 2.136965e-07 3.729427e-05 4.627698e-05 5.369653e+01 4.468814e-01 
3.177218e+00 2.718900e-05 3.193397e-07 3.733716e-05 4.618882e-05 5.393593e+01 6.729181e-01 
4.276100e+00 2.706656e-05 3.056100e-07 3.716188e-05 4.597497e-05 5.393084e+01 6.469024e-01 
4.973381e+00 2.700451e-05 2.303804e-07 3.719775e-05 4.596704e-05 5.402043e+01 4.887890e-01 
5.738048e+00 2.689737e-05 5.300558e-08 3.725995e-05 4.595406e-05 5.417503e+01 1.129104e-01 
6.766592e+00 2.678687e-05 -3.710186e-07 3.715955e-05 4.580945e-05 5.421103e+01 -7.935396e-01 
8.044199e+00 2.679908e-05 -4.387800e-07 3.579922e-05 4.472100e-05 5.317801e+01 -9.380169e-01 
8.815952e+00 2.682714e-05 -2.510549e-07 3.530958e-05 4.434552e-05 5.277233e+01 -5.361721e-01 
1.003992e+01 2.710042e-05 -2.869138e-07 3.524386e-05 4.445947e-05 5.244032e+01 -6.065714e-01 
1.049193e+01 2.695059e-05 -1.231914e-07 3.493973e-05 4.412635e-05 5.235508e+01 -2.618977e-01 
1.143300e+01 2.678519e-05 3.174197e-07 3.407560e-05 4.334390e-05 5.182886e+01 6.789557e-01 
1.228084e+01 2.672121e-05 1.133899e-06 3.281537e-05 4.233388e-05 5.081920e+01 2.429855e+00 
1.294036e+01 2.678360e-05 2.608639e-06 3.322541e-05 4.275622e-05 5.099486e+01 5.562883e+00 
1.393526e+01 2.700081e-05 2.902795e-06 3.446552e-05 4.387872e-05 5.176438e+01 6.136168e+00 
1.528307e+01 2.714783e-05 3.015756e-06 3.504300e-05 4.443097e-05 5.206480e+01 6.338796e+00 
1.638462e+01 2.724070e-05 3.156518e-06 3.566351e-05 4.498783e-05 5.244200e+01 6.609673e+00 
1.713055e+01 2.734676e-05 3.276003e-06 3.613575e-05 4.543534e-05 5.268573e+01 6.831190e+00 
1.833122e+01 2.756702e-05 2.728039e-06 3.706288e-05 4.627137e-05 5.322468e+01 5.651603e+00 
1.890591e+01 2.762629e-05 2.477937e-06 3.713229e-05 4.634824e-05 5.324089e+01 5.125424e+00 
1.988111e+01 2.779355e-05 2.207360e-06 3.702755e-05 4.635077e-05 5.302092e+01 4.540890e+00 
2.069728e+01 2.784639e-05 2.155620e-06 3.691747e-05 4.629220e-05 5.289088e+01 4.426502e+00 
2.148010e+01 2.801845e-05 2.243578e-06 3.685851e-05 4.635318e-05 5.267102e+01 4.578192e+00 
2.251563e+01 2.819548e-05 2.213490e-06 3.723304e-05 4.675665e-05 5.277968e+01 4.488807e+00 
2.348599e+01 2.828548e-05 1.397502e-06 3.752064e-05 4.700872e-05 5.295508e+01 2.828515e+00 
