# 1, 2, 3, 4   , 5   , 6   , 7   , 8   , 9   , 10  
# x, y, z, Bx_si, By_si, Bz_si, In_si, Ic_si, Dc_si, dmeas 
4.993922e+05 4.171909e+06 1.817825e+03 -4.012811e-07 -5.437191e-08 1.408909e-06 1.465950e-06 7.396432e+01 -1.722837e+02 0.000000e+00 
4.993930e+05 4.171909e+06 1.817825e+03 -4.014728e-07 -5.629568e-08 1.408155e-06 1.465350e-06 7.393916e+01 -1.720179e+02 9.039271e-01 
4.993936e+05 4.171909e+06 1.817825e+03 -4.015667e-07 -5.782141e-08 1.407806e-06 1.465100e-06 7.392383e+01 -1.718063e+02 1.592113e+00 
4.993942e+05 4.171909e+06 1.817825e+03 -4.012645e-07 -5.927392e-08 1.409022e-06 1.466243e-06 7.394034e+01 -1.715972e+02 2.158497e+00 
4.993952e+05 4.171909e+06 1.817825e+03 -4.008174e-07 -6.191613e-08 1.410835e-06 1.467973e-06 7.396169e+01 -1.712187e+02 3.177218e+00 
4.993962e+05 4.171909e+06 1.817825e+03 -4.008464e-07 -6.449899e-08 1.410774e-06 1.468033e-06 7.394487e+01 -1.708591e+02 4.276100e+00 
4.993969e+05 4.171909e+06 1.817825e+03 -4.005599e-07 -6.633885e-08 1.411943e-06 1.469160e-06 7.395696e+01 -1.705963e+02 4.973381e+00 
4.993977e+05 4.171909e+06 1.817825e+03 -4.001704e-07 -6.838302e-08 1.413525e-06 1.470669e-06 7.397568e+01 -1.703027e+02 5.738048e+00 
4.993987e+05 4.171909e+06 1.817825e+03 -3.994803e-07 -7.113687e-08 1.416327e-06 1.473305e-06 7.401348e+01 -1.699030e+02 6.766592e+00 
4.993999e+05 4.171909e+06 1.817825e+03 -3.992647e-07 -7.443610e-08 1.417263e-06 1.474310e-06 7.400933e+01 -1.694394e+02 8.044199e+00 
4.994007e+05 4.171909e+06 1.817825e+03 -3.987982e-07 -7.657988e-08 1.419175e-06 1.476130e-06 7.403199e+01 -1.691300e+02 8.815952e+00 
4.994015e+05 4.171908e+06 1.817825e+03 -3.974621e-07 -7.917844e-08 1.424659e-06 1.481181e-06 7.412056e+01 -1.687336e+02 1.003992e+01 
4.994019e+05 4.171908e+06 1.817825e+03 -3.974211e-07 -8.033735e-08 1.424835e-06 1.481402e-06 7.411545e+01 -1.685719e+02 1.049193e+01 
4.994028e+05 4.171908e+06 1.817825e+03 -3.971345e-07 -8.294115e-08 1.426046e-06 1.482633e-06 7.411920e+01 -1.682034e+02 1.143300e+01 
4.994036e+05 4.171909e+06 1.817825e+03 -3.972875e-07 -8.481608e-08 1.425455e-06 1.482212e-06 7.409299e+01 -1.679490e+02 1.228084e+01 
4.994042e+05 4.171909e+06 1.817825e+03 -3.968399e-07 -8.674323e-08 1.427320e-06 1.483997e-06 7.411385e+01 -1.676699e+02 1.294036e+01 
4.994052e+05 4.171909e+06 1.817825e+03 -3.965102e-07 -8.957622e-08 1.428734e-06 1.485437e-06 7.411792e+01 -1.672699e+02 1.393526e+01 
4.994063e+05 4.171910e+06 1.817825e+03 -3.968146e-07 -9.247089e-08 1.427640e-06 1.484644e-06 7.407132e+01 -1.668823e+02 1.528307e+01 
4.994072e+05 4.171909e+06 1.817825e+03 -3.957464e-07 -9.561233e-08 1.432027e-06 1.488778e-06 7.412928e+01 -1.664176e+02 1.638462e+01 
4.994080e+05 4.171909e+06 1.817825e+03 -3.952762e-07 -9.791982e-08 1.434016e-06 1.490716e-06 7.414680e+01 -1.660865e+02 1.713055e+01 
4.994091e+05 4.171909e+06 1.817825e+03 -3.951269e-07 -1.012026e-07 1.434770e-06 1.491621e-06 7.413043e+01 -1.656338e+02 1.833122e+01 
4.994097e+05 4.171909e+06 1.817825e+03 -3.947750e-07 -1.030241e-07 1.436271e-06 1.493096e-06 7.414192e+01 -1.653738e+02 1.890591e+01 
4.994106e+05 4.171910e+06 1.817825e+03 -3.944831e-07 -1.059336e-07 1.437603e-06 1.494504e-06 7.413882e+01 -1.649685e+02 1.988111e+01 
4.994114e+05 4.171910e+06 1.817825e+03 -3.944386e-07 -1.081259e-07 1.437936e-06 1.494969e-06 7.412273e+01 -1.646703e+02 2.069728e+01 
4.994121e+05 4.171910e+06 1.817825e+03 -3.943222e-07 -1.103491e-07 1.438573e-06 1.495714e-06 7.411167e+01 -1.643660e+02 2.148010e+01 
4.994131e+05 4.171910e+06 1.817825e+03 -3.939614e-07 -1.135716e-07 1.440257e-06 1.497479e-06 7.410967e+01 -1.639187e+02 2.251563e+01 
4.994141e+05 4.171910e+06 1.817825e+03 -3.934207e-07 -1.168062e-07 1.442640e-06 1.499878e-06 7.412030e+01 -1.634639e+02 2.348599e+01 
