# 1, 2, 3, 4   , 5   , 6   , 7   , 8   , 9   , 10  
# x, y, z, Bx_si, By_si, Bz_si, In_si, Ic_si, Dc_si, dmeas 
4.993922e+05 4.171909e+06 1.819334e+03 -1.793162e-06 5.814143e-07 -1.753024e-06 2.574212e-06 4.292141e+01 -7.203525e+01 0.000000e+00 
4.993930e+05 4.171909e+06 1.819050e+03 -1.488794e-06 4.915840e-07 -1.155279e-06 1.947519e-06 3.638481e+01 -7.172732e+01 9.039271e-01 
4.993936e+05 4.171909e+06 1.818835e+03 -1.361456e-06 5.585187e-07 -1.057267e-06 1.811993e-06 3.569590e+01 -6.769478e+01 1.592113e+00 
4.993942e+05 4.171909e+06 1.818647e+03 -1.344203e-06 5.169103e-07 -1.050971e-06 1.782868e-06 3.612034e+01 -6.896587e+01 2.158497e+00 
4.993952e+05 4.171909e+06 1.818368e+03 -1.238560e-06 3.079035e-07 -1.093860e-06 1.680883e-06 4.059933e+01 -7.603939e+01 3.177218e+00 
4.993962e+05 4.171909e+06 1.818115e+03 -1.252290e-06 1.854568e-07 -9.185847e-07 1.564104e-06 3.596502e+01 -8.157606e+01 4.276100e+00 
4.993969e+05 4.171909e+06 1.817923e+03 -1.327520e-06 1.234054e-07 -9.544468e-07 1.639666e-06 3.559825e+01 -8.468908e+01 4.973381e+00 
4.993977e+05 4.171909e+06 1.817714e+03 -1.504894e-06 1.626771e-08 -1.016651e-06 1.816192e-06 3.403996e+01 -8.938066e+01 5.738048e+00 
4.993987e+05 4.171909e+06 1.817451e+03 -1.928919e-06 -9.423005e-08 -9.162493e-07 2.137550e-06 2.538158e+01 -9.279675e+01 6.766592e+00 
4.993999e+05 4.171909e+06 1.816749e+03 -1.996680e-06 -8.201547e-08 4.440795e-07 2.047111e-06 -1.252877e+01 -9.235215e+01 8.044199e+00 
4.994007e+05 4.171909e+06 1.816290e+03 -1.808955e-06 -5.395661e-08 9.337163e-07 2.036432e-06 -2.729075e+01 -9.170848e+01 8.815952e+00 
4.994015e+05 4.171908e+06 1.815732e+03 -1.844814e-06 2.193166e-07 9.994435e-07 2.109579e-06 -2.827893e+01 -8.322034e+01 1.003992e+01 
4.994019e+05 4.171908e+06 1.815496e+03 -1.681091e-06 6.949385e-08 1.303571e-06 2.128425e-06 -3.776744e+01 -8.763282e+01 1.049193e+01 
4.994028e+05 4.171908e+06 1.814931e+03 -1.240480e-06 -9.590950e-08 2.167702e-06 2.499385e-06 -6.014574e+01 -9.442111e+01 1.143300e+01 
4.994036e+05 4.171909e+06 1.814525e+03 -4.240015e-07 -1.598943e-07 3.427931e-06 3.457753e-06 -8.246956e+01 -1.106619e+02 1.228084e+01 
4.994042e+05 4.171909e+06 1.814502e+03 1.050739e-06 -9.749521e-08 3.017895e-06 3.197068e-06 -7.072705e+01 9.530114e+01 1.294036e+01 
4.994052e+05 4.171909e+06 1.814926e+03 1.344895e-06 1.197122e-07 1.777781e-06 2.232393e-06 -5.278360e+01 8.491338e+01 1.393526e+01 
4.994063e+05 4.171910e+06 1.815476e+03 1.457856e-06 2.667319e-07 1.200300e-06 1.907147e-06 -3.900362e+01 7.963174e+01 1.528307e+01 
4.994072e+05 4.171909e+06 1.815809e+03 1.598618e-06 3.596028e-07 5.797944e-07 1.738118e-06 -1.948597e+01 7.732255e+01 1.638462e+01 
4.994080e+05 4.171909e+06 1.816108e+03 1.718103e-06 4.656633e-07 1.075501e-07 1.783336e-06 -3.457513e+00 7.483525e+01 1.713055e+01 
4.994091e+05 4.171909e+06 1.816544e+03 1.170139e-06 6.859238e-07 -8.195756e-07 1.584746e-06 3.114229e+01 5.962160e+01 1.833122e+01 
4.994097e+05 4.171909e+06 1.816599e+03 9.200374e-07 7.451879e-07 -8.889917e-07 1.480567e-06 3.690140e+01 5.099412e+01 1.890591e+01 
4.994106e+05 4.171910e+06 1.816737e+03 6.494596e-07 9.124538e-07 -7.842524e-07 1.367268e-06 3.500101e+01 3.544222e+01 1.988111e+01 
4.994114e+05 4.171910e+06 1.816887e+03 5.977201e-07 9.652922e-07 -6.741724e-07 1.320442e-06 3.070152e+01 3.176627e+01 2.069728e+01 
4.994121e+05 4.171910e+06 1.817035e+03 6.856779e-07 1.137354e-06 -6.152136e-07 1.463631e-06 2.485567e+01 3.108457e+01 2.148010e+01 
4.994131e+05 4.171910e+06 1.817215e+03 6.555901e-07 1.314381e-06 -9.897401e-07 1.771153e-06 3.397363e+01 2.650921e+01 2.251563e+01 
4.994141e+05 4.171910e+06 1.817286e+03 -1.603982e-07 1.404381e-06 -1.277345e-06 1.905157e-06 4.210311e+01 -6.515674e+00 2.348599e+01 
