# 1, 2, 3, 4   , 5   , 6   , 7   , 8   , 9   , 10  
# x, y, z, Bx_si, By_si, Bz_si, In_si, Ic_si, Dc_si, dmeas 
5.053600e+05 4.183132e+06 1.556266e+03 -9.628282e-07 -5.427085e-07 -4.750071e-07 1.202997e-06 2.325681e+01 -1.194083e+02 0.000000e+00 
5.053607e+05 4.183134e+06 1.555682e+03 -1.343286e-06 2.069908e-07 -1.739147e-06 2.207237e-06 5.199245e+01 -8.124003e+01 2.157064e+00 
5.053605e+05 4.183136e+06 1.555524e+03 -9.761160e-07 -1.055968e-06 -4.203005e-07 1.498174e-06 1.629255e+01 -1.372503e+02 4.009790e+00 
5.053603e+05 4.183139e+06 1.555228e+03 -4.719719e-07 -8.696120e-08 -3.989526e-07 6.240856e-07 3.973661e+01 -1.004397e+02 6.432482e+00 
5.053594e+05 4.183143e+06 1.554987e+03 -4.239573e-07 -2.099554e-06 -3.526743e-08 2.142221e-06 9.433040e-01 -1.685839e+02 1.060382e+01 
5.053599e+05 4.183145e+06 1.553799e+03 -2.575038e-07 -1.547951e-06 1.597614e-06 2.239382e-06 -4.551366e+01 -1.705553e+02 1.279858e+01 
5.053622e+05 4.183147e+06 1.552447e+03 1.184579e-07 -2.234860e-06 9.282482e-07 2.422865e-06 -2.252708e+01 1.769659e+02 1.570972e+01 
5.053634e+05 4.183149e+06 1.551012e+03 9.264318e-07 -8.142854e-07 1.344318e-06 1.824425e-06 -4.746332e+01 1.313138e+02 1.871373e+01 
5.053652e+05 4.183154e+06 1.548554e+03 2.395147e-07 2.701693e-09 1.054396e-06 1.081261e-06 -7.720119e+01 8.935374e+01 2.378995e+01 
5.053655e+05 4.183155e+06 1.548130e+03 -1.183791e-07 -3.962838e-07 1.648956e-06 1.700032e-06 -7.591967e+01 -1.633679e+02 2.482539e+01 
5.053652e+05 4.183156e+06 1.547834e+03 -1.094176e-07 1.699206e-07 1.747508e-06 1.759156e-06 -8.340296e+01 -3.277884e+01 2.569447e+01 
5.053662e+05 4.183159e+06 1.546610e+03 -3.772561e-08 2.267105e-07 2.341138e-06 2.352392e-06 -8.439328e+01 -9.447699e+00 2.920594e+01 
5.053677e+05 4.183162e+06 1.545895e+03 3.294617e-07 5.287589e-07 1.078942e-06 1.245892e-06 -5.999704e+01 3.192641e+01 3.250502e+01 
5.053688e+05 4.183164e+06 1.545507e+03 -2.721211e-07 2.286164e-07 1.070987e-06 1.128419e-06 -7.164150e+01 -4.996545e+01 3.440177e+01 
5.053695e+05 4.183165e+06 1.545133e+03 2.048609e-07 5.415195e-08 7.214475e-07 7.519221e-07 -7.363189e+01 7.519337e+01 3.600708e+01 
5.053702e+05 4.183167e+06 1.544676e+03 -2.815354e-08 -3.019363e-07 9.965950e-07 1.041710e-06 -7.307593e+01 -1.746730e+02 3.806029e+01 
5.053715e+05 4.183169e+06 1.544287e+03 -3.171524e-07 8.360052e-08 1.292092e-06 1.333071e-06 -7.575682e+01 -7.523289e+01 4.012339e+01 
5.053725e+05 4.183170e+06 1.544040e+03 -4.655146e-07 2.262799e-07 8.037501e-07 9.559920e-07 -5.721938e+01 -6.407628e+01 4.206202e+01 
5.053731e+05 4.183172e+06 1.543803e+03 1.377912e-07 6.173924e-07 1.229582e-06 1.382763e-06 -6.277559e+01 1.258123e+01 4.396952e+01 
5.053732e+05 4.183175e+06 1.543597e+03 3.183746e-07 2.582173e-07 1.304737e-06 1.367617e-06 -7.255821e+01 5.095627e+01 4.625121e+01 
5.053734e+05 4.183177e+06 1.543383e+03 -2.179045e-07 9.921597e-07 1.107776e-06 1.503007e-06 -4.747984e+01 -1.238700e+01 4.892883e+01 
5.053739e+05 4.183179e+06 1.543261e+03 4.933700e-07 7.090511e-07 1.118573e-06 1.413284e-06 -5.232315e+01 3.483087e+01 5.087570e+01 
5.053738e+05 4.183181e+06 1.543507e+03 -2.429178e-07 9.210559e-07 7.498142e-07 1.212260e-06 -3.820857e+01 -1.477466e+01 5.302838e+01 
5.053744e+05 4.183183e+06 1.543641e+03 -3.059975e-07 6.085096e-07 6.409842e-07 9.352962e-07 -4.326136e+01 -2.669617e+01 5.487540e+01 
5.053749e+05 4.183185e+06 1.544288e+03 -3.085001e-08 1.246187e-06 -5.148204e-07 1.348693e-06 2.244013e+01 -1.418098e+00 5.719304e+01 
5.053746e+05 4.183188e+06 1.545109e+03 -2.380666e-07 5.547608e-07 -7.785065e-07 9.851435e-07 5.220858e+01 -2.322581e+01 5.955443e+01 
5.053744e+05 4.183189e+06 1.545241e+03 -6.563556e-07 -5.654637e-07 -2.323018e-07 8.969481e-07 1.501022e+01 -1.307456e+02 6.111958e+01 
5.053745e+05 4.183191e+06 1.544877e+03 5.691972e-07 -1.031347e-06 -1.537280e-07 1.187979e-06 7.435091e+00 1.511058e+02 6.319502e+01 
5.053749e+05 4.183193e+06 1.544620e+03 -1.185513e-07 -1.647688e-06 5.017667e-07 1.726470e-06 -1.689577e+01 -1.758847e+02 6.455714e+01 
5.053752e+05 4.183194e+06 1.544292e+03 -4.012871e-07 -8.599219e-07 1.063894e-06 1.425611e-06 -4.826848e+01 -1.549836e+02 6.593101e+01 
5.053762e+05 4.183195e+06 1.543874e+03 4.356362e-08 -5.604494e-07 7.542462e-07 9.406852e-07 -5.330282e+01 1.755553e+02 6.749700e+01 
5.053759e+05 4.183197e+06 1.543386e+03 -6.617892e-08 -1.055072e-06 1.124312e-06 1.543255e-06 -4.676356e+01 -1.764109e+02 6.929172e+01 
5.053759e+05 4.183198e+06 1.542951e+03 2.424980e-07 6.030534e-07 7.774492e-07 1.013364e-06 -5.010281e+01 2.190590e+01 7.093375e+01 
5.053764e+05 4.183200e+06 1.542931e+03 1.344216e-08 2.678776e-07 1.569728e-06 1.592478e-06 -8.030368e+01 2.872706e+00 7.262516e+01 
5.053772e+05 4.183202e+06 1.542915e+03 7.799336e-08 4.624493e-07 7.399284e-07 8.760344e-07 -5.763273e+01 9.573007e+00 7.492696e+01 
5.053775e+05 4.183204e+06 1.542831e+03 1.855567e-08 9.530338e-08 6.996138e-07 7.063190e-07 -8.209891e+01 1.101771e+01 7.718037e+01 
5.053783e+05 4.183207e+06 1.542659e+03 -7.185640e-07 -2.530948e-07 9.939905e-07 1.252361e-06 -5.253200e+01 -1.094034e+02 7.948909e+01 
5.053792e+05 4.183208e+06 1.542506e+03 5.827016e-08 2.670208e-07 7.085510e-07 7.594340e-07 -6.890720e+01 1.231029e+01 8.102207e+01 
5.053796e+05 4.183210e+06 1.542444e+03 9.880539e-07 1.079490e-07 5.199984e-07 1.121741e-06 -2.761732e+01 8.376493e+01 8.324161e+01 
5.053800e+05 4.183212e+06 1.542390e+03 1.081243e-06 -4.187750e-07 5.409499e-09 1.159520e-06 -2.673024e-01 1.111718e+02 8.494116e+01 
5.053812e+05 4.183213e+06 1.542215e+03 -3.828728e-07 1.361478e-06 1.191332e-06 1.849185e-06 -4.010924e+01 -1.570696e+01 8.694708e+01 
5.053813e+05 4.183215e+06 1.542490e+03 -8.162020e-07 9.929970e-07 1.543934e-08 1.285483e-06 -6.881694e-01 -3.941877e+01 8.905913e+01 
5.053809e+05 4.183218e+06 1.542880e+03 -8.143540e-07 -8.031293e-07 1.367353e-06 1.782651e-06 -5.008826e+01 -1.346024e+02 9.124541e+01 
5.053820e+05 4.183220e+06 1.543012e+03 -1.550654e-06 2.910496e-06 -7.226394e-07 3.376051e-06 1.235972e+01 -2.804781e+01 9.347366e+01 
5.053823e+05 4.183222e+06 1.543457e+03 -6.968335e-08 7.160053e-07 5.498459e-07 9.054556e-07 -3.739156e+01 -5.558657e+00 9.565355e+01 
5.053829e+05 4.183223e+06 1.543570e+03 -3.556612e-08 5.221076e-07 2.021149e-07 5.609917e-07 -2.111748e+01 -3.896985e+00 9.679860e+01 
5.053828e+05 4.183225e+06 1.543560e+03 5.832623e-07 -1.575013e-07 1.125583e-06 1.277474e-06 -6.177545e+01 1.051115e+02 9.879789e+01 
5.053840e+05 4.183226e+06 1.543365e+03 4.762238e-07 -3.010909e-07 1.058782e-06 1.199360e-06 -6.198068e+01 1.223030e+02 1.007518e+02 
5.053867e+05 4.183227e+06 1.543354e+03 2.941463e-07 1.292728e-06 9.792487e-07 1.648210e-06 -3.645054e+01 1.281878e+01 1.035650e+02 
5.053884e+05 4.183228e+06 1.543513e+03 5.411477e-07 1.467917e-06 -2.393176e-09 1.564490e-06 8.764453e-02 2.023641e+01 1.056521e+02 
5.053895e+05 4.183229e+06 1.543841e+03 -6.027162e-07 1.043041e-06 1.913569e-07 1.219762e-06 -9.025874e+00 -3.002126e+01 1.073063e+02 
5.053907e+05 4.183230e+06 1.543947e+03 1.027802e-07 1.799759e-06 -9.677471e-07 2.046028e-06 2.822845e+01 3.268483e+00 1.086161e+02 
5.053924e+05 4.183231e+06 1.544195e+03 3.993056e-07 1.108200e-06 6.893135e-07 1.364810e-06 -3.033547e+01 1.981506e+01 1.106090e+02 
5.053927e+05 4.183232e+06 1.544448e+03 2.139757e-08 1.158676e-06 -1.700977e-07 1.171290e-06 8.350163e+00 1.057976e+00 1.117330e+02 
5.053928e+05 4.183234e+06 1.544864e+03 -7.672160e-07 1.892116e-06 -2.387346e-07 2.055655e-06 6.669127e+00 -2.207160e+01 1.133783e+02 
5.053956e+05 4.183235e+06 1.545085e+03 -5.090793e-08 3.418113e-06 -2.200414e-06 4.065453e-06 3.276856e+01 -8.532761e-01 1.164429e+02 
5.053947e+05 4.183236e+06 1.545647e+03 -1.194691e-06 9.116353e-07 -5.097453e-07 1.586885e-06 1.873695e+01 -5.265375e+01 1.182755e+02 
5.053957e+05 4.183238e+06 1.545878e+03 -1.191852e-06 -1.050975e-06 -9.793042e-07 1.866574e-06 3.164491e+01 -1.314058e+02 1.200628e+02 
5.053971e+05 4.183239e+06 1.545694e+03 -8.140288e-07 -3.038785e-07 -7.091254e-07 1.121536e-06 3.921856e+01 -1.104707e+02 1.217589e+02 
5.053976e+05 4.183241e+06 1.545508e+03 -4.206293e-07 -2.043484e-07 -2.054395e-07 5.107766e-07 2.371642e+01 -1.159112e+02 1.236359e+02 
5.053998e+05 4.183241e+06 1.545113e+03 -9.009744e-07 -1.072512e-07 2.365914e-07 9.376744e-07 -1.461467e+01 -9.678850e+01 1.259096e+02 
5.054001e+05 4.183243e+06 1.545001e+03 -8.581232e-07 -3.443739e-07 -1.908534e-07 9.441366e-07 1.166248e+01 -1.118661e+02 1.277039e+02 
5.054007e+05 4.183245e+06 1.544738e+03 -1.021148e-06 -3.003181e-07 2.554392e-07 1.094616e-06 -1.349495e+01 -1.063885e+02 1.303288e+02 
5.054011e+05 4.183247e+06 1.544486e+03 -1.336355e-06 -1.850115e-06 6.570648e-07 2.374975e-06 -1.606107e+01 -1.441591e+02 1.319264e+02 
5.054014e+05 4.183249e+06 1.544235e+03 -8.260579e-07 -1.931314e-07 1.126699e-06 1.410362e-06 -5.302251e+01 -1.031593e+02 1.337913e+02 
5.054015e+05 4.183250e+06 1.543927e+03 2.768494e-07 -2.334349e-06 5.206238e-06 5.712333e-06 -6.569998e+01 1.732364e+02 1.352497e+02 
5.054019e+05 4.183252e+06 1.543481e+03 -5.187585e-07 -1.411515e-07 1.208170e-06 1.322388e-06 -6.601161e+01 -1.052214e+02 1.369434e+02 
5.054018e+05 4.183253e+06 1.543222e+03 -3.664154e-07 -6.076966e-07 2.030389e-06 2.150822e-06 -7.073560e+01 -1.489118e+02 1.385889e+02 
5.054013e+05 4.183255e+06 1.543092e+03 2.645056e-08 1.382983e-07 2.518230e-06 2.522164e-06 -8.679968e+01 1.082748e+01 1.402659e+02 
5.054023e+05 4.183257e+06 1.542552e+03 -8.463531e-08 1.009547e-07 1.521067e-06 1.526761e-06 -8.505001e+01 -3.997475e+01 1.425849e+02 
5.054023e+05 4.183259e+06 1.542437e+03 -4.135292e-08 1.924930e-06 1.882700e-06 2.692884e-06 -4.435796e+01 -1.230685e+00 1.441713e+02 
5.054034e+05 4.183260e+06 1.542767e+03 -4.566799e-07 1.528965e-06 1.075568e-06 1.924354e-06 -3.398144e+01 -1.663013e+01 1.459531e+02 
5.054041e+05 4.183261e+06 1.542986e+03 -9.232486e-07 1.440559e-06 1.511638e-06 2.283122e-06 -4.145965e+01 -3.265565e+01 1.469585e+02 
5.054049e+05 4.183262e+06 1.543562e+03 4.066488e-07 1.561951e-06 5.749021e-07 1.713349e-06 -1.960555e+01 1.459282e+01 1.487142e+02 
5.054068e+05 4.183263e+06 1.544059e+03 2.227354e-07 2.614143e-06 5.658649e-07 2.683945e-06 -1.217119e+01 4.870066e+00 1.508990e+02 
5.054097e+05 4.183266e+06 1.545427e+03 4.623842e-09 1.684377e-06 -3.987246e-07 1.730932e-06 1.331782e+01 1.572843e-01 1.547376e+02 
5.054110e+05 4.183267e+06 1.546035e+03 -1.892139e-07 2.172363e-06 2.463086e-07 2.194455e-06 -6.444536e+00 -4.977928e+00 1.563237e+02 
5.054118e+05 4.183268e+06 1.546950e+03 -9.851139e-08 1.366269e-06 -1.182887e-06 1.809866e-06 4.081184e+01 -4.124033e+00 1.580484e+02 
5.054119e+05 4.183270e+06 1.547545e+03 -5.662021e-07 1.062273e-06 -1.323649e-06 1.789149e-06 4.771612e+01 -2.805807e+01 1.597138e+02 
5.054125e+05 4.183272e+06 1.547979e+03 -2.945459e-06 7.388217e-08 -1.526388e-06 3.318290e-06 2.738662e+01 -8.856313e+01 1.614858e+02 
5.054120e+05 4.183274e+06 1.548948e+03 -1.871911e-06 2.027923e-06 -7.643001e-07 2.863682e-06 1.547953e+01 -4.270912e+01 1.637563e+02 
5.054100e+05 4.183275e+06 1.550463e+03 -5.400938e-08 2.684337e-06 -3.764659e-06 4.623985e-06 5.450428e+01 -1.152647e+00 1.660495e+02 
5.054102e+05 4.183277e+06 1.551664e+03 -1.823047e-06 5.261166e-07 -2.279455e-06 2.965842e-06 5.022560e+01 -7.390229e+01 1.681422e+02 
5.054102e+05 4.183277e+06 1.551653e+03 -1.248075e-06 8.641777e-07 -7.083736e-06 7.244571e-06 7.790437e+01 -5.530094e+01 1.682044e+02 
5.054098e+05 4.183278e+06 1.552655e+03 -1.280395e-06 -4.987250e-07 -3.290713e-06 3.566080e-06 6.733615e+01 -1.112813e+02 1.696096e+02 
5.054083e+05 4.183281e+06 1.551894e+03 -1.249910e-06 -2.703292e-06 -1.316382e-06 3.256213e-06 2.384525e+01 -1.551858e+02 1.731167e+02 
5.054108e+05 4.183283e+06 1.550315e+03 -1.338088e-06 -2.276281e-06 1.423009e-07 2.644274e-06 -3.084848e+00 -1.495513e+02 1.760754e+02 
5.054117e+05 4.183284e+06 1.549118e+03 -6.342914e-07 -1.579364e-06 1.689886e-06 2.398423e-06 -4.479580e+01 -1.581190e+02 1.773472e+02 
5.054096e+05 4.183285e+06 1.549316e+03 -1.069135e-06 -1.974708e-06 1.178618e-06 2.536072e-06 -2.769349e+01 -1.515683e+02 1.796748e+02 
5.054101e+05 4.183287e+06 1.547402e+03 -7.756317e-07 -9.997727e-07 1.780106e-06 2.184016e-06 -5.459336e+01 -1.421954e+02 1.814633e+02 
5.054103e+05 4.183288e+06 1.545898e+03 -9.734877e-07 1.712008e-07 1.568646e-06 1.854087e-06 -5.778437e+01 -8.002577e+01 1.829765e+02 
5.054108e+05 4.183290e+06 1.544850e+03 -1.905028e-06 2.802487e-07 -3.240361e-07 1.952606e-06 9.552458e+00 -8.163124e+01 1.847136e+02 
5.054119e+05 4.183291e+06 1.543783e+03 -9.358376e-07 -2.053864e-07 1.774043e-06 2.016235e-06 -6.162777e+01 -1.023783e+02 1.863904e+02 
5.054140e+05 4.183291e+06 1.542529e+03 4.896981e-07 3.663253e-07 1.872011e-06 1.969372e-06 -7.190867e+01 5.320118e+01 1.884935e+02 
5.054143e+05 4.183293e+06 1.541948e+03 -2.150234e-07 9.909036e-07 2.041245e-06 2.279212e-06 -6.358464e+01 -1.224321e+01 1.899643e+02 
5.054152e+05 4.183294e+06 1.541606e+03 -5.104290e-08 1.387600e-06 1.297038e-06 1.900092e-06 -4.304863e+01 -2.106677e+00 1.916195e+02 
5.054163e+05 4.183296e+06 1.541451e+03 -1.621459e-07 9.508086e-07 8.360752e-07 1.276460e-06 -4.091929e+01 -9.677821e+00 1.933386e+02 
5.054171e+05 4.183297e+06 1.541429e+03 3.877681e-07 1.316367e-06 1.602263e-06 2.109605e-06 -4.942089e+01 1.641363e+01 1.948557e+02 
5.054186e+05 4.183298e+06 1.541433e+03 -3.764933e-07 9.626153e-07 1.285043e-06 1.649155e-06 -5.118859e+01 -2.136121e+01 1.970284e+02 
5.054201e+05 4.183301e+06 1.542100e+03 4.355615e-07 1.166507e-06 -5.114908e-07 1.346134e-06 2.233185e+01 2.047510e+01 1.997555e+02 
5.054212e+05 4.183303e+06 1.542595e+03 -3.547364e-07 -1.883594e-07 -1.380098e-08 4.018801e-07 1.967984e+00 -1.179676e+02 2.025419e+02 
5.054223e+05 4.183305e+06 1.542510e+03 1.526328e-08 1.465709e-07 7.728430e-07 7.867670e-07 -7.920459e+01 5.945113e+00 2.043886e+02 
5.054229e+05 4.183306e+06 1.542486e+03 -2.413960e-07 2.199424e-07 1.713994e-07 3.688149e-07 -2.769276e+01 -4.766251e+01 2.062066e+02 
5.054238e+05 4.183308e+06 1.542419e+03 -5.372598e-07 -1.468807e-07 2.541605e-07 6.122251e-07 -2.452827e+01 -1.052904e+02 2.080318e+02 
5.054246e+05 4.183310e+06 1.542389e+03 7.176463e-09 2.250139e-07 -2.750346e-07 3.554248e-07 5.069812e+01 1.826739e+00 2.100417e+02 
5.054255e+05 4.183312e+06 1.542302e+03 -5.522823e-07 7.924480e-07 5.307052e-07 1.102106e-06 -2.878586e+01 -3.487387e+01 2.122547e+02 
5.054265e+05 4.183314e+06 1.542153e+03 -6.837129e-07 1.272251e-06 -2.131210e-07 1.459968e-06 8.393830e+00 -2.825376e+01 2.145339e+02 
5.054278e+05 4.183316e+06 1.541989e+03 1.514978e-07 4.444572e-07 8.889314e-07 1.005332e-06 -6.215527e+01 1.882221e+01 2.168454e+02 
5.054288e+05 4.183318e+06 1.541925e+03 7.809838e-08 -4.740469e-07 1.049630e-06 1.154359e-06 -6.540547e+01 1.706447e+02 2.191083e+02 
5.054300e+05 4.183320e+06 1.542058e+03 9.305195e-07 5.492694e-07 -2.066375e-07 1.100119e-06 1.082628e+01 5.944739e+01 2.211803e+02 
5.054312e+05 4.183321e+06 1.542257e+03 2.056462e-07 9.273928e-07 1.402230e-06 1.693693e-06 -5.588491e+01 1.250284e+01 2.232723e+02 
5.054319e+05 4.183323e+06 1.542438e+03 1.844804e-07 1.431955e-06 7.890049e-07 1.645313e-06 -2.865581e+01 7.341044e+00 2.250348e+02 
5.054328e+05 4.183325e+06 1.543451e+03 5.977520e-07 1.599225e-06 1.392945e-07 1.712960e-06 -4.664327e+00 2.049454e+01 2.268908e+02 
5.054348e+05 4.183326e+06 1.544963e+03 -6.179790e-07 2.014312e-06 -1.272375e-06 2.461360e-06 3.112722e+01 -1.705570e+01 2.295877e+02 
5.054368e+05 4.183327e+06 1.545680e+03 -8.293398e-07 7.805569e-07 -2.831630e-06 3.052081e-06 6.808984e+01 -4.673564e+01 2.318938e+02 
5.054384e+05 4.183328e+06 1.545818e+03 -1.639540e-06 2.966651e-07 -2.877744e-06 3.325284e-06 5.992990e+01 -7.974364e+01 2.335234e+02 
5.054392e+05 4.183329e+06 1.546016e+03 -1.136957e-06 -1.480219e-06 -2.228283e-06 2.906710e-06 5.004951e+01 -1.424721e+02 2.353038e+02 
5.054397e+05 4.183330e+06 1.545638e+03 -1.922814e-06 -1.910540e-06 -5.613671e-07 2.768124e-06 1.170056e+01 -1.348165e+02 2.363412e+02 
5.054408e+05 4.183332e+06 1.544869e+03 -1.985670e-06 -3.494120e-06 6.125471e-07 4.065338e-06 -8.666078e+00 -1.503909e+02 2.382151e+02 
5.054413e+05 4.183333e+06 1.544364e+03 -1.467569e-06 -2.067137e-06 7.565975e-12 2.535116e-06 -1.709975e-04 -1.446271e+02 2.394675e+02 
5.054428e+05 4.183334e+06 1.543205e+03 -9.320199e-07 -2.691788e-06 1.113028e-06 3.058303e-06 -2.134214e+01 -1.609018e+02 2.412849e+02 
5.054442e+05 4.183335e+06 1.542146e+03 -4.543921e-07 -2.498685e-06 1.721398e-06 3.068079e-06 -3.412962e+01 -1.696932e+02 2.428526e+02 
5.054451e+05 4.183335e+06 1.541329e+03 -8.277092e-07 -1.670409e-06 2.557604e-06 3.164918e-06 -5.391174e+01 -1.536410e+02 2.439705e+02 
5.054462e+05 4.183336e+06 1.540195e+03 -4.406380e-07 -9.213021e-07 2.476127e-06 2.678463e-06 -6.758679e+01 -1.544393e+02 2.455183e+02 
5.054477e+05 4.183337e+06 1.539574e+03 -3.657650e-07 -1.322647e-06 2.443157e-06 2.802177e-06 -6.067765e+01 -1.645417e+02 2.469844e+02 
5.054488e+05 4.183337e+06 1.539101e+03 -4.653609e-07 -8.655461e-07 2.299793e-06 2.500955e-06 -6.686268e+01 -1.517353e+02 2.481270e+02 
5.054496e+05 4.183337e+06 1.538405e+03 -3.720702e-07 -1.034412e-06 2.671733e-06 2.889048e-06 -6.763514e+01 -1.602167e+02 2.491184e+02 
5.054507e+05 4.183338e+06 1.537565e+03 -1.560847e-07 -7.535792e-07 2.527167e-06 2.641745e-06 -7.306344e+01 -1.682981e+02 2.503611e+02 
5.054538e+05 4.183339e+06 1.536082e+03 -3.357560e-07 -4.418165e-07 2.404979e-06 2.468169e-06 -7.700713e+01 -1.427672e+02 2.535700e+02 
5.054561e+05 4.183338e+06 1.535933e+03 6.321203e-08 -7.784925e-07 2.475263e-06 2.595568e-06 -7.248722e+01 1.753579e+02 2.559534e+02 
5.054583e+05 4.183340e+06 1.535078e+03 2.843590e-08 -6.745500e-08 2.161214e-06 2.162453e-06 -8.806004e+01 1.571420e+02 2.586392e+02 
5.054332e+05 4.183356e+06 1.537898e+03 -1.221873e-06 6.976099e-07 2.413719e-06 2.793863e-06 -5.976142e+01 -6.027644e+01 2.888399e+02 
5.054311e+05 4.183353e+06 1.538783e+03 -7.101303e-07 7.740715e-09 2.259179e-06 2.368171e-06 -7.254947e+01 -8.937548e+01 2.931717e+02 
5.054309e+05 4.183351e+06 1.539160e+03 -2.344933e-07 -7.001995e-08 5.821156e-06 5.826298e-06 -8.759268e+01 -1.066257e+02 2.949700e+02 
5.054304e+05 4.183348e+06 1.540133e+03 -1.034601e-06 6.776714e-08 2.642440e-06 2.838570e-06 -6.857638e+01 -8.625244e+01 2.980614e+02 
5.054304e+05 4.183346e+06 1.540980e+03 -1.062450e-06 6.405538e-08 2.886271e-06 3.076274e-06 -6.975737e+01 -8.654980e+01 2.998929e+02 
5.054298e+05 4.183344e+06 1.542138e+03 -1.174702e-06 -6.994678e-07 2.487947e-06 2.838849e-06 -6.121028e+01 -1.207714e+02 3.017394e+02 
5.054291e+05 4.183342e+06 1.543301e+03 -1.131524e-06 -1.232982e-06 1.400710e-06 2.182333e-06 -3.992919e+01 -1.374570e+02 3.036463e+02 
5.054297e+05 4.183340e+06 1.543837e+03 -9.008987e-07 -1.580271e-06 7.600064e-07 1.971417e-06 -2.267558e+01 -1.503129e+02 3.057892e+02 
5.054293e+05 4.183339e+06 1.544754e+03 -1.730684e-06 -1.269500e-06 9.678953e-07 2.354511e-06 -2.427278e+01 -1.262610e+02 3.075387e+02 
5.054293e+05 4.183337e+06 1.545582e+03 -1.636308e-06 -1.490367e-06 1.051502e-06 2.450378e-06 -2.541161e+01 -1.323276e+02 3.088919e+02 
5.054297e+05 4.183336e+06 1.546107e+03 -1.406090e-06 -2.269350e-06 7.064740e-07 2.761547e-06 -1.482250e+01 -1.482176e+02 3.099811e+02 
5.054315e+05 4.183336e+06 1.545924e+03 -2.223655e-06 -3.304367e-06 -2.923261e-08 3.983006e-06 4.205166e-01 -1.460616e+02 3.119751e+02 
5.054332e+05 4.183335e+06 1.545710e+03 -1.674657e-06 -3.024986e-06 8.968470e-07 3.572023e-06 -1.454115e+01 -1.510307e+02 3.137316e+02 
5.054352e+05 4.183334e+06 1.545423e+03 -9.353408e-07 -3.223692e-06 -6.342553e-07 3.416040e-06 1.070018e+01 -1.638201e+02 3.158266e+02 
5.054372e+05 4.183334e+06 1.545492e+03 -1.225048e-06 -2.779856e-06 3.647222e-07 3.059635e-06 -6.846194e+00 -1.562175e+02 3.179838e+02 
5.054397e+05 4.183333e+06 1.544774e+03 -1.497457e-06 -2.341434e-06 4.393761e-07 2.813848e-06 -8.983367e+00 -1.473992e+02 3.204795e+02 
