# 1    , 2      , 3      , 4      , 5      , 6      , 7       
# dmeas, Bx_siB0, By_siB0, Bz_siB0, In_siB0, Ic_siB0, Dc_siB0 
0.000000e+00 2.628139e-05 6.000718e-07 3.682331e-05 4.524409e-05 5.447687e+01 1.307983e+00 
2.157064e+00 2.703109e-05 2.196143e-07 3.808745e-05 4.670526e-05 5.463536e+01 4.654898e-01 
4.009790e+00 2.576813e-05 5.867840e-07 3.676860e-05 4.490291e-05 5.496952e+01 1.304497e+00 
6.432482e+00 2.673714e-05 1.090928e-06 3.674725e-05 4.545795e-05 5.393786e+01 2.336485e+00 
1.060382e+01 2.472455e-05 1.138943e-06 3.638357e-05 4.400414e-05 5.577360e+01 2.637481e+00 
1.279858e+01 2.527615e-05 1.305396e-06 3.475069e-05 4.299067e-05 5.393317e+01 2.956435e+00 
1.570972e+01 2.458924e-05 1.681358e-06 3.542005e-05 4.315134e-05 5.516829e+01 3.911670e+00 
1.871373e+01 2.600981e-05 2.489332e-06 3.500398e-05 4.368050e-05 5.326056e+01 5.466978e+00 
2.378995e+01 2.682680e-05 1.802415e-06 3.529390e-05 4.436875e-05 5.269945e+01 3.843760e+00 
2.482539e+01 2.642782e-05 1.444521e-06 3.469934e-05 4.364127e-05 5.266507e+01 3.128623e+00 
2.569447e+01 2.699402e-05 1.453482e-06 3.460079e-05 4.390905e-05 5.199998e+01 3.082092e+00 
2.920594e+01 2.705081e-05 1.525174e-06 3.400716e-05 4.348057e-05 5.145539e+01 3.227025e+00 
3.250502e+01 2.735286e-05 1.892362e-06 3.526936e-05 4.467312e-05 5.213867e+01 3.957606e+00 
3.440177e+01 2.705272e-05 1.290779e-06 3.527731e-05 4.447476e-05 5.248543e+01 2.731709e+00 
3.600708e+01 2.687825e-05 1.767761e-06 3.562685e-05 4.466361e-05 5.290824e+01 3.762878e+00 
3.806029e+01 2.652216e-05 1.534746e-06 3.535170e-05 4.422130e-05 5.307542e+01 3.311817e+00 
4.012339e+01 2.690770e-05 1.245748e-06 3.505621e-05 4.420989e-05 5.246201e+01 2.650734e+00 
4.206202e+01 2.705038e-05 1.097385e-06 3.554455e-05 4.468045e-05 5.270516e+01 2.323113e+00 
4.396952e+01 2.744149e-05 1.700691e-06 3.511872e-05 4.460103e-05 5.194291e+01 3.546380e+00 
4.625121e+01 2.708232e-05 1.881275e-06 3.504356e-05 4.432880e-05 5.223574e+01 3.973671e+00 
4.892883e+01 2.781626e-05 1.344995e-06 3.524052e-05 4.491601e-05 5.168251e+01 2.768258e+00 
5.087570e+01 2.753315e-05 2.056270e-06 3.522973e-05 4.475976e-05 5.191391e+01 4.271116e+00 
5.302838e+01 2.774516e-05 1.319982e-06 3.559849e-05 4.515294e-05 5.203605e+01 2.723806e+00 
5.487540e+01 2.743261e-05 1.256903e-06 3.570732e-05 4.504598e-05 5.243723e+01 2.623333e+00 
5.719304e+01 2.807029e-05 1.532050e-06 3.686312e-05 4.635923e-05 5.267061e+01 3.124050e+00 
5.955443e+01 2.737886e-05 1.324833e-06 3.712681e-05 4.614929e-05 5.356137e+01 2.770320e+00 
6.111958e+01 2.625864e-05 9.065444e-07 3.658060e-05 4.503863e-05 5.431193e+01 1.977275e+00 
6.319502e+01 2.579275e-05 2.132097e-06 3.650203e-05 4.474606e-05 5.466254e+01 4.725477e+00 
6.455714e+01 2.517641e-05 1.444349e-06 3.584653e-05 4.382821e-05 5.487386e+01 3.283410e+00 
6.593101e+01 2.596418e-05 1.161613e-06 3.528441e-05 4.382325e-05 5.362500e+01 2.561651e+00 
6.749700e+01 2.626365e-05 1.606464e-06 3.559405e-05 4.426394e-05 5.352651e+01 3.500239e+00 
6.929172e+01 2.576903e-05 1.496721e-06 3.522399e-05 4.366935e-05 5.376570e+01 3.324129e+00 
7.093375e+01 2.742715e-05 1.805398e-06 3.557085e-05 4.495324e-05 5.230582e+01 3.766073e+00 
7.262516e+01 2.709198e-05 1.576342e-06 3.477857e-05 4.411359e-05 5.203500e+01 3.329991e+00 
7.492696e+01 2.728655e-05 1.640893e-06 3.560837e-05 4.489103e-05 5.248726e+01 3.441372e+00 
7.718037e+01 2.691940e-05 1.581456e-06 3.564869e-05 4.469882e-05 5.289496e+01 3.362137e+00 
7.948909e+01 2.657101e-05 8.443360e-07 3.535431e-05 4.423413e-05 5.305893e+01 1.820052e+00 
8.102207e+01 2.709112e-05 1.621170e-06 3.563975e-05 4.479675e-05 5.271081e+01 3.424575e+00 
8.324161e+01 2.693205e-05 2.550954e-06 3.582830e-05 4.489443e-05 5.294493e+01 5.410808e+00 
8.494116e+01 2.640533e-05 2.644143e-06 3.634289e-05 4.500043e-05 5.386328e+01 5.718349e+00 
8.694708e+01 2.818558e-05 1.180027e-06 3.515697e-05 4.507584e-05 5.125613e+01 2.397365e+00 
8.905913e+01 2.781710e-05 7.466980e-07 3.633286e-05 4.576489e-05 5.255172e+01 1.537629e+00 
9.124541e+01 2.602097e-05 7.485460e-07 3.498095e-05 4.360410e-05 5.334452e+01 1.647775e+00 
9.347366e+01 2.973460e-05 1.224555e-08 3.707094e-05 4.752264e-05 5.126690e+01 2.359603e-02 
9.565355e+01 2.754011e-05 1.493217e-06 3.579845e-05 4.519089e-05 5.238791e+01 3.103522e+00 
9.679860e+01 2.734621e-05 1.527334e-06 3.614619e-05 4.535079e-05 5.284792e+01 3.196749e+00 
9.879789e+01 2.666660e-05 2.146162e-06 3.522272e-05 4.423068e-05 5.278212e+01 4.601321e+00 
1.007518e+02 2.652301e-05 2.039124e-06 3.528952e-05 4.419251e-05 5.299097e+01 4.396327e+00 
1.035650e+02 2.811683e-05 1.857046e-06 3.536905e-05 4.522139e-05 5.145610e+01 3.778755e+00 
1.056521e+02 2.829202e-05 2.104048e-06 3.635069e-05 4.611115e-05 5.202950e+01 4.253197e+00 
1.073063e+02 2.786714e-05 9.601838e-07 3.615694e-05 4.565987e-05 5.236114e+01 1.973389e+00 
1.086161e+02 2.862386e-05 1.665680e-06 3.731605e-05 4.705940e-05 5.246265e+01 3.330401e+00 
1.106090e+02 2.793230e-05 1.962206e-06 3.565899e-05 4.533902e-05 5.185931e+01 4.018348e+00 
1.117330e+02 2.798278e-05 1.584298e-06 3.651840e-05 4.603411e-05 5.249404e+01 3.240449e+00 
1.133783e+02 2.871622e-05 7.956840e-07 3.658703e-05 4.651737e-05 5.186187e+01 1.587175e+00 
1.164429e+02 3.024221e-05 1.511992e-06 3.854871e-05 4.901919e-05 5.185039e+01 2.862181e+00 
1.182755e+02 2.773574e-05 3.682093e-07 3.685805e-05 4.612941e-05 5.303606e+01 7.605928e-01 
1.200628e+02 2.577312e-05 3.710478e-07 3.732760e-05 4.536234e-05 5.537379e+01 8.248128e-01 
1.217589e+02 2.652022e-05 7.488712e-07 3.705743e-05 4.557560e-05 5.439971e+01 1.617474e+00 
1.236359e+02 2.661975e-05 1.142271e-06 3.655374e-05 4.523375e-05 5.391146e+01 2.457091e+00 
1.259096e+02 2.671685e-05 6.619256e-07 3.611171e-05 4.492531e-05 5.349612e+01 1.419246e+00 
1.277039e+02 2.647973e-05 7.047768e-07 3.653915e-05 4.513072e-05 5.405972e+01 1.524608e+00 
1.303288e+02 2.652378e-05 5.417521e-07 3.609286e-05 4.479396e-05 5.368302e+01 1.170112e+00 
1.319264e+02 2.497398e-05 2.265450e-07 3.569124e-05 4.356163e-05 5.501752e+01 5.197295e-01 
1.337913e+02 2.663097e-05 7.368421e-07 3.522160e-05 4.416234e-05 5.289661e+01 1.584891e+00 
1.352497e+02 2.448975e-05 1.839749e-06 3.114206e-05 3.966057e-05 5.174054e+01 4.296175e+00 
1.369434e+02 2.668295e-05 1.044142e-06 3.514013e-05 4.413501e-05 5.276840e+01 2.240922e+00 
1.385889e+02 2.621640e-05 1.196485e-06 3.431791e-05 4.320243e-05 5.259403e+01 2.613096e+00 
1.402659e+02 2.696240e-05 1.589351e-06 3.383007e-05 4.328938e-05 5.139688e+01 3.373506e+00 
1.425849e+02 2.692505e-05 1.478265e-06 3.482723e-05 4.404634e-05 5.225054e+01 3.142552e+00 
1.441713e+02 2.874903e-05 1.521547e-06 3.446560e-05 4.490768e-05 5.012785e+01 3.029562e+00 
1.459531e+02 2.835307e-05 1.106220e-06 3.527273e-05 4.526904e-05 5.118557e+01 2.234313e+00 
1.469585e+02 2.826466e-05 6.396514e-07 3.483666e-05 4.486528e-05 5.093874e+01 1.296427e+00 
1.487142e+02 2.838605e-05 1.969549e-06 3.577340e-05 4.570977e-05 5.150113e+01 3.969072e+00 
1.508990e+02 2.943824e-05 1.785635e-06 3.578244e-05 4.637005e-05 5.050421e+01 3.471137e+00 
1.547376e+02 2.850848e-05 1.567524e-06 3.674702e-05 4.653530e-05 5.215367e+01 3.147210e+00 
1.563237e+02 2.899646e-05 1.373686e-06 3.610199e-05 4.632532e-05 5.119784e+01 2.712317e+00 
1.580484e+02 2.819037e-05 1.464389e-06 3.753119e-05 4.696202e-05 5.305203e+01 2.973638e+00 
1.597138e+02 2.788637e-05 9.966979e-07 3.767195e-05 4.688090e-05 5.347210e+01 2.046960e+00 
1.614858e+02 2.689798e-05 -1.382559e-06 3.787469e-05 4.647478e-05 5.458256e+01 -2.942418e+00 
1.637563e+02 2.885202e-05 -3.090113e-07 3.711260e-05 4.700936e-05 5.213625e+01 -6.136265e-01 
1.660495e+02 2.950844e-05 1.508891e-06 4.011296e-05 4.982042e-05 5.362484e+01 2.927225e+00 
1.681422e+02 2.735022e-05 -2.601471e-07 3.862776e-05 4.733081e-05 5.469854e+01 -5.449640e-01 
1.682044e+02 2.768828e-05 3.148250e-07 4.343204e-05 5.150807e-05 5.748048e+01 6.514442e-01 
1.696096e+02 2.632537e-05 2.825046e-07 3.963901e-05 4.758526e-05 5.640923e+01 6.148326e-01 
1.731167e+02 2.412081e-05 3.129903e-07 3.766468e-05 4.472739e-05 5.736194e+01 7.434252e-01 
1.760754e+02 2.454782e-05 2.248125e-07 3.620600e-05 4.374380e-05 5.586145e+01 5.247083e-01 
1.773472e+02 2.524474e-05 9.286086e-07 3.465841e-05 4.288781e-05 5.391246e+01 2.106632e+00 
1.796748e+02 2.484939e-05 4.937649e-07 3.516968e-05 4.306556e-05 5.475128e+01 1.138335e+00 
1.814633e+02 2.582433e-05 7.872683e-07 3.456819e-05 4.315641e-05 5.322550e+01 1.746151e+00 
1.829765e+02 2.699530e-05 5.894123e-07 3.477965e-05 4.403088e-05 5.217546e+01 1.250791e+00 
1.847136e+02 2.710435e-05 -3.421281e-07 3.667234e-05 4.560288e-05 5.352989e+01 -7.231850e-01 
1.863904e+02 2.661871e-05 6.270624e-07 3.457426e-05 4.363861e-05 5.239965e+01 1.349479e+00 
1.884935e+02 2.719043e-05 2.052598e-06 3.447629e-05 4.395619e-05 5.165902e+01 4.317055e+00 
1.899643e+02 2.781500e-05 1.347877e-06 3.430705e-05 4.418671e-05 5.093315e+01 2.774304e+00 
1.916195e+02 2.821170e-05 1.511857e-06 3.505126e-05 4.501974e-05 5.113033e+01 3.067530e+00 
1.933386e+02 2.777491e-05 1.400754e-06 3.551222e-05 4.510572e-05 5.193492e+01 2.887115e+00 
1.948557e+02 2.814047e-05 1.950668e-06 3.474604e-05 4.475464e-05 5.092915e+01 3.965341e+00 
1.970284e+02 2.778672e-05 1.186407e-06 3.506326e-05 4.475423e-05 5.157869e+01 2.444867e+00 
1.997555e+02 2.799061e-05 1.998461e-06 3.685979e-05 4.632615e-05 5.271749e+01 4.083850e+00 
2.025419e+02 2.663574e-05 1.208164e-06 3.636210e-05 4.509018e-05 5.374864e+01 2.597084e+00 
2.043886e+02 2.697067e-05 1.578163e-06 3.557546e-05 4.467125e-05 5.278614e+01 3.348790e+00 
2.062066e+02 2.704404e-05 1.321504e-06 3.617690e-05 4.518733e-05 5.318728e+01 2.797526e+00 
2.080318e+02 2.667722e-05 1.025640e-06 3.609414e-05 4.489446e-05 5.351162e+01 2.201726e+00 
2.100417e+02 2.704911e-05 1.570076e-06 3.662333e-05 4.555643e-05 5.350526e+01 3.322028e+00 
2.122547e+02 2.761655e-05 1.010618e-06 3.581759e-05 4.523931e-05 5.234805e+01 2.095783e+00 
2.145339e+02 2.809635e-05 8.791871e-07 3.656142e-05 4.611849e-05 5.244526e+01 1.792307e+00 
2.168454e+02 2.726856e-05 1.714398e-06 3.545937e-05 4.476472e-05 5.238478e+01 3.597500e+00 
2.191083e+02 2.635005e-05 1.640998e-06 3.529867e-05 4.407964e-05 5.320591e+01 3.563599e+00 
2.211803e+02 2.737337e-05 2.493420e-06 3.655494e-05 4.573600e-05 5.305945e+01 5.204666e+00 
2.232723e+02 2.775149e-05 1.768546e-06 3.494607e-05 4.465984e-05 5.148953e+01 3.646412e+00 
2.250348e+02 2.825605e-05 1.747380e-06 3.555930e-05 4.545241e-05 5.147544e+01 3.538717e+00 
2.268908e+02 2.842333e-05 2.160652e-06 3.620901e-05 4.608303e-05 5.178861e+01 4.347085e+00 
2.295877e+02 2.883841e-05 9.449210e-07 3.762068e-05 4.741162e-05 5.251292e+01 1.876685e+00 
2.318938e+02 2.760466e-05 7.335602e-07 3.917993e-05 4.793352e-05 5.482344e+01 1.522207e+00 
2.335234e+02 2.712077e-05 -7.664031e-08 3.922604e-05 4.768883e-05 5.534003e+01 -1.619112e-01 
2.353038e+02 2.534388e-05 4.259433e-07 3.857658e-05 4.615893e-05 5.669234e+01 9.628539e-01 
2.363412e+02 2.491356e-05 -3.599143e-07 3.690967e-05 4.453244e-05 5.597837e+01 -8.276672e-01 
2.382151e+02 2.332998e-05 -4.227696e-07 3.573575e-05 4.267916e-05 5.685730e+01 -1.038161e+00 
2.394675e+02 2.475696e-05 9.533098e-08 3.634829e-05 4.397857e-05 5.574087e+01 2.206262e-01 
2.412849e+02 2.413231e-05 6.308801e-07 3.523527e-05 4.271172e-05 5.558399e+01 1.497517e+00 
2.428526e+02 2.432542e-05 1.108508e-06 3.462690e-05 4.233175e-05 5.488398e+01 2.609161e+00 
2.439705e+02 2.515369e-05 7.351908e-07 3.379070e-05 4.213146e-05 5.332440e+01 1.674161e+00 
2.455183e+02 2.590280e-05 1.122262e-06 3.387217e-05 4.265605e-05 5.256813e+01 2.480840e+00 
2.469844e+02 2.550145e-05 1.197135e-06 3.390514e-05 4.244191e-05 5.302137e+01 2.687708e+00 
2.481270e+02 2.595855e-05 1.097539e-06 3.404851e-05 4.282934e-05 5.265346e+01 2.421049e+00 
2.491184e+02 2.578969e-05 1.190830e-06 3.367657e-05 4.243392e-05 5.252547e+01 2.643735e+00 
2.503611e+02 2.607052e-05 1.406815e-06 3.382113e-05 4.272611e-05 5.233341e+01 3.088794e+00 
2.535700e+02 2.638228e-05 1.227144e-06 3.394332e-05 4.300790e-05 5.211403e+01 2.663133e+00 
2.559534e+02 2.604561e-05 1.626112e-06 3.387304e-05 4.275980e-05 5.238878e+01 3.572525e+00 
2.586392e+02 2.675664e-05 1.591336e-06 3.418709e-05 4.344200e-05 5.190226e+01 3.403624e+00 
2.888399e+02 2.752171e-05 3.410272e-07 3.393458e-05 4.369344e-05 5.095502e+01 7.099275e-01 
2.931717e+02 2.683184e-05 8.527697e-07 3.408912e-05 4.339059e-05 5.177935e+01 1.820362e+00 
2.949700e+02 2.675408e-05 1.328407e-06 3.052714e-05 4.061345e-05 4.873361e+01 2.842544e+00 
2.980614e+02 2.689187e-05 5.282992e-07 3.370586e-05 4.312234e-05 5.141036e+01 1.125449e+00 
2.998929e+02 2.688816e-05 5.004496e-07 3.346203e-05 4.292937e-05 5.121181e+01 1.066281e+00 
3.017394e+02 2.612463e-05 3.881979e-07 3.386035e-05 4.276880e-05 5.234530e+01 8.513216e-01 
3.036463e+02 2.559112e-05 4.313762e-07 3.494759e-05 4.331773e-05 5.378187e+01 9.657138e-01 
3.057892e+02 2.524383e-05 6.620013e-07 3.558829e-05 4.363732e-05 5.464150e+01 1.502196e+00 
3.075387e+02 2.555460e-05 -1.677843e-07 3.538040e-05 4.364446e-05 5.415954e+01 -3.761826e-01 
3.088919e+02 2.533373e-05 -7.340752e-08 3.529680e-05 4.344729e-05 5.433157e+01 -1.660209e-01 
3.099811e+02 2.455475e-05 1.568098e-07 3.564183e-05 4.328164e-05 5.543530e+01 3.658934e-01 
3.119751e+02 2.351973e-05 -6.607552e-07 3.637753e-05 4.332366e-05 5.710518e+01 -1.609225e+00 
3.137316e+02 2.379911e-05 -1.117574e-07 3.545145e-05 4.269913e-05 5.612563e+01 -2.690512e-01 
3.158266e+02 2.360041e-05 6.275592e-07 3.698256e-05 4.387576e-05 5.744684e+01 1.523195e+00 
3.179838e+02 2.404424e-05 3.378522e-07 3.598358e-05 4.327884e-05 5.624652e+01 8.050256e-01 
3.204795e+02 2.448267e-05 6.544269e-08 3.590892e-05 4.346097e-05 5.571378e+01 1.531525e-01 
