# 1,2,3, 4    , 5    , 6    , 7    , 8    , 9     
# x,y,z, Bx_si, By_si, Bz_si, Bx_th, By_th, Bz_th 
2.300000e-01 2.477900e+01 1.000000e+00 4.267861e-06 -8.386838e-07 -2.112929e-06 0.000000e+00 0.000000e+00 0.000000e+00 
1.294348e+00 2.477900e+01 1.000000e+00 3.670485e-06 -8.645405e-07 -2.975585e-06 0.000000e+00 0.000000e+00 0.000000e+00 
2.358696e+00 2.477900e+01 1.000000e+00 3.095803e-06 -8.900183e-07 -3.297157e-06 0.000000e+00 0.000000e+00 0.000000e+00 
3.423043e+00 2.477900e+01 1.000000e+00 2.670143e-06 -9.149935e-07 -3.442552e-06 0.000000e+00 0.000000e+00 0.000000e+00 
4.487391e+00 2.477900e+01 1.000000e+00 2.341492e-06 -9.393470e-07 -3.522784e-06 0.000000e+00 0.000000e+00 0.000000e+00 
5.551739e+00 2.477900e+01 1.000000e+00 2.075515e-06 -9.629660e-07 -3.572935e-06 0.000000e+00 0.000000e+00 0.000000e+00 
6.616087e+00 2.477900e+01 1.000000e+00 1.852507e-06 -9.857461e-07 -3.606922e-06 0.000000e+00 0.000000e+00 0.000000e+00 
7.680435e+00 2.477900e+01 1.000000e+00 1.660547e-06 -1.007592e-06 -3.631269e-06 0.000000e+00 0.000000e+00 0.000000e+00 
8.744783e+00 2.477900e+01 1.000000e+00 1.491960e-06 -1.028418e-06 -3.649419e-06 0.000000e+00 0.000000e+00 0.000000e+00 
9.809130e+00 2.477900e+01 1.000000e+00 1.341530e-06 -1.048151e-06 -3.663353e-06 0.000000e+00 0.000000e+00 0.000000e+00 
1.087348e+01 2.477900e+01 1.000000e+00 1.205546e-06 -1.066725e-06 -3.674291e-06 0.000000e+00 0.000000e+00 0.000000e+00 
1.193783e+01 2.477900e+01 1.000000e+00 1.081265e-06 -1.084086e-06 -3.683022e-06 0.000000e+00 0.000000e+00 0.000000e+00 
1.300217e+01 2.477900e+01 1.000000e+00 9.665938e-07 -1.100190e-06 -3.690079e-06 0.000000e+00 0.000000e+00 0.000000e+00 
1.406652e+01 2.477900e+01 1.000000e+00 8.598897e-07 -1.115000e-06 -3.695834e-06 0.000000e+00 0.000000e+00 0.000000e+00 
1.513087e+01 2.477900e+01 1.000000e+00 7.598300e-07 -1.128488e-06 -3.700553e-06 0.000000e+00 0.000000e+00 0.000000e+00 
1.619522e+01 2.477900e+01 1.000000e+00 6.653261e-07 -1.140631e-06 -3.704430e-06 0.000000e+00 0.000000e+00 0.000000e+00 
1.725957e+01 2.477900e+01 1.000000e+00 5.754630e-07 -1.151413e-06 -3.707612e-06 0.000000e+00 0.000000e+00 0.000000e+00 
1.832391e+01 2.477900e+01 1.000000e+00 4.894566e-07 -1.160823e-06 -3.710208e-06 0.000000e+00 0.000000e+00 0.000000e+00 
1.938826e+01 2.477900e+01 1.000000e+00 4.066223e-07 -1.168852e-06 -3.712300e-06 0.000000e+00 0.000000e+00 0.000000e+00 
2.045261e+01 2.477900e+01 1.000000e+00 3.263511e-07 -1.175495e-06 -3.713951e-06 0.000000e+00 0.000000e+00 0.000000e+00 
2.151696e+01 2.477900e+01 1.000000e+00 2.480917e-07 -1.180749e-06 -3.715209e-06 0.000000e+00 0.000000e+00 0.000000e+00 
2.258130e+01 2.477900e+01 1.000000e+00 1.713352e-07 -1.184610e-06 -3.716108e-06 0.000000e+00 0.000000e+00 0.000000e+00 
2.364565e+01 2.477900e+01 1.000000e+00 9.560392e-08 -1.187080e-06 -3.716672e-06 0.000000e+00 0.000000e+00 0.000000e+00 
2.471000e+01 2.477900e+01 1.000000e+00 2.044008e-08 -1.188156e-06 -3.716915e-06 0.000000e+00 0.000000e+00 0.000000e+00 
2.577435e+01 2.477900e+01 1.000000e+00 -5.460285e-08 -1.187839e-06 -3.716844e-06 0.000000e+00 0.000000e+00 0.000000e+00 
2.683870e+01 2.477900e+01 1.000000e+00 -1.299691e-07 -1.186129e-06 -3.716456e-06 0.000000e+00 0.000000e+00 0.000000e+00 
2.790304e+01 2.477900e+01 1.000000e+00 -2.061092e-07 -1.183026e-06 -3.715742e-06 0.000000e+00 0.000000e+00 0.000000e+00 
2.896739e+01 2.477900e+01 1.000000e+00 -2.834887e-07 -1.178530e-06 -3.714683e-06 0.000000e+00 0.000000e+00 0.000000e+00 
3.003174e+01 2.477900e+01 1.000000e+00 -3.625983e-07 -1.172644e-06 -3.713251e-06 0.000000e+00 0.000000e+00 0.000000e+00 
3.109609e+01 2.477900e+01 1.000000e+00 -4.439644e-07 -1.165370e-06 -3.711406e-06 0.000000e+00 0.000000e+00 0.000000e+00 
3.216043e+01 2.477900e+01 1.000000e+00 -5.281627e-07 -1.156712e-06 -3.709093e-06 0.000000e+00 0.000000e+00 0.000000e+00 
3.322478e+01 2.477900e+01 1.000000e+00 -6.158339e-07 -1.146676e-06 -3.706243e-06 0.000000e+00 0.000000e+00 0.000000e+00 
3.428913e+01 2.477900e+01 1.000000e+00 -7.077046e-07 -1.135273e-06 -3.702760e-06 0.000000e+00 0.000000e+00 0.000000e+00 
3.535348e+01 2.477900e+01 1.000000e+00 -8.046140e-07 -1.122515e-06 -3.698520e-06 0.000000e+00 0.000000e+00 0.000000e+00 
3.641783e+01 2.477900e+01 1.000000e+00 -9.075499e-07 -1.108423e-06 -3.693358e-06 0.000000e+00 0.000000e+00 0.000000e+00 
3.748217e+01 2.477900e+01 1.000000e+00 -1.017699e-06 -1.093020e-06 -3.687049e-06 0.000000e+00 0.000000e+00 0.000000e+00 
3.854652e+01 2.477900e+01 1.000000e+00 -1.136516e-06 -1.076339e-06 -3.679284e-06 0.000000e+00 0.000000e+00 0.000000e+00 
3.961087e+01 2.477900e+01 1.000000e+00 -1.265830e-06 -1.058420e-06 -3.669627e-06 0.000000e+00 0.000000e+00 0.000000e+00 
4.067522e+01 2.477900e+01 1.000000e+00 -1.407999e-06 -1.039311e-06 -3.657444e-06 0.000000e+00 0.000000e+00 0.000000e+00 
4.173957e+01 2.477900e+01 1.000000e+00 -1.566156e-06 -1.019072e-06 -3.641778e-06 0.000000e+00 0.000000e+00 0.000000e+00 
4.280391e+01 2.477900e+01 1.000000e+00 -1.744613e-06 -9.977722e-07 -3.621119e-06 0.000000e+00 0.000000e+00 0.000000e+00 
4.386826e+01 2.477900e+01 1.000000e+00 -1.949551e-06 -9.754900e-07 -3.592943e-06 0.000000e+00 0.000000e+00 0.000000e+00 
4.493261e+01 2.477900e+01 1.000000e+00 -2.190278e-06 -9.523157e-07 -3.552701e-06 0.000000e+00 0.000000e+00 0.000000e+00 
4.599696e+01 2.477900e+01 1.000000e+00 -2.481659e-06 -9.283490e-07 -3.491339e-06 0.000000e+00 0.000000e+00 0.000000e+00 
4.706130e+01 2.477900e+01 1.000000e+00 -2.848970e-06 -9.036982e-07 -3.388172e-06 0.000000e+00 0.000000e+00 0.000000e+00 
4.812565e+01 2.477900e+01 1.000000e+00 -3.335935e-06 -8.784792e-07 -3.185737e-06 0.000000e+00 0.000000e+00 0.000000e+00 
4.919000e+01 2.477900e+01 1.000000e+00 -3.977002e-06 -8.528135e-07 -2.684177e-06 0.000000e+00 0.000000e+00 0.000000e+00 
