# 1,2,3, 4    , 5    , 6    , 7    , 8    , 9     
# x,y,z, Bx_si, By_si, Bz_si, Bx_th, By_th, Bz_th 
2.300000e-01 2.477900e+01 1.000000e+00 3.578275e-06 -4.710960e-07 -1.211221e-06 0.000000e+00 0.000000e+00 0.000000e+00 
1.294348e+00 2.477900e+01 1.000000e+00 2.991691e-06 -4.893954e-07 -2.029640e-06 0.000000e+00 0.000000e+00 0.000000e+00 
2.358696e+00 2.477900e+01 1.000000e+00 2.430529e-06 -5.074580e-07 -2.307547e-06 0.000000e+00 0.000000e+00 0.000000e+00 
3.423043e+00 2.477900e+01 1.000000e+00 2.021054e-06 -5.251843e-07 -2.410149e-06 0.000000e+00 0.000000e+00 0.000000e+00 
4.487391e+00 2.477900e+01 1.000000e+00 1.711145e-06 -5.424788e-07 -2.448744e-06 0.000000e+00 0.000000e+00 0.000000e+00 
5.551739e+00 2.477900e+01 1.000000e+00 1.466333e-06 -5.592521e-07 -2.458672e-06 0.000000e+00 0.000000e+00 0.000000e+00 
6.616087e+00 2.477900e+01 1.000000e+00 1.266744e-06 -5.754220e-07 -2.454075e-06 0.000000e+00 0.000000e+00 0.000000e+00 
7.680435e+00 2.477900e+01 1.000000e+00 1.100275e-06 -5.909149e-07 -2.441671e-06 0.000000e+00 0.000000e+00 0.000000e+00 
8.744783e+00 2.477900e+01 1.000000e+00 9.590547e-07 -6.056659e-07 -2.425057e-06 0.000000e+00 0.000000e+00 0.000000e+00 
9.809130e+00 2.477900e+01 1.000000e+00 8.376664e-07 -6.196196e-07 -2.406339e-06 0.000000e+00 0.000000e+00 0.000000e+00 
1.087348e+01 2.477900e+01 1.000000e+00 7.322007e-07 -6.327298e-07 -2.386823e-06 0.000000e+00 0.000000e+00 0.000000e+00 
1.193783e+01 2.477900e+01 1.000000e+00 6.397243e-07 -6.449588e-07 -2.367360e-06 0.000000e+00 0.000000e+00 0.000000e+00 
1.300217e+01 2.477900e+01 1.000000e+00 5.579645e-07 -6.562773e-07 -2.348517e-06 0.000000e+00 0.000000e+00 0.000000e+00 
1.406652e+01 2.477900e+01 1.000000e+00 4.851119e-07 -6.666629e-07 -2.330681e-06 0.000000e+00 0.000000e+00 0.000000e+00 
1.513087e+01 2.477900e+01 1.000000e+00 4.196937e-07 -6.760996e-07 -2.314114e-06 0.000000e+00 0.000000e+00 0.000000e+00 
1.619522e+01 2.477900e+01 1.000000e+00 3.604869e-07 -6.845766e-07 -2.298998e-06 0.000000e+00 0.000000e+00 0.000000e+00 
1.725957e+01 2.477900e+01 1.000000e+00 3.064582e-07 -6.920876e-07 -2.285454e-06 0.000000e+00 0.000000e+00 0.000000e+00 
1.832391e+01 2.477900e+01 1.000000e+00 2.567207e-07 -6.986292e-07 -2.273563e-06 0.000000e+00 0.000000e+00 0.000000e+00 
1.938826e+01 2.477900e+01 1.000000e+00 2.105010e-07 -7.042008e-07 -2.263377e-06 0.000000e+00 0.000000e+00 0.000000e+00 
2.045261e+01 2.477900e+01 1.000000e+00 1.671140e-07 -7.088031e-07 -2.254930e-06 0.000000e+00 0.000000e+00 0.000000e+00 
2.151696e+01 2.477900e+01 1.000000e+00 1.259429e-07 -7.124378e-07 -2.248239e-06 0.000000e+00 0.000000e+00 0.000000e+00 
2.258130e+01 2.477900e+01 1.000000e+00 8.642263e-08 -7.151069e-07 -2.243317e-06 0.000000e+00 0.000000e+00 0.000000e+00 
2.364565e+01 2.477900e+01 1.000000e+00 4.802562e-08 -7.168123e-07 -2.240168e-06 0.000000e+00 0.000000e+00 0.000000e+00 
2.471000e+01 2.477900e+01 1.000000e+00 1.024946e-08 -7.175553e-07 -2.238796e-06 0.000000e+00 0.000000e+00 0.000000e+00 
2.577435e+01 2.477900e+01 1.000000e+00 -2.739449e-08 -7.173364e-07 -2.239200e-06 0.000000e+00 0.000000e+00 0.000000e+00 
2.683870e+01 2.477900e+01 1.000000e+00 -6.539202e-08 -7.161556e-07 -2.241381e-06 0.000000e+00 0.000000e+00 0.000000e+00 
2.790304e+01 2.477900e+01 1.000000e+00 -1.042367e-07 -7.140119e-07 -2.245337e-06 0.000000e+00 0.000000e+00 0.000000e+00 
2.896739e+01 2.477900e+01 1.000000e+00 -1.444408e-07 -7.109036e-07 -2.251065e-06 0.000000e+00 0.000000e+00 0.000000e+00 
3.003174e+01 2.477900e+01 1.000000e+00 -1.865474e-07 -7.068288e-07 -2.258557e-06 0.000000e+00 0.000000e+00 0.000000e+00 
3.109609e+01 2.477900e+01 1.000000e+00 -2.311433e-07 -7.017856e-07 -2.267799e-06 0.000000e+00 0.000000e+00 0.000000e+00 
3.216043e+01 2.477900e+01 1.000000e+00 -2.788741e-07 -6.957726e-07 -2.278765e-06 0.000000e+00 0.000000e+00 0.000000e+00 
3.322478e+01 2.477900e+01 1.000000e+00 -3.304623e-07 -6.887896e-07 -2.291417e-06 0.000000e+00 0.000000e+00 0.000000e+00 
3.428913e+01 2.477900e+01 1.000000e+00 -3.867295e-07 -6.808385e-07 -2.305688e-06 0.000000e+00 0.000000e+00 0.000000e+00 
3.535348e+01 2.477900e+01 1.000000e+00 -4.486246e-07 -6.719237e-07 -2.321483e-06 0.000000e+00 0.000000e+00 0.000000e+00 
3.641783e+01 2.477900e+01 1.000000e+00 -5.172609e-07 -6.620536e-07 -2.338654e-06 0.000000e+00 0.000000e+00 0.000000e+00 
3.748217e+01 2.477900e+01 1.000000e+00 -5.939663e-07 -6.512411e-07 -2.356987e-06 0.000000e+00 0.000000e+00 0.000000e+00 
3.854652e+01 2.477900e+01 1.000000e+00 -6.803543e-07 -6.395051e-07 -2.376169e-06 0.000000e+00 0.000000e+00 0.000000e+00 
3.961087e+01 2.477900e+01 1.000000e+00 -7.784257e-07 -6.268710e-07 -2.395740e-06 0.000000e+00 0.000000e+00 0.000000e+00 
4.067522e+01 2.477900e+01 1.000000e+00 -8.907241e-07 -6.133717e-07 -2.415021e-06 0.000000e+00 0.000000e+00 0.000000e+00 
4.173957e+01 2.477900e+01 1.000000e+00 -1.020578e-06 -5.990489e-07 -2.432981e-06 0.000000e+00 0.000000e+00 0.000000e+00 
4.280391e+01 2.477900e+01 1.000000e+00 -1.172497e-06 -5.839529e-07 -2.448007e-06 0.000000e+00 0.000000e+00 0.000000e+00 
4.386826e+01 2.477900e+01 1.000000e+00 -1.352863e-06 -5.681434e-07 -2.457438e-06 0.000000e+00 0.000000e+00 0.000000e+00 
4.493261e+01 2.477900e+01 1.000000e+00 -1.571174e-06 -5.516892e-07 -2.456551e-06 0.000000e+00 0.000000e+00 0.000000e+00 
4.599696e+01 2.477900e+01 1.000000e+00 -1.842474e-06 -5.346680e-07 -2.436086e-06 0.000000e+00 0.000000e+00 0.000000e+00 
4.706130e+01 2.477900e+01 1.000000e+00 -2.192191e-06 -5.171655e-07 -2.375116e-06 0.000000e+00 0.000000e+00 0.000000e+00 
4.812565e+01 2.477900e+01 1.000000e+00 -2.664173e-06 -4.992741e-07 -2.215907e-06 0.000000e+00 0.000000e+00 0.000000e+00 
4.919000e+01 2.477900e+01 1.000000e+00 -3.292956e-06 -4.810912e-07 -1.758311e-06 0.000000e+00 0.000000e+00 0.000000e+00 
