# 1, 2, 3, 4   , 5   , 6   , 7   , 8   , 9   , 10  
# x, y, z, Bx_si, By_si, Bz_si, In_si, Ic_si, Dc_si, dmeas 
5.017029e+05 4.171113e+06 1.616912e+03 -6.056706e-08 1.204354e-08 1.929270e-07 2.025691e-07 7.225096e+01 1.687536e+02 0.000000e+00 
5.017031e+05 4.171114e+06 1.616912e+03 -6.100868e-08 1.182155e-08 1.924759e-07 2.022592e-07 7.210663e+01 1.690338e+02 1.313858e+00 
5.017019e+05 4.171117e+06 1.616912e+03 -6.160193e-08 1.218029e-08 1.923262e-07 2.023179e-07 7.191813e+01 1.688154e+02 3.704210e+00 
5.017019e+05 4.171117e+06 1.616912e+03 -6.160193e-08 1.218029e-08 1.923262e-07 2.023179e-07 7.191813e+01 1.688154e+02 3.704210e+00 
5.017032e+05 4.171117e+06 1.616912e+03 -6.193151e-08 1.155021e-08 1.917370e-07 2.018217e-07 7.181094e+01 1.694357e+02 5.176935e+00 
5.017055e+05 4.171118e+06 1.616912e+03 -6.233071e-08 1.055473e-08 1.908961e-07 2.010916e-07 7.167696e+01 1.703890e+02 7.529181e+00 
5.017065e+05 4.171119e+06 1.616912e+03 -6.282429e-08 1.007922e-08 1.903473e-07 2.007002e-07 7.151669e+01 1.708854e+02 9.022361e+00 
5.017076e+05 4.171120e+06 1.616912e+03 -6.331588e-08 9.554645e-09 1.897903e-07 2.003011e-07 7.135628e+01 1.714186e+02 1.058217e+01 
5.017092e+05 4.171121e+06 1.616912e+03 -6.379926e-08 8.886079e-09 1.891707e-07 1.998371e-07 7.119561e+01 1.720707e+02 1.241860e+01 
5.017108e+05 4.171122e+06 1.616912e+03 -6.448542e-08 8.203342e-09 1.884843e-07 1.993790e-07 7.097153e+01 1.727502e+02 1.455690e+01 
5.017117e+05 4.171125e+06 1.616912e+03 -6.548683e-08 7.730263e-09 1.878493e-07 1.990870e-07 7.065718e+01 1.732678e+02 1.697472e+01 
5.017148e+05 4.171124e+06 1.616912e+03 -6.534202e-08 6.707222e-09 1.873299e-07 1.985121e-07 7.067729e+01 1.741392e+02 2.015689e+01 
5.017171e+05 4.171124e+06 1.616912e+03 -6.536214e-08 5.943209e-09 1.869428e-07 1.981291e-07 7.065487e+01 1.748045e+02 2.247984e+01 
5.017185e+05 4.171125e+06 1.616912e+03 -6.598234e-08 5.404298e-09 1.864636e-07 1.978675e-07 7.045276e+01 1.753176e+02 2.441537e+01 
5.017205e+05 4.171126e+06 1.616912e+03 -6.640991e-08 4.728775e-09 1.860240e-07 1.975792e-07 7.030769e+01 1.759271e+02 2.656648e+01 
5.017212e+05 4.171125e+06 1.616912e+03 -6.636431e-08 4.513991e-09 1.859537e-07 1.974927e-07 7.031732e+01 1.761088e+02 2.729138e+01 
5.017228e+05 4.171125e+06 1.616912e+03 -6.635631e-08 4.017518e-09 1.857719e-07 1.973081e-07 7.031043e+01 1.765353e+02 2.891230e+01 
5.017246e+05 4.171127e+06 1.616912e+03 -6.714308e-08 3.425941e-09 1.853058e-07 1.971248e-07 7.005882e+01 1.770790e+02 3.129915e+01 
5.017253e+05 4.171127e+06 1.616912e+03 -6.740627e-08 3.206815e-09 1.851552e-07 1.970694e-07 6.997499e+01 1.772762e+02 3.215546e+01 
5.017265e+05 4.171128e+06 1.616912e+03 -6.779797e-08 2.812837e-09 1.849243e-07 1.969809e-07 6.984985e+01 1.776242e+02 3.362494e+01 
5.017280e+05 4.171130e+06 1.616912e+03 -6.851675e-08 2.363642e-09 1.846112e-07 1.969300e-07 6.962694e+01 1.780242e+02 3.563105e+01 
5.017284e+05 4.171131e+06 1.616912e+03 -6.940504e-08 2.212250e-09 1.843634e-07 1.970072e-07 6.936117e+01 1.781743e+02 3.741758e+01 
5.017281e+05 4.171132e+06 1.616912e+03 -6.996692e-08 2.269978e-09 1.842616e-07 1.971113e-07 6.919747e+01 1.781418e+02 3.854291e+01 
5.017282e+05 4.171134e+06 1.616912e+03 -7.058316e-08 2.219732e-09 1.841370e-07 1.972140e-07 6.901777e+01 1.781987e+02 3.968929e+01 
5.017307e+05 4.171134e+06 1.616912e+03 -7.083808e-08 1.523745e-09 1.839448e-07 1.971194e-07 6.893361e+01 1.787677e+02 4.223027e+01 
5.017298e+05 4.171138e+06 1.616912e+03 -7.311930e-08 1.684923e-09 1.836797e-07 1.977056e-07 6.828823e+01 1.786799e+02 4.629250e+01 
5.017313e+05 4.171139e+06 1.616912e+03 -7.405548e-08 1.279434e-09 1.835209e-07 1.979034e-07 6.802166e+01 1.790102e+02 4.837712e+01 
5.017329e+05 4.171141e+06 1.616912e+03 -7.496285e-08 8.536099e-10 1.833981e-07 1.981288e-07 6.776671e+01 1.793476e+02 5.050461e+01 
5.017342e+05 4.171141e+06 1.616912e+03 -7.511129e-08 5.384280e-10 1.833588e-07 1.981475e-07 6.772347e+01 1.795893e+02 5.177443e+01 
5.017350e+05 4.171141e+06 1.616912e+03 -7.539267e-08 3.167881e-10 1.833303e-07 1.982275e-07 6.764541e+01 1.797593e+02 5.275139e+01 
5.017362e+05 4.171142e+06 1.616912e+03 -7.592869e-08 2.118016e-11 1.832983e-07 1.984022e-07 6.749892e+01 1.799840e+02 5.418483e+01 
5.017370e+05 4.171144e+06 1.616912e+03 -7.711298e-08 -1.596574e-10 1.832641e-07 1.988270e-07 6.717980e+01 -1.798814e+02 5.606084e+01 
5.017375e+05 4.171145e+06 1.616912e+03 -7.804728e-08 -2.887391e-10 1.832564e-07 1.991842e-07 6.693113e+01 -1.797880e+02 5.748271e+01 
5.017379e+05 4.171146e+06 1.616912e+03 -7.888788e-08 -3.670351e-10 1.832605e-07 1.995190e-07 6.670942e+01 -1.797334e+02 5.867883e+01 
5.017395e+05 4.171147e+06 1.616912e+03 -7.956358e-08 -7.443110e-10 1.833026e-07 1.998268e-07 6.653554e+01 -1.794640e+02 6.056182e+01 
5.017400e+05 4.171148e+06 1.616912e+03 -8.022753e-08 -8.390754e-10 1.833285e-07 2.001162e-07 6.636388e+01 -1.794008e+02 6.153753e+01 
5.017407e+05 4.171148e+06 1.616912e+03 -8.043541e-08 -1.005567e-09 1.833603e-07 2.002295e-07 6.631254e+01 -1.792838e+02 6.232824e+01 
5.017419e+05 4.171149e+06 1.616912e+03 -8.093673e-08 -1.259828e-09 1.834259e-07 2.004929e-07 6.618796e+01 -1.791082e+02 6.365586e+01 
5.017440e+05 4.171149e+06 1.616912e+03 -8.109939e-08 -1.739255e-09 1.835580e-07 2.006830e-07 6.615839e+01 -1.787714e+02 6.578729e+01 
