# 1, 2, 3, 4   , 5   , 6   , 7   , 8   , 9   , 10  
# x, y, z, Bx_si, By_si, Bz_si, In_si, Ic_si, Dc_si, dmeas 
5.017029e+05 4.171113e+06 1.617170e+03 -1.616506e-07 -5.208121e-08 1.219864e-07 2.091029e-07 -3.568859e+01 -1.078581e+02 0.000000e+00 
5.017031e+05 4.171114e+06 1.616895e+03 -1.430559e-07 -2.930483e-08 1.416908e-07 2.034700e-07 -4.413664e+01 -1.015768e+02 1.313858e+00 
5.017019e+05 4.171117e+06 1.617109e+03 -1.289936e-07 -9.434319e-09 1.450014e-07 1.943033e-07 -4.826774e+01 -9.418304e+01 3.704210e+00 
5.017019e+05 4.171117e+06 1.617109e+03 -1.289936e-07 -9.434319e-09 1.450014e-07 1.943033e-07 -4.826774e+01 -9.418304e+01 3.704210e+00 
5.017032e+05 4.171117e+06 1.616563e+03 -1.286153e-07 3.729131e-09 1.606155e-07 2.057988e-07 -5.130172e+01 -8.833921e+01 5.176935e+00 
5.017055e+05 4.171118e+06 1.615680e+03 -1.187701e-07 7.119900e-09 2.035620e-07 2.357849e-07 -5.969343e+01 -8.656940e+01 7.529181e+00 
5.017065e+05 4.171119e+06 1.615216e+03 -1.032804e-07 2.929486e-08 2.330193e-07 2.565600e-07 -6.526393e+01 -7.416433e+01 9.022361e+00 
5.017076e+05 4.171120e+06 1.614730e+03 -7.821967e-08 4.334037e-08 2.659255e-07 2.805585e-07 -7.141345e+01 -6.100981e+01 1.058217e+01 
5.017092e+05 4.171121e+06 1.614184e+03 -1.041011e-08 5.993200e-08 3.008342e-07 3.069226e-07 -7.856879e+01 -9.853889e+00 1.241860e+01 
5.017108e+05 4.171122e+06 1.614059e+03 3.719716e-08 1.261517e-07 2.971149e-07 3.249233e-07 -6.612287e+01 1.642872e+01 1.455690e+01 
5.017117e+05 4.171125e+06 1.614856e+03 4.054380e-08 2.722888e-07 1.918642e-07 3.355546e-07 -3.487462e+01 8.469116e+00 1.697472e+01 
5.017148e+05 4.171124e+06 1.614502e+03 4.463405e-08 2.589548e-07 1.863311e-07 3.221320e-07 -3.534024e+01 9.779543e+00 2.015689e+01 
5.017171e+05 4.171124e+06 1.614656e+03 3.844545e-08 2.469006e-07 8.525643e-08 2.640201e-07 -1.883939e+01 8.850580e+00 2.247984e+01 
5.017185e+05 4.171125e+06 1.615438e+03 -6.197846e-08 2.370530e-07 -3.228702e-08 2.471395e-07 7.506745e+00 -1.465222e+01 2.441537e+01 
5.017205e+05 4.171126e+06 1.615311e+03 -1.512781e-07 1.806576e-07 -7.552039e-09 2.357526e-07 1.835713e+00 -3.994195e+01 2.656648e+01 
5.017212e+05 4.171125e+06 1.615059e+03 -1.455687e-07 1.538862e-07 1.617745e-08 2.124451e-07 -4.367236e+00 -4.340898e+01 2.729138e+01 
5.017228e+05 4.171125e+06 1.614581e+03 -1.253875e-07 1.007870e-07 5.168031e-08 1.689701e-07 -1.780960e+01 -5.120754e+01 2.891230e+01 
5.017246e+05 4.171127e+06 1.614514e+03 -8.213223e-08 7.000850e-08 6.545952e-08 1.262214e-07 -3.123897e+01 -4.955614e+01 3.129915e+01 
5.017253e+05 4.171127e+06 1.614509e+03 -7.901257e-08 6.095245e-08 6.146134e-08 1.171993e-07 -3.162902e+01 -5.235243e+01 3.215546e+01 
5.017265e+05 4.171128e+06 1.614426e+03 -7.251053e-08 5.985583e-08 6.725554e-08 1.156019e-07 -3.557624e+01 -5.046108e+01 3.362494e+01 
5.017280e+05 4.171130e+06 1.614390e+03 -6.320091e-08 7.489252e-08 6.952940e-08 1.201565e-07 -3.535614e+01 -4.016062e+01 3.563105e+01 
5.017284e+05 4.171131e+06 1.614577e+03 -6.184200e-08 8.408825e-08 6.426928e-08 1.225798e-07 -3.162151e+01 -3.633231e+01 3.741758e+01 
5.017281e+05 4.171132e+06 1.614749e+03 -5.565009e-08 9.090803e-08 7.142133e-08 1.283051e-07 -3.382459e+01 -3.147322e+01 3.854291e+01 
5.017282e+05 4.171134e+06 1.614910e+03 -6.705758e-08 1.083160e-07 6.562766e-08 1.433041e-07 -2.725559e+01 -3.176132e+01 3.968929e+01 
5.017307e+05 4.171134e+06 1.614524e+03 -7.623402e-08 1.029616e-07 8.728584e-08 1.550211e-07 -3.426753e+01 -3.651670e+01 4.223027e+01 
5.017298e+05 4.171138e+06 1.615441e+03 -4.921269e-08 8.647284e-08 8.545146e-08 1.311541e-07 -4.065743e+01 -2.964470e+01 4.629250e+01 
5.017313e+05 4.171139e+06 1.615538e+03 -3.461987e-08 8.258172e-08 7.754742e-08 1.184562e-07 -4.089315e+01 -2.274438e+01 4.837712e+01 
5.017329e+05 4.171141e+06 1.615528e+03 -1.875533e-08 7.262186e-08 1.179609e-07 1.397873e-07 -5.755004e+01 -1.448080e+01 5.050461e+01 
5.017342e+05 4.171141e+06 1.615445e+03 2.895674e-08 7.594792e-08 1.333706e-07 1.561868e-07 -5.864037e+01 2.087040e+01 5.177443e+01 
5.017350e+05 4.171141e+06 1.615613e+03 6.169510e-08 9.923679e-08 1.269299e-07 1.725266e-07 -4.736742e+01 3.186905e+01 5.275139e+01 
5.017362e+05 4.171142e+06 1.615985e+03 9.223436e-08 1.470327e-07 9.248250e-08 1.966693e-07 -2.805012e+01 3.210025e+01 5.418483e+01 
5.017370e+05 4.171144e+06 1.616826e+03 8.452960e-08 2.250248e-07 2.478444e-08 2.416520e-07 -5.886752e+00 2.058847e+01 5.606084e+01 
5.017375e+05 4.171145e+06 1.617645e+03 4.854240e-08 2.208459e-07 -6.014158e-08 2.339792e-07 1.489439e+01 1.239661e+01 5.748271e+01 
5.017379e+05 4.171146e+06 1.618290e+03 2.168262e-08 2.081505e-07 -1.162036e-07 2.393743e-07 2.904178e+01 5.946938e+00 5.867883e+01 
5.017395e+05 4.171147e+06 1.618793e+03 -3.654374e-08 1.389289e-07 -1.998651e-07 2.461357e-07 5.429298e+01 -1.473720e+01 6.056182e+01 
5.017400e+05 4.171148e+06 1.619087e+03 -7.186079e-08 6.913397e-08 -1.867753e-07 2.117274e-07 6.190280e+01 -4.610796e+01 6.153753e+01 
5.017407e+05 4.171148e+06 1.619057e+03 -8.186116e-08 4.404199e-08 -1.619352e-07 1.867189e-07 6.014261e+01 -6.171937e+01 6.232824e+01 
5.017419e+05 4.171149e+06 1.618937e+03 -8.774871e-08 1.585375e-08 -1.235978e-07 1.524060e-07 5.419152e+01 -7.975873e+01 6.365586e+01 
5.017440e+05 4.171149e+06 1.618666e+03 -7.412772e-08 2.420306e-09 -8.384594e-08 1.119416e-07 4.850514e+01 -8.812993e+01 6.578729e+01 
