# 1    , 2      , 3      , 4      , 5      , 6      , 7       
# dmeas, Bx_siB0, By_siB0, Bz_siB0, In_siB0, Ic_siB0, Dc_siB0 
0.000000e+00 2.683532e-05 1.398449e-06 3.612161e-05 4.502067e-05 5.335356e+01 2.983115e+00 
1.313858e+00 2.685810e-05 1.417044e-06 3.610191e-05 4.501903e-05 5.331437e+01 3.020148e+00 
3.704210e+00 2.687797e-05 1.431106e-06 3.609860e-05 4.502868e-05 5.329085e+01 3.047813e+00 
3.704210e+00 2.687797e-05 1.431106e-06 3.609860e-05 4.502868e-05 5.329085e+01 3.047813e+00 
5.176935e+00 2.689113e-05 1.431485e-06 3.608298e-05 4.502404e-05 5.326554e+01 3.047127e+00 
7.529181e+00 2.689452e-05 1.441330e-06 3.604004e-05 4.499197e-05 5.322884e+01 3.067658e+00 
9.022361e+00 2.691669e-05 1.456820e-06 3.601058e-05 4.498214e-05 5.318293e+01 3.098012e+00 
1.058217e+01 2.693074e-05 1.481880e-06 3.597767e-05 4.496503e-05 5.314211e+01 3.149559e+00 
1.241860e+01 2.694733e-05 1.549690e-06 3.594277e-05 4.494933e-05 5.309464e+01 3.291346e+00 
1.455690e+01 2.701355e-05 1.597297e-06 3.594649e-05 4.499370e-05 5.302734e+01 3.383929e+00 
1.697472e+01 2.715969e-05 1.600644e-06 3.605174e-05 4.516568e-05 5.295959e+01 3.372799e+00 
2.015689e+01 2.714635e-05 1.604734e-06 3.605727e-05 4.516222e-05 5.297706e+01 3.383055e+00 
2.247984e+01 2.713430e-05 1.598545e-06 3.615834e-05 4.523551e-05 5.306668e+01 3.371532e+00 
2.441537e+01 2.712445e-05 1.498122e-06 3.627589e-05 4.532020e-05 5.317169e+01 3.161314e+00 
2.656648e+01 2.706806e-05 1.408822e-06 3.625115e-05 4.526379e-05 5.321483e+01 2.979408e+00 
2.729138e+01 2.704129e-05 1.414531e-06 3.622742e-05 4.522895e-05 5.322365e+01 2.994416e+00 
2.891230e+01 2.698819e-05 1.434713e-06 3.619192e-05 4.516941e-05 5.324948e+01 3.043023e+00 
3.129915e+01 2.695741e-05 1.477968e-06 3.617814e-05 4.514138e-05 5.326790e+01 3.138158e+00 
3.215546e+01 2.694835e-05 1.481087e-06 3.618214e-05 4.513928e-05 5.327996e+01 3.145824e+00 
3.362494e+01 2.694726e-05 1.487589e-06 3.617634e-05 4.513419e-05 5.327632e+01 3.159735e+00 
3.563105e+01 2.696229e-05 1.496899e-06 3.617407e-05 4.514166e-05 5.325879e+01 3.177699e+00 
3.741758e+01 2.697149e-05 1.498258e-06 3.617933e-05 4.515141e-05 5.325337e+01 3.179495e+00 
3.854291e+01 2.697831e-05 1.504450e-06 3.617218e-05 4.514996e-05 5.324067e+01 3.191803e+00 
3.968929e+01 2.699572e-05 1.493042e-06 3.617797e-05 4.516463e-05 5.322805e+01 3.165612e+00 
4.223027e+01 2.699036e-05 1.483866e-06 3.615631e-05 4.514378e-05 5.321754e+01 3.146818e+00 
4.629250e+01 2.697387e-05 1.510887e-06 3.615815e-05 4.513629e-05 5.323415e+01 3.205958e+00 
4.837712e+01 2.696998e-05 1.525480e-06 3.616605e-05 4.514078e-05 5.324327e+01 3.237323e+00 
5.050461e+01 2.696002e-05 1.541345e-06 3.612564e-05 4.510300e-05 5.322175e+01 3.272123e+00 
5.177443e+01 2.696335e-05 1.589057e-06 3.611023e-05 4.509430e-05 5.320384e+01 3.372766e+00 
5.275139e+01 2.698664e-05 1.621795e-06 3.611667e-05 4.511455e-05 5.318312e+01 3.439124e+00 
5.418483e+01 2.703443e-05 1.652334e-06 3.615112e-05 4.517183e-05 5.315898e+01 3.497546e+00 
5.606084e+01 2.711242e-05 1.644630e-06 3.621882e-05 4.527241e-05 5.313198e+01 3.471287e+00 
5.748271e+01 2.710825e-05 1.608642e-06 3.630374e-05 4.533659e-05 5.320277e+01 3.396032e+00 
5.867883e+01 2.709555e-05 1.581783e-06 3.635980e-05 4.537297e-05 5.325958e+01 3.341018e+00 
6.056182e+01 2.702633e-05 1.523556e-06 3.644347e-05 4.539680e-05 5.339602e+01 3.226522e+00 
6.153753e+01 2.695653e-05 1.488239e-06 3.643038e-05 4.534360e-05 5.345884e+01 3.160026e+00 
6.232824e+01 2.693144e-05 1.478239e-06 3.640554e-05 4.530840e-05 5.346615e+01 3.141753e+00 
6.365586e+01 2.690325e-05 1.472351e-06 3.636720e-05 4.526064e-05 5.346621e+01 3.132537e+00 
6.578729e+01 2.688982e-05 1.485972e-06 3.632745e-05 4.522117e-05 5.344912e+01 3.163035e+00 
