1.0 165.9040752774519 221.49652337907685 0.0 0.0 0.0 0.0 0.0
2.0 166.91674561022404 221.57130814125728 0.0 0.0 0.0 0.0 1.0154279706267713
3.0 167.92941594299617 221.6460929034377 0.0 0.0 0.0 0.0 2.0308559412535425
4.0 168.9420862757683 221.7208776656181 0.0 0.0 0.0 0.0 3.0462839118803116
5.0 169.95475660854044 221.79566242779853 0.0 0.0 0.0 0.0 4.061711882507083
6.0 170.96742694131257 221.87044718997896 0.0 0.0 0.0 0.0 5.077139853133854
7.0 171.9800972740847 221.94523195215936 0.0 0.0 0.0 0.0 6.092567823760623
8.0 172.99276760685683 222.02001671433982 0.0 0.0 0.0 0.0 7.107995794387397
9.0 174.00543793962893 222.09480147652022 0.0 0.0 0.0 0.0 8.123423765014138
10.0 175.01810827240107 222.16958623870062 0.0 0.0 0.0 0.0 9.138851735640907
11.0 176.0307786051732 222.24437100088107 0.0 0.0 0.0 0.0 10.15427970626768
12.0 177.04344893794533 222.31915576306147 0.0 0.0 0.0 0.0 11.169707676894449
13.0 178.05611927071746 222.39394052524187 0.0 0.0 0.0 0.0 12.185135647521218
14.0 179.0687896034896 222.46872528742233 0.0 0.0 0.0 0.0 13.20056361814799
15.0 180.08145993626172 222.54351004960273 0.0 0.0 0.0 0.0 14.21599158877476
16.0 181.09413026903383 222.61829481178316 0.0 0.0 0.0 0.0 15.231419559401502
17.0 182.10680060180596 222.6930795739636 0.0 0.0 0.0 0.0 16.246847530028273
18.0 183.1194709345781 222.767864336144 0.0 0.0 0.0 0.0 17.262275500655043
19.0 184.13214126735022 222.84264909832442 0.0 0.0 0.0 0.0 18.277703471281814
20.0 185.14481160012235 222.91743386050484 0.0 0.0 0.0 0.0 19.293131441908585
