# 1, 2, 3, 4   , 5   , 6   , 7   , 8   , 9   , 10  
# x, y, z, Bx_si, By_si, Bz_si, In_si, Ic_si, Dc_si, dmeas 
5.017023e+05 4.171114e+06 1.618170e+03 -1.185557e-06 -2.873067e-07 6.606428e-07 1.387278e-06 -2.843850e+01 -1.036224e+02 0.000000e+00 
5.017025e+05 4.171115e+06 1.617876e+03 -1.069175e-06 -1.523742e-07 8.810731e-07 1.393787e-06 -3.920842e+01 -9.811093e+01 1.462917e+00 
5.017017e+05 4.171116e+06 1.617986e+03 -1.004932e-06 -8.230068e-09 9.683280e-07 1.395570e-06 -4.393632e+01 -9.046922e+01 3.141891e+00 
5.017033e+05 4.171118e+06 1.617294e+03 -9.443119e-07 1.420393e-07 1.144630e-06 1.490664e-06 -5.016266e+01 -8.144595e+01 5.068891e+00 
5.017051e+05 4.171118e+06 1.616634e+03 -8.775644e-07 1.393652e-07 1.327353e-06 1.597313e-06 -5.620071e+01 -8.097626e+01 6.850777e+00 
5.017057e+05 4.171119e+06 1.616332e+03 -8.232092e-07 2.306771e-07 1.470130e-06 1.700637e-06 -5.982090e+01 -7.434623e+01 7.898114e+00 
5.017070e+05 4.171120e+06 1.615742e+03 -6.350448e-07 4.122261e-07 1.740169e-06 1.897736e-06 -6.648724e+01 -5.701122e+01 9.905640e+00 
5.017086e+05 4.171121e+06 1.615105e+03 -3.199784e-07 5.960487e-07 2.026228e-06 2.136179e-06 -7.153715e+01 -2.822835e+01 1.175228e+01 
5.017102e+05 4.171123e+06 1.614880e+03 1.085524e-07 1.194063e-06 2.019423e-06 2.348540e-06 -5.930123e+01 5.194484e+00 1.408905e+01 
5.017116e+05 4.171124e+06 1.615514e+03 1.988363e-07 1.781284e-06 1.293886e-06 2.210576e-06 -3.582533e+01 6.369290e+00 1.616467e+01 
5.017146e+05 4.171125e+06 1.615862e+03 6.487080e-08 1.963905e-06 6.413091e-07 2.066981e-06 -1.807512e+01 1.891879e+00 1.914335e+01 
5.017166e+05 4.171124e+06 1.615636e+03 2.587130e-08 1.728892e-06 4.575188e-07 1.788592e-06 -1.482089e+01 8.573151e-01 2.129784e+01 
5.017177e+05 4.171125e+06 1.616363e+03 -3.850240e-07 1.624780e-06 -1.010684e-07 1.672833e-06 3.463778e+00 -1.333146e+01 2.294425e+01 
5.017198e+05 4.171127e+06 1.616661e+03 -1.010408e-06 1.215473e-06 -2.986372e-07 1.608565e-06 1.069929e+01 -3.973633e+01 2.543644e+01 
5.017208e+05 4.171126e+06 1.616180e+03 -1.049095e-06 1.114665e-06 -3.873262e-08 1.531201e-06 1.449485e+00 -4.326426e+01 2.651729e+01 
5.017222e+05 4.171126e+06 1.615752e+03 -9.973439e-07 8.670728e-07 2.463719e-07 1.344325e-06 -1.056018e+01 -4.899689e+01 2.789295e+01 
5.017238e+05 4.171127e+06 1.615463e+03 -8.359149e-07 5.891867e-07 4.771359e-07 1.128518e-06 -2.501140e+01 -5.482227e+01 2.990289e+01 
5.017247e+05 4.171127e+06 1.615374e+03 -6.792899e-07 5.337020e-07 4.876242e-07 9.919929e-07 -2.944318e+01 -5.184412e+01 3.085429e+01 
5.017260e+05 4.171129e+06 1.615365e+03 -5.617906e-07 4.947689e-07 5.422962e-07 9.243863e-07 -3.592002e+01 -4.862964e+01 3.269822e+01 
5.017273e+05 4.171130e+06 1.615339e+03 -4.826269e-07 5.656497e-07 5.559144e-07 9.284013e-07 -3.678305e+01 -4.047167e+01 3.451545e+01 
5.017274e+05 4.171132e+06 1.615552e+03 -4.471554e-07 6.701388e-07 5.998118e-07 1.004394e-06 -3.666873e+01 -3.371351e+01 3.640440e+01 
5.017271e+05 4.171134e+06 1.615797e+03 -5.047739e-07 8.320189e-07 5.933139e-07 1.139769e-06 -3.136957e+01 -3.124458e+01 3.803504e+01 
5.017275e+05 4.171135e+06 1.615999e+03 -6.032839e-07 8.207320e-07 5.062104e-07 1.137454e-06 -2.642578e+01 -3.631796e+01 3.905805e+01 
5.017300e+05 4.171135e+06 1.615708e+03 -4.931988e-07 7.196775e-07 5.607767e-07 1.037136e-06 -3.273112e+01 -3.442305e+01 4.164617e+01 
5.017300e+05 4.171136e+06 1.615915e+03 -4.497657e-07 7.061012e-07 5.690148e-07 1.012248e-06 -3.420322e+01 -3.249594e+01 4.279082e+01 
5.017292e+05 4.171139e+06 1.616452e+03 -5.107918e-07 6.478760e-07 5.887697e-07 1.013559e-06 -3.551341e+01 -3.825259e+01 4.524777e+01 
5.017304e+05 4.171140e+06 1.616632e+03 -3.334078e-07 6.750573e-07 5.829531e-07 9.522066e-07 -3.774967e+01 -2.628456e+01 4.726816e+01 
5.017319e+05 4.171141e+06 1.616584e+03 -1.855229e-07 7.343211e-07 7.113796e-07 1.039090e-06 -4.320559e+01 -1.417881e+01 4.909311e+01 
5.017329e+05 4.171142e+06 1.616498e+03 -1.776183e-08 8.361764e-07 8.831928e-07 1.216362e-06 -4.655992e+01 -1.216878e+00 5.032032e+01 
5.017342e+05 4.171142e+06 1.616453e+03 2.670640e-07 9.983661e-07 9.536398e-07 1.406231e-06 -4.269947e+01 1.497604e+01 5.163004e+01 
5.017351e+05 4.171143e+06 1.616749e+03 4.429837e-07 1.279418e-06 7.518347e-07 1.548677e-06 -2.904321e+01 1.909782e+01 5.272181e+01 
5.017360e+05 4.171145e+06 1.617856e+03 3.798169e-07 1.614101e-06 -3.401554e-08 1.658535e-06 1.175184e+00 1.324148e+01 5.463879e+01 
5.017364e+05 4.171146e+06 1.618549e+03 2.118341e-07 1.575114e-06 -5.051540e-07 1.667645e-06 1.763274e+01 7.659640e+00 5.577126e+01 
5.017370e+05 4.171147e+06 1.619246e+03 3.065767e-08 1.336292e-06 -9.412225e-07 1.634783e-06 3.515201e+01 1.314269e+00 5.702038e+01 
5.017386e+05 4.171148e+06 1.619736e+03 -1.922471e-07 8.938017e-07 -1.149504e-06 1.468741e-06 5.150348e+01 -1.213877e+01 5.874908e+01 
5.017396e+05 4.171148e+06 1.619887e+03 -3.602924e-07 6.179205e-07 -1.123425e-06 1.331811e-06 5.751498e+01 -3.024528e+01 5.986494e+01 
5.017405e+05 4.171149e+06 1.619894e+03 -4.702386e-07 4.203498e-07 -1.021605e-06 1.200623e-06 5.830924e+01 -4.820623e+01 6.085990e+01 
5.017417e+05 4.171149e+06 1.619725e+03 -5.139134e-07 2.964098e-07 -8.942782e-07 1.073173e-06 5.643958e+01 -6.002494e+01 6.211224e+01 
5.017438e+05 4.171149e+06 1.619484e+03 -5.168274e-07 9.040033e-08 -6.384762e-07 8.263986e-07 5.058802e+01 -8.007854e+01 6.438260e+01 
