# 1    , 2      , 3      , 4      , 5      , 6      , 7       
# dmeas, Bx_siB0, By_siB0, Bz_siB0, In_siB0, Ic_siB0, Dc_siB0 
0.000000e+00 2.660009e-05 3.745429e-07 3.558296e-05 4.442806e-05 5.321727e+01 8.067005e-01 
1.462917e+00 2.673503e-05 4.909250e-07 3.536253e-05 4.433408e-05 5.290509e+01 1.051982e+00 
3.141891e+00 2.687917e-05 5.551680e-07 3.527527e-05 4.435248e-05 5.268731e+01 1.183231e+00 
5.068891e+00 2.702944e-05 6.157881e-07 3.509897e-05 4.430471e-05 5.239323e+01 1.305094e+00 
6.850777e+00 2.702677e-05 6.825356e-07 3.491625e-05 4.415944e-05 5.224966e+01 1.446644e+00 
7.898114e+00 2.711808e-05 7.368908e-07 3.477347e-05 4.410360e-05 5.204087e+01 1.556539e+00 
9.905640e+00 2.729963e-05 9.250552e-07 3.450343e-05 4.400695e-05 5.163243e+01 1.940740e+00 
1.175228e+01 2.748345e-05 1.240122e-06 3.421737e-05 4.390565e-05 5.120006e+01 2.583576e+00 
1.408905e+01 2.808146e-05 1.668652e-06 3.422418e-05 4.430177e-05 5.058107e+01 3.400622e+00 
1.616467e+01 2.866868e-05 1.758936e-06 3.494971e-05 4.523792e-05 5.058574e+01 3.510920e+00 
1.914335e+01 2.885131e-05 1.624971e-06 3.560229e-05 4.585370e-05 5.093507e+01 3.223622e+00 
2.129784e+01 2.861629e-05 1.585971e-06 3.578608e-05 4.584813e-05 5.130961e+01 3.172200e+00 
2.294425e+01 2.851218e-05 1.175076e-06 3.634467e-05 4.620888e-05 5.186241e+01 2.360003e+00 
2.543644e+01 2.810287e-05 5.496924e-07 3.654224e-05 4.610216e-05 5.243256e+01 1.120563e+00 
2.651729e+01 2.800206e-05 5.110051e-07 3.628233e-05 4.583431e-05 5.233506e+01 1.045465e+00 
2.789295e+01 2.775447e-05 5.627561e-07 3.599723e-05 4.545798e-05 5.236147e+01 1.161583e+00 
2.990289e+01 2.747659e-05 7.241851e-07 3.576646e-05 4.510795e-05 5.245812e+01 1.509763e+00 
3.085429e+01 2.742110e-05 8.808101e-07 3.575598e-05 4.506864e-05 5.250129e+01 1.839800e+00 
3.269822e+01 2.738217e-05 9.983094e-07 3.570130e-05 4.500403e-05 5.249415e+01 2.087986e+00 
3.451545e+01 2.745305e-05 1.077473e-06 3.568769e-05 4.503823e-05 5.240910e+01 2.247582e+00 
3.640440e+01 2.755754e-05 1.112945e-06 3.564379e-05 4.506813e-05 5.226846e+01 2.312703e+00 
3.803504e+01 2.771942e-05 1.055326e-06 3.565029e-05 4.517104e-05 5.211350e+01 2.180296e+00 
3.905805e+01 2.770813e-05 9.568161e-07 3.573739e-05 4.523071e-05 5.219611e+01 1.977750e+00 
4.164617e+01 2.760708e-05 1.066901e-06 3.568282e-05 4.512818e-05 5.225091e+01 2.213147e+00 
4.279082e+01 2.759350e-05 1.110334e-06 3.567459e-05 4.511441e-05 5.225641e+01 2.304281e+00 
4.524777e+01 2.753528e-05 1.049308e-06 3.565483e-05 4.506173e-05 5.230193e+01 2.182359e+00 
4.726816e+01 2.756246e-05 1.226692e-06 3.566065e-05 4.508742e-05 5.227179e+01 2.548319e+00 
4.909311e+01 2.762172e-05 1.374577e-06 3.553222e-05 4.502652e-05 5.210520e+01 2.848937e+00 
5.032032e+01 2.772358e-05 1.542338e-06 3.536041e-05 4.495925e-05 5.185954e+01 3.184238e+00 
5.163004e+01 2.788577e-05 1.827164e-06 3.528996e-05 4.501484e-05 5.162485e+01 3.748843e+00 
5.272181e+01 2.816682e-05 2.003084e-06 3.549177e-05 4.535468e-05 5.149355e+01 4.067742e+00 
5.463879e+01 2.850150e-05 1.939917e-06 3.627762e-05 4.617536e-05 5.178072e+01 3.893756e+00 
5.577126e+01 2.846251e-05 1.771934e-06 3.674875e-05 4.651586e-05 5.218797e+01 3.562352e+00 
5.702038e+01 2.822369e-05 1.590758e-06 3.718482e-05 4.670994e-05 5.275733e+01 3.225920e+00 
5.874908e+01 2.778120e-05 1.367853e-06 3.739310e-05 4.660376e-05 5.335629e+01 2.818775e+00 
5.986494e+01 2.750532e-05 1.199808e-06 3.736702e-05 4.641419e-05 5.361776e+01 2.497712e+00 
6.085990e+01 2.730775e-05 1.089861e-06 3.726520e-05 4.621251e-05 5.374449e+01 2.285481e+00 
6.211224e+01 2.718381e-05 1.046187e-06 3.713788e-05 4.603560e-05 5.377678e+01 2.203978e+00 
6.438260e+01 2.697780e-05 1.043273e-06 3.688208e-05 4.570752e-05 5.379558e+01 2.214612e+00 
