# 1      , 2      , 3      , 4    , 5     , 6      , 7      , 8      ,                    9              , 10  , 11  , 12  , 13    , 14      
# IGRF_In, IGRF_Ic, IGRF_Dc, dmeas, height, In_siB0, Ic_siB0, Dc_siB0,                    height m (-poh), In_m, Ic_m, Dc_m, min hP, max hP  
4.515490e-05 5.338396e+01 3.320776e+00 0.000000e+00 1.618170e+03 4.442806e-05 5.321727e+01 8.067005e-01 1.618200e+03 4.512688e+01 5.734835e+01 -5.014028e-01 1.614880e+03 1.619894e+03 
4.515490e-05 5.338396e+01 3.320776e+00 1.462917e+00 1.617876e+03 4.433408e-05 5.290509e+01 1.051982e+00 1.617500e+03 4.395462e+01 5.644628e+01 2.832817e-01 1.614880e+03 1.619894e+03 
4.515490e-05 5.338396e+01 3.320776e+00 3.141891e+00 1.617986e+03 4.435248e-05 5.268731e+01 1.183231e+00 1.616600e+03 4.285185e+01 5.445528e+01 1.212275e+00 1.614880e+03 1.619894e+03 
4.515490e-05 5.338396e+01 3.320776e+00 5.068891e+00 1.617294e+03 4.430471e-05 5.239323e+01 1.305094e+00 1.616100e+03 4.356360e+01 5.366400e+01 8.842551e-01 1.614880e+03 1.619894e+03 
4.515490e-05 5.338396e+01 3.320776e+00 6.850777e+00 1.616634e+03 4.415944e-05 5.224966e+01 1.446644e+00 1.615600e+03 4.366848e+01 5.436744e+01 -4.159297e-01 1.614880e+03 1.619894e+03 
4.515490e-05 5.338396e+01 3.320776e+00 7.898114e+00 1.616332e+03 4.410360e-05 5.204087e+01 1.556539e+00 1.615000e+03 4.361484e+01 5.383399e+01 2.539456e-01 1.614880e+03 1.619894e+03 
4.515490e-05 5.338396e+01 3.320776e+00 9.905640e+00 1.615742e+03 4.400695e-05 5.163243e+01 1.940740e+00 1.615200e+03 4.390633e+01 5.353076e+01 -2.788915e-01 1.614880e+03 1.619894e+03 
4.515490e-05 5.338396e+01 3.320776e+00 1.175228e+01 1.615105e+03 4.390565e-05 5.120006e+01 2.583576e+00 1.614500e+03 4.341071e+01 5.286854e+01 -8.125821e-01 1.614880e+03 1.619894e+03 
4.515490e-05 5.338396e+01 3.320776e+00 1.408905e+01 1.614880e+03 4.430177e-05 5.058107e+01 3.400622e+00 1.613000e+03 4.299787e+01 5.236421e+01 1.028947e+00 1.614880e+03 1.619894e+03 
4.515490e-05 5.338396e+01 3.320776e+00 1.616467e+01 1.615514e+03 4.523792e-05 5.058574e+01 3.510920e+00 1.613300e+03 4.267101e+01 5.165917e+01 3.401041e-01 1.614880e+03 1.619894e+03 
4.515490e-05 5.338396e+01 3.320776e+00 1.914335e+01 1.615862e+03 4.585370e-05 5.093507e+01 3.223622e+00 1.613500e+03 4.329734e+01 5.253257e+01 4.027359e+00 1.614880e+03 1.619894e+03 
4.515490e-05 5.338396e+01 3.320776e+00 2.129784e+01 1.615636e+03 4.584813e-05 5.130961e+01 3.172200e+00 1.613300e+03 4.332295e+01 5.205669e+01 2.739215e+00 1.614880e+03 1.619894e+03 
4.515490e-05 5.338396e+01 3.320776e+00 2.294425e+01 1.616363e+03 4.620888e-05 5.186241e+01 2.360003e+00 1.613200e+03 4.392894e+01 5.136204e+01 2.961996e+00 1.614880e+03 1.619894e+03 
4.515490e-05 5.338396e+01 3.320776e+00 2.543644e+01 1.616661e+03 4.610216e-05 5.243256e+01 1.120563e+00 1.613800e+03 4.467428e+01 5.180661e+01 6.120830e+00 1.614880e+03 1.619894e+03 
4.515490e-05 5.338396e+01 3.320776e+00 2.651729e+01 1.616180e+03 4.583431e-05 5.233506e+01 1.045465e+00 1.615100e+03 4.522401e+01 5.240837e+01 3.259048e+00 1.614880e+03 1.619894e+03 
4.515490e-05 5.338396e+01 3.320776e+00 2.789295e+01 1.615752e+03 4.545798e-05 5.236147e+01 1.161583e+00 1.615100e+03 4.557778e+01 5.331225e+01 2.814648e+00 1.614880e+03 1.619894e+03 
4.515490e-05 5.338396e+01 3.320776e+00 2.990289e+01 1.615463e+03 4.510795e-05 5.245812e+01 1.509763e+00 1.614700e+03 4.530444e+01 5.340551e+01 -9.415508e-01 1.614880e+03 1.619894e+03 
4.515490e-05 5.338396e+01 3.320776e+00 3.085429e+01 1.615374e+03 4.506864e-05 5.250129e+01 1.839800e+00 1.614400e+03 4.468424e+01 5.303881e+01 -7.871670e-01 1.614880e+03 1.619894e+03 
4.515490e-05 5.338396e+01 3.320776e+00 3.269822e+01 1.615365e+03 4.500403e-05 5.249415e+01 2.087986e+00 1.614200e+03 4.461770e+01 5.367143e+01 -6.985970e-01 1.614880e+03 1.619894e+03 
4.515490e-05 5.338396e+01 3.320776e+00 3.451545e+01 1.615339e+03 4.503823e-05 5.240910e+01 2.247582e+00 1.614400e+03 4.464994e+01 5.332784e+01 -6.710090e-01 1.614880e+03 1.619894e+03 
4.515490e-05 5.338396e+01 3.320776e+00 3.640440e+01 1.615552e+03 4.506813e-05 5.226846e+01 2.312703e+00 1.614700e+03 4.484232e+01 5.399804e+01 -3.772879e-02 1.614880e+03 1.619894e+03 
4.515490e-05 5.338396e+01 3.320776e+00 3.803504e+01 1.615797e+03 4.517104e-05 5.211350e+01 2.180296e+00 1.614900e+03 4.463657e+01 5.362991e+01 -7.089642e-01 1.614880e+03 1.619894e+03 
4.515490e-05 5.338396e+01 3.320776e+00 3.905805e+01 1.615999e+03 4.523071e-05 5.219611e+01 1.977750e+00 1.614300e+03 4.440615e+01 5.348960e+01 4.315544e-01 1.614880e+03 1.619894e+03 
4.515490e-05 5.338396e+01 3.320776e+00 4.164617e+01 1.615708e+03 4.512818e-05 5.225091e+01 2.213147e+00 1.613200e+03 4.485111e+01 5.344340e+01 9.013794e-01 1.614880e+03 1.619894e+03 
4.515490e-05 5.338396e+01 3.320776e+00 4.279082e+01 1.615915e+03 4.511441e-05 5.225641e+01 2.304281e+00 1.613300e+03 4.509406e+01 5.216403e+01 nan 1.614880e+03 1.619894e+03 
4.515490e-05 5.338396e+01 3.320776e+00 4.524777e+01 1.616452e+03 4.506173e-05 5.230193e+01 2.182359e+00 1.614900e+03 4.543660e+01 5.433327e+01 -8.227240e-01 1.614880e+03 1.619894e+03 
4.515490e-05 5.338396e+01 3.320776e+00 4.726816e+01 1.616632e+03 4.508742e-05 5.227179e+01 2.548319e+00 1.615500e+03 4.507020e+01 5.541482e+01 -3.832664e-01 1.614880e+03 1.619894e+03 
4.515490e-05 5.338396e+01 3.320776e+00 4.909311e+01 1.616584e+03 4.502652e-05 5.210520e+01 2.848937e+00 1.614300e+03 4.318558e+01 5.366140e+01 nan 1.614880e+03 1.619894e+03 
4.515490e-05 5.338396e+01 3.320776e+00 5.032032e+01 1.616498e+03 4.495925e-05 5.185954e+01 3.184238e+00 1.614300e+03 4.387436e+01 5.201117e+01 nan 1.614880e+03 1.619894e+03 
4.515490e-05 5.338396e+01 3.320776e+00 5.163004e+01 1.616453e+03 4.501484e-05 5.162485e+01 3.748843e+00 1.615200e+03 4.523039e+01 5.308611e+01 nan 1.614880e+03 1.619894e+03 
4.515490e-05 5.338396e+01 3.320776e+00 5.272181e+01 1.616749e+03 4.535468e-05 5.149355e+01 4.067742e+00 1.615000e+03 4.552137e+01 5.269957e+01 nan 1.614880e+03 1.619894e+03 
4.515490e-05 5.338396e+01 3.320776e+00 5.463879e+01 1.617856e+03 4.617536e-05 5.178072e+01 3.893756e+00 1.615400e+03 4.529151e+01 5.342410e+01 nan 1.614880e+03 1.619894e+03 
4.515490e-05 5.338396e+01 3.320776e+00 5.577126e+01 1.618549e+03 4.651586e-05 5.218797e+01 3.562352e+00 1.615600e+03 4.482296e+01 5.254019e+01 nan 1.614880e+03 1.619894e+03 
4.515490e-05 5.338396e+01 3.320776e+00 5.702038e+01 1.619246e+03 4.670994e-05 5.275733e+01 3.225920e+00 1.615800e+03 4.482325e+01 5.144452e+01 nan 1.614880e+03 1.619894e+03 
4.515490e-05 5.338396e+01 3.320776e+00 5.874908e+01 1.619736e+03 4.660376e-05 5.335629e+01 2.818775e+00 1.617300e+03 4.659160e+01 5.444346e+01 nan 1.614880e+03 1.619894e+03 
4.515490e-05 5.338396e+01 3.320776e+00 5.986494e+01 1.619887e+03 4.641419e-05 5.361776e+01 2.497712e+00 1.618500e+03 4.670509e+01 5.460439e+01 nan 1.614880e+03 1.619894e+03 
4.515490e-05 5.338396e+01 3.320776e+00 6.085990e+01 1.619894e+03 4.621251e-05 5.374449e+01 2.285481e+00 1.619100e+03 4.662606e+01 5.522972e+01 2.790895e+00 1.614880e+03 1.619894e+03 
4.515490e-05 5.338396e+01 3.320776e+00 6.211224e+01 1.619725e+03 4.603560e-05 5.377678e+01 2.203978e+00 1.619900e+03 4.641214e+01 5.582490e+01 1.317295e+00 1.614880e+03 1.619894e+03 
4.515490e-05 5.338396e+01 3.320776e+00 6.438260e+01 1.619484e+03 4.570752e-05 5.379558e+01 2.214612e+00 1.619900e+03 4.642373e+01 5.581759e+01 1.604701e+00 1.614880e+03 1.619894e+03 
