# 1    , 2      , 3      , 4      , 5      , 6      , 7       
# dmeas, Bx_siB0, By_siB0, Bz_siB0, In_siB0, Ic_siB0, Dc_siB0 
0.000000e+00 2.658396e-05 3.252074e-06 3.496665e-05 4.404485e-05 5.255028e+01 6.974466e+00 
0.000000e+00 2.652610e-05 3.373063e-06 3.556234e-05 4.449373e-05 5.306010e+01 7.246847e+00 
0.000000e+00 2.646191e-05 3.291107e-06 3.621447e-05 4.497279e-05 5.363469e+01 7.089558e+00 
0.000000e+00 2.640402e-05 2.968448e-06 3.679956e-05 4.538933e-05 5.416961e+01 6.414492e+00 
0.000000e+00 2.636453e-05 2.475400e-06 3.720021e-05 4.566259e-05 5.455534e+01 5.363850e+00 
0.000000e+00 2.634516e-05 1.922668e-06 3.739800e-05 4.578618e-05 5.476540e+01 4.174043e+00 
0.000000e+00 2.634184e-05 1.359261e-06 3.743076e-05 4.579085e-05 5.482823e+01 2.953891e+00 
0.000000e+00 2.635432e-05 7.857316e-07 3.730069e-05 4.567832e-05 5.474538e+01 1.707719e+00 
0.000000e+00 2.638770e-05 2.378966e-07 3.696007e-05 4.541381e-05 5.447390e+01 5.165325e-01 
0.000000e+00 2.644338e-05 -1.671609e-07 3.639718e-05 4.498928e-05 5.400019e+01 -3.621885e-01 
0.000000e+00 2.651028e-05 -3.220414e-07 3.571990e-05 4.448381e-05 5.341624e+01 -6.959832e-01 
0.000000e+00 2.657306e-05 -2.414422e-07 3.507699e-05 4.400660e-05 5.285261e+01 -5.205737e-01 
0.000000e+00 2.662401e-05 -1.664266e-08 3.454507e-05 4.361422e-05 5.237842e+01 -3.581557e-02 
0.000000e+00 2.666259e-05 2.716608e-07 3.413269e-05 4.331291e-05 5.200356e+01 5.837573e-01 
0.000000e+00 2.669073e-05 5.766186e-07 3.382455e-05 4.309092e-05 5.171676e+01 1.237609e+00 
0.000000e+00 2.671035e-05 8.769361e-07 3.360507e-05 4.293614e-05 5.150619e+01 1.880420e+00 
0.000000e+00 2.672278e-05 1.166106e-06 3.346398e-05 4.284046e-05 5.136419e+01 2.498640e+00 
0.000000e+00 2.672873e-05 1.446063e-06 3.339584e-05 4.279951e-05 5.128672e+01 3.096765e+00 
0.000000e+00 2.672853e-05 1.722987e-06 3.339833e-05 4.281159e-05 5.127190e+01 3.688323e+00 
0.000000e+00 2.672218e-05 2.004332e-06 3.347140e-05 4.287688e-05 5.131920e+01 4.289513e+00 
0.000000e+00 2.670934e-05 2.296151e-06 3.361723e-05 4.299743e-05 5.142960e+01 4.913527e+00 
0.000000e+00 2.668927e-05 2.600128e-06 3.384140e-05 4.317775e-05 5.160700e+01 5.564324e+00 
0.000000e+00 2.666060e-05 2.909907e-06 3.415444e-05 4.342558e-05 5.186010e+01 6.228968e+00 
0.000000e+00 2.662129e-05 3.204391e-06 3.457303e-05 4.375220e-05 5.220428e+01 6.863642e+00 
0.000000e+00 2.656917e-05 3.437955e-06 3.511457e-05 4.416756e-05 5.265817e+01 7.372901e+00 
0.000000e+00 2.650414e-05 3.529938e-06 3.577665e-05 4.466429e-05 5.322689e+01 7.586258e+00 
0.000000e+00 2.643296e-05 3.382279e-06 3.649188e-05 4.518627e-05 5.386093e+01 7.291764e+00 
0.000000e+00 2.637071e-05 2.959272e-06 3.711397e-05 4.562476e-05 5.443549e+01 6.402838e+00 
0.000000e+00 2.633069e-05 2.347632e-06 3.751408e-05 4.589251e-05 5.482870e+01 5.094993e+00 
0.000000e+00 2.631498e-05 1.664215e-06 3.767101e-05 4.598209e-05 5.501018e+01 3.618686e+00 
0.000000e+00 2.632189e-05 9.635256e-07 3.760025e-05 4.590804e-05 5.498820e+01 2.096404e+00 
0.000000e+00 2.635435e-05 2.942205e-07 3.727409e-05 4.565081e-05 5.473640e+01 6.396245e-01 
0.000000e+00 2.641354e-05 -2.183820e-07 3.668278e-05 4.520342e-05 5.424319e+01 -4.736995e-01 
0.000000e+00 2.648733e-05 -4.462100e-07 3.594361e-05 4.465110e-05 5.360912e+01 -9.651232e-01 
0.000000e+00 2.655754e-05 -3.970742e-07 3.523220e-05 4.412219e-05 5.298845e+01 -8.565922e-01 
0.000000e+00 2.661464e-05 -1.764432e-07 3.464222e-05 4.368586e-05 5.246533e+01 -3.798399e-01 
0.000000e+00 2.665785e-05 1.202423e-07 3.418460e-05 4.335023e-05 5.205188e+01 2.584352e-01 
0.000000e+00 2.668960e-05 4.370429e-07 3.383937e-05 4.310022e-05 5.173291e+01 9.381360e-01 
0.000000e+00 2.671224e-05 7.486847e-07 3.358720e-05 4.292091e-05 5.149346e+01 1.605453e+00 
0.000000e+00 2.672745e-05 1.045878e-06 3.341446e-05 4.280160e-05 5.132312e+01 2.240912e+00 
0.000000e+00 2.673615e-05 1.329515e-06 3.331436e-05 4.273682e-05 5.121697e+01 2.846815e+00 
0.000000e+00 2.673884e-05 1.605482e-06 3.328339e-05 4.272385e-05 5.117234e+01 3.436088e+00 
0.000000e+00 2.673564e-05 1.881968e-06 3.332057e-05 4.276210e-05 5.118813e+01 4.026508e+00 
0.000000e+00 2.672641e-05 2.167145e-06 3.342684e-05 4.285267e-05 5.126433e+01 4.635758e+00 
0.000000e+00 2.671071e-05 2.466870e-06 3.360513e-05 4.299828e-05 5.140233e+01 5.276588e+00 
0.000000e+00 2.668747e-05 2.781168e-06 3.386359e-05 4.320531e-05 5.160827e+01 5.949461e+00 
0.000000e+00 2.665507e-05 3.102453e-06 3.421496e-05 4.348312e-05 5.189268e+01 6.638932e+00 
