# 1 , 2 , 3 , 4      , 5      , 6      , 7      , 8      , 9        
# xm, ym, zm, IGRF_In, IGRF_Ic, IGRF_Dc, In_siB0, Ic_siB0, Dc_siB0  
1.002300e+02 1.247790e+02 2.054321e+00 4.518274e-05 5.346856e+01 3.327694e+00 4.404485e-05 5.255028e+01 6.974466e+00 
1.012943e+02 1.247790e+02 3.084228e+00 4.518274e-05 5.346856e+01 3.327694e+00 4.449373e-05 5.306010e+01 7.246847e+00 
1.023587e+02 1.247790e+02 4.023203e+00 4.518274e-05 5.346856e+01 3.327694e+00 4.497279e-05 5.363469e+01 7.089558e+00 
1.034230e+02 1.247790e+02 4.803219e+00 4.518274e-05 5.346856e+01 3.327694e+00 4.538933e-05 5.416961e+01 6.414492e+00 
1.044874e+02 1.247790e+02 5.367556e+00 4.518274e-05 5.346856e+01 3.327694e+00 4.566259e-05 5.455534e+01 5.363850e+00 
1.055517e+02 1.247790e+02 5.674834e+00 4.518274e-05 5.346856e+01 3.327694e+00 4.578618e-05 5.476540e+01 4.174043e+00 
1.066161e+02 1.247790e+02 5.701961e+00 4.518274e-05 5.346856e+01 3.327694e+00 4.579085e-05 5.482823e+01 2.953891e+00 
1.076804e+02 1.247790e+02 5.445770e+00 4.518274e-05 5.346856e+01 3.327694e+00 4.567832e-05 5.474538e+01 1.707719e+00 
1.087448e+02 1.247790e+02 4.923246e+00 4.518274e-05 5.346856e+01 3.327694e+00 4.541381e-05 5.447390e+01 5.165325e-01 
1.098091e+02 1.247790e+02 4.170320e+00 4.518274e-05 5.346856e+01 3.327694e+00 4.498928e-05 5.400019e+01 -3.621885e-01 
1.108735e+02 1.247790e+02 3.239310e+00 4.518274e-05 5.346856e+01 3.327694e+00 4.448381e-05 5.341624e+01 -6.959832e-01 
1.119378e+02 1.247790e+02 2.195204e+00 4.518274e-05 5.346856e+01 3.327694e+00 4.400660e-05 5.285261e+01 -5.205737e-01 
1.130022e+02 1.247790e+02 1.111031e+00 4.518274e-05 5.346856e+01 3.327694e+00 4.361422e-05 5.237842e+01 -3.581557e-02 
1.140665e+02 1.247790e+02 6.267280e-02 4.518274e-05 5.346856e+01 3.327694e+00 4.331291e-05 5.200356e+01 5.837573e-01 
1.151309e+02 1.247790e+02 -8.765383e-01 4.518274e-05 5.346856e+01 3.327694e+00 4.309092e-05 5.171676e+01 1.237609e+00 
1.161952e+02 1.247790e+02 -1.641032e+00 4.518274e-05 5.346856e+01 3.327694e+00 4.293614e-05 5.150619e+01 1.880420e+00 
1.172596e+02 1.247790e+02 -2.177668e+00 4.518274e-05 5.346856e+01 3.327694e+00 4.284046e-05 5.136419e+01 2.498640e+00 
1.183239e+02 1.247790e+02 -2.449511e+00 4.518274e-05 5.346856e+01 3.327694e+00 4.279951e-05 5.128672e+01 3.096765e+00 
1.193883e+02 1.247790e+02 -2.438461e+00 4.518274e-05 5.346856e+01 3.327694e+00 4.281159e-05 5.127190e+01 3.688323e+00 
1.204526e+02 1.247790e+02 -2.146543e+00 4.518274e-05 5.346856e+01 3.327694e+00 4.287688e-05 5.131920e+01 4.289513e+00 
1.215170e+02 1.247790e+02 -1.595757e+00 4.518274e-05 5.346856e+01 3.327694e+00 4.299743e-05 5.142960e+01 4.913527e+00 
1.225813e+02 1.247790e+02 -8.265183e-01 4.518274e-05 5.346856e+01 3.327694e+00 4.317775e-05 5.160700e+01 5.564324e+00 
1.236457e+02 1.247790e+02 1.052202e-01 4.518274e-05 5.346856e+01 3.327694e+00 4.342558e-05 5.186010e+01 6.228968e+00 
1.247100e+02 1.247790e+02 1.131946e+00 4.518274e-05 5.346856e+01 3.327694e+00 4.375220e-05 5.220428e+01 6.863642e+00 
1.257743e+02 1.247790e+02 2.179391e+00 4.518274e-05 5.346856e+01 3.327694e+00 4.416756e-05 5.265817e+01 7.372901e+00 
1.268387e+02 1.247790e+02 3.171813e+00 4.518274e-05 5.346856e+01 3.327694e+00 4.466429e-05 5.322689e+01 7.586258e+00 
1.279030e+02 1.247790e+02 4.037383e+00 4.518274e-05 5.346856e+01 3.327694e+00 4.518627e-05 5.386093e+01 7.291764e+00 
1.289674e+02 1.247790e+02 4.713296e+00 4.518274e-05 5.346856e+01 3.327694e+00 4.562476e-05 5.443549e+01 6.402838e+00 
1.300317e+02 1.247790e+02 5.150236e+00 4.518274e-05 5.346856e+01 3.327694e+00 4.589251e-05 5.482870e+01 5.094993e+00 
1.310961e+02 1.247790e+02 5.315888e+00 4.518274e-05 5.346856e+01 3.327694e+00 4.598209e-05 5.501018e+01 3.618686e+00 
1.321604e+02 1.247790e+02 5.197230e+00 4.518274e-05 5.346856e+01 3.327694e+00 4.590804e-05 5.498820e+01 2.096404e+00 
1.332248e+02 1.247790e+02 4.801467e+00 4.518274e-05 5.346856e+01 3.327694e+00 4.565081e-05 5.473640e+01 6.396245e-01 
1.342891e+02 1.247790e+02 4.155511e+00 4.518274e-05 5.346856e+01 3.327694e+00 4.520342e-05 5.424319e+01 -4.736995e-01 
1.353535e+02 1.247790e+02 3.304074e+00 4.518274e-05 5.346856e+01 3.327694e+00 4.465110e-05 5.360912e+01 -9.651232e-01 
1.364178e+02 1.247790e+02 2.306480e+00 4.518274e-05 5.346856e+01 3.327694e+00 4.412219e-05 5.298845e+01 -8.565922e-01 
1.374822e+02 1.247790e+02 1.232453e+00 4.518274e-05 5.346856e+01 3.327694e+00 4.368586e-05 5.246533e+01 -3.798399e-01 
1.385465e+02 1.247790e+02 1.571511e-01 4.518274e-05 5.346856e+01 3.327694e+00 4.335023e-05 5.205188e+01 2.584352e-01 
1.396109e+02 1.247790e+02 -8.441758e-01 4.518274e-05 5.346856e+01 3.327694e+00 4.310022e-05 5.173291e+01 9.381360e-01 
1.406752e+02 1.247790e+02 -1.701540e+00 4.518274e-05 5.346856e+01 3.327694e+00 4.292091e-05 5.149346e+01 1.605453e+00 
1.417396e+02 1.247790e+02 -2.355194e+00 4.518274e-05 5.346856e+01 3.327694e+00 4.280160e-05 5.132312e+01 2.240912e+00 
1.428039e+02 1.247790e+02 -2.759880e+00 4.518274e-05 5.346856e+01 3.327694e+00 4.273682e-05 5.121697e+01 2.846815e+00 
1.438683e+02 1.247790e+02 -2.888049e+00 4.518274e-05 5.346856e+01 3.327694e+00 4.272385e-05 5.117234e+01 3.436088e+00 
1.449326e+02 1.247790e+02 -2.731822e+00 4.518274e-05 5.346856e+01 3.327694e+00 4.276210e-05 5.118813e+01 4.026508e+00 
1.459970e+02 1.247790e+02 -2.303548e+00 4.518274e-05 5.346856e+01 3.327694e+00 4.285267e-05 5.126433e+01 4.635758e+00 
1.470613e+02 1.247790e+02 -1.634928e+00 4.518274e-05 5.346856e+01 3.327694e+00 4.299828e-05 5.140233e+01 5.276588e+00 
1.481257e+02 1.247790e+02 -7.747585e-01 4.518274e-05 5.346856e+01 3.327694e+00 4.320531e-05 5.160827e+01 5.949461e+00 
1.491900e+02 1.247790e+02 2.145401e-01 4.518274e-05 5.346856e+01 3.327694e+00 4.348312e-05 5.189268e+01 6.638932e+00 
