# 1,2,3, 4    , 5    , 6    , 7    , 8    , 9     
# x,y,z, Bx_si, By_si, Bz_si, In_si, Ic_si, Dc_si 
1.002300e+02 1.247790e+02 2.054321e+00 1.690874e-06 -2.663415e-07 1.339054e-06 2.173260e-06 -3.803552e+01 9.895151e+01 
1.012943e+02 1.247790e+02 3.084228e+00 1.811863e-06 -3.241963e-07 7.433583e-07 1.985078e-06 -2.199175e+01 1.001446e+02 
1.023587e+02 1.247790e+02 4.023203e+00 1.729907e-06 -3.883942e-07 9.123237e-08 1.775318e-06 -2.945689e+00 1.026541e+02 
1.034230e+02 1.247790e+02 4.803219e+00 1.407248e-06 -4.462771e-07 -4.938578e-07 1.556729e-06 1.849613e+01 1.075953e+02 
1.044874e+02 1.247790e+02 5.367556e+00 9.141996e-07 -4.857725e-07 -8.945135e-07 1.368170e-06 4.082892e+01 1.179846e+02 
1.055517e+02 1.247790e+02 5.674834e+00 3.614684e-07 -5.051378e-07 -1.092300e-06 1.256560e-06 6.037486e+01 1.444131e+02 
1.066161e+02 1.247790e+02 5.701961e+00 -2.019386e-07 -5.084583e-07 -1.125059e-06 1.251026e-06 6.406736e+01 -1.583391e+02 
1.076804e+02 1.247790e+02 5.445770e+00 -7.754684e-07 -4.959788e-07 -9.949933e-07 1.355492e-06 4.722667e+01 -1.226024e+02 
1.087448e+02 1.247790e+02 4.923246e+00 -1.323303e-06 -4.625993e-07 -6.543664e-07 1.547038e-06 2.502289e+01 -1.092686e+02 
1.098091e+02 1.247790e+02 4.170320e+00 -1.728361e-06 -4.069177e-07 -9.147861e-08 1.777971e-06 2.949234e+00 -1.032482e+02 
1.108735e+02 1.247790e+02 3.239310e+00 -1.883241e-06 -3.400219e-07 5.858036e-07 2.001344e-06 -1.701997e+01 -1.002346e+02 
1.119378e+02 1.247790e+02 2.195204e+00 -1.802642e-06 -2.772418e-07 1.228709e-06 2.199115e-06 -3.396792e+01 -9.874344e+01 
1.130022e+02 1.247790e+02 1.111031e+00 -1.577843e-06 -2.262886e-07 1.760628e-06 2.374996e-06 -4.784385e+01 -9.816150e+01 
1.140665e+02 1.247790e+02 6.267280e-02 -1.289539e-06 -1.877128e-07 2.173006e-06 2.533792e-06 -5.904931e+01 -9.828213e+01 
1.151309e+02 1.247790e+02 -8.765383e-01 -9.845814e-07 -1.595742e-07 2.481155e-06 2.674134e-06 -6.809978e+01 -9.920606e+01 
1.161952e+02 1.247790e+02 -1.641032e+00 -6.842639e-07 -1.399473e-07 2.700635e-06 2.789485e-06 -7.550006e+01 -1.015589e+02 
1.172596e+02 1.247790e+02 -2.177668e+00 -3.950939e-07 -1.275219e-07 2.841718e-06 2.871885e-06 -8.168811e+01 -1.078882e+02 
1.183239e+02 1.247790e+02 -2.449511e+00 -1.151372e-07 -1.215671e-07 2.909864e-06 2.914677e-06 -8.670676e+01 -1.365560e+02 
1.193883e+02 1.247790e+02 -2.438461e+00 1.617869e-07 -1.217660e-07 2.907367e-06 2.914410e-06 -8.601595e+01 1.269663e+02 
1.204526e+02 1.247790e+02 -2.146543e+00 4.431323e-07 -1.281206e-07 2.834299e-06 2.871590e-06 -8.075616e+01 1.061259e+02 
1.215170e+02 1.247790e+02 -1.595757e+00 7.349509e-07 -1.409551e-07 2.688473e-06 2.790682e-06 -7.444527e+01 1.008568e+02 
1.225813e+02 1.247790e+02 -8.265183e-01 1.038928e-06 -1.610308e-07 2.464304e-06 2.679197e-06 -6.689569e+01 9.881056e+01 
1.236457e+02 1.247790e+02 1.052202e-01 1.348707e-06 -1.896989e-07 2.151259e-06 2.546156e-06 -5.766170e+01 9.800627e+01 
1.247100e+02 1.247790e+02 1.131946e+00 1.643191e-06 -2.290105e-07 1.732674e-06 2.398892e-06 -4.624313e+01 9.793417e+01 
1.257743e+02 1.247790e+02 2.179391e+00 1.876755e-06 -2.811322e-07 1.191128e-06 2.240542e-06 -3.211530e+01 9.851939e+01 
1.268387e+02 1.247790e+02 3.171813e+00 1.968738e-06 -3.461567e-07 5.290490e-07 2.067764e-06 -1.482429e+01 9.997220e+01 
1.279030e+02 1.247790e+02 4.037383e+00 1.821079e-06 -4.173362e-07 -1.861829e-07 1.877542e-06 5.690981e+00 1.029076e+02 
1.289674e+02 1.247790e+02 4.713296e+00 1.398072e-06 -4.795896e-07 -8.082702e-07 1.684610e-06 2.867212e+01 1.089338e+02 
1.300317e+02 1.247790e+02 5.150236e+00 7.864324e-07 -5.196092e-07 -1.208377e-06 1.532528e-06 5.204421e+01 1.234534e+02 
1.310961e+02 1.247790e+02 5.315888e+00 1.030145e-07 -5.353217e-07 -1.365313e-06 1.470123e-06 6.823412e+01 1.691074e+02 
1.321604e+02 1.247790e+02 5.197230e+00 -5.976744e-07 -5.284149e-07 -1.294546e-06 1.520620e-06 5.835635e+01 -1.314805e+02 
1.332248e+02 1.247790e+02 4.801467e+00 -1.266980e-06 -4.959454e-07 -9.683912e-07 1.670024e-06 3.544116e+01 -1.113773e+02 
1.342891e+02 1.247790e+02 4.155511e+00 -1.779582e-06 -4.367591e-07 -3.770843e-07 1.870792e-06 1.162843e+01 -1.037894e+02 
1.353535e+02 1.247790e+02 3.304074e+00 -2.007410e-06 -3.629720e-07 3.620878e-07 2.071847e-06 -1.006502e+01 -1.002493e+02 
1.364178e+02 1.247790e+02 2.306480e+00 -1.958274e-06 -2.927635e-07 1.073504e-06 2.252323e-06 -2.846493e+01 -9.850279e+01 
1.374822e+02 1.247790e+02 1.232453e+00 -1.737643e-06 -2.356552e-07 1.663477e-06 2.417042e-06 -4.349003e+01 -9.772320e+01 
1.385465e+02 1.247790e+02 1.571511e-01 -1.440958e-06 -1.924466e-07 2.121100e-06 2.571470e-06 -5.557417e+01 -9.760710e+01 
1.396109e+02 1.247790e+02 -8.441758e-01 -1.124157e-06 -1.606985e-07 2.466325e-06 2.715200e-06 -6.527695e+01 -9.813533e+01 
1.406752e+02 1.247790e+02 -1.701540e+00 -8.125153e-07 -1.380650e-07 2.718497e-06 2.840681e-06 -7.313436e+01 -9.964375e+01 
1.417396e+02 1.247790e+02 -2.355194e+00 -5.153217e-07 -1.228511e-07 2.891235e-06 2.939369e-06 -7.961683e+01 -1.034089e+02 
1.428039e+02 1.247790e+02 -2.759880e+00 -2.316855e-07 -1.141454e-07 2.991341e-06 3.002470e-06 -8.506522e+01 -1.162283e+02 
1.438683e+02 1.247790e+02 -2.888049e+00 4.428165e-08 -1.114607e-07 3.022312e-06 3.024691e-06 -8.772752e+01 1.583328e+02 
1.449326e+02 1.247790e+02 -2.731822e+00 3.207684e-07 -1.146586e-07 2.985128e-06 3.004502e-06 -8.348991e+01 1.096694e+02 
1.459970e+02 1.247790e+02 -2.303548e+00 6.059447e-07 -1.238876e-07 2.878856e-06 2.944542e-06 -7.787514e+01 1.015551e+02 
1.470613e+02 1.247790e+02 -1.634928e+00 9.056699e-07 -1.395889e-07 2.700572e-06 2.851809e-06 -7.125679e+01 9.876192e+01 
1.481257e+02 1.247790e+02 -7.747585e-01 1.219968e-06 -1.628314e-07 2.442109e-06 2.734727e-06 -6.325257e+01 9.760244e+01 
1.491900e+02 1.247790e+02 2.145401e-01 1.541253e-06 -1.952277e-07 2.090740e-06 2.604759e-06 -5.338503e+01 9.721911e+01 
