# 1, 2, 3, 4   , 5   , 6   , 7   , 8   , 9   , 10  
# x, y, z, Bx_si, By_si, Bz_si, In_si, Ic_si, Dc_si, dmeas 
1.002300e+02 1.247790e+02 1.800000e+00 0.000000e+00 0.000000e+00 0.000000e+00 6.027782e-07 7.261465e+01 1.755089e+02 
1.012943e+02 1.247790e+02 1.782609e+00 0.000000e+00 0.000000e+00 0.000000e+00 6.017202e-07 7.256541e+01 1.757440e+02 
1.023587e+02 1.247790e+02 1.765217e+00 0.000000e+00 0.000000e+00 0.000000e+00 6.007174e-07 7.251823e+01 1.759735e+02 
1.034230e+02 1.247790e+02 1.747826e+00 0.000000e+00 0.000000e+00 0.000000e+00 5.997686e-07 7.247313e+01 1.761975e+02 
1.044874e+02 1.247790e+02 1.730435e+00 0.000000e+00 0.000000e+00 0.000000e+00 5.988728e-07 7.243013e+01 1.764165e+02 
1.055517e+02 1.247790e+02 1.713043e+00 0.000000e+00 0.000000e+00 0.000000e+00 5.980290e-07 7.238923e+01 1.766307e+02 
1.066161e+02 1.247790e+02 1.695652e+00 0.000000e+00 0.000000e+00 0.000000e+00 5.972363e-07 7.235046e+01 1.768404e+02 
1.076804e+02 1.247790e+02 1.678261e+00 0.000000e+00 0.000000e+00 0.000000e+00 5.964937e-07 7.231381e+01 1.770459e+02 
1.087448e+02 1.247790e+02 1.660870e+00 0.000000e+00 0.000000e+00 0.000000e+00 5.958004e-07 7.227930e+01 1.772475e+02 
1.098091e+02 1.247790e+02 1.643478e+00 0.000000e+00 0.000000e+00 0.000000e+00 5.951558e-07 7.224694e+01 1.774453e+02 
1.108735e+02 1.247790e+02 1.626087e+00 0.000000e+00 0.000000e+00 0.000000e+00 5.945590e-07 7.221674e+01 1.776397e+02 
1.119378e+02 1.247790e+02 1.608696e+00 0.000000e+00 0.000000e+00 0.000000e+00 5.940094e-07 7.218870e+01 1.778309e+02 
1.130022e+02 1.247790e+02 1.591304e+00 0.000000e+00 0.000000e+00 0.000000e+00 5.935065e-07 7.216282e+01 1.780191e+02 
1.140665e+02 1.247790e+02 1.573913e+00 0.000000e+00 0.000000e+00 0.000000e+00 5.930496e-07 7.213912e+01 1.782046e+02 
1.151309e+02 1.247790e+02 1.556522e+00 0.000000e+00 0.000000e+00 0.000000e+00 5.926384e-07 7.211761e+01 1.783875e+02 
1.161952e+02 1.247790e+02 1.539130e+00 0.000000e+00 0.000000e+00 0.000000e+00 5.922722e-07 7.209827e+01 1.785681e+02 
1.172596e+02 1.247790e+02 1.521739e+00 0.000000e+00 0.000000e+00 0.000000e+00 5.919509e-07 7.208113e+01 1.787467e+02 
1.183239e+02 1.247790e+02 1.504348e+00 0.000000e+00 0.000000e+00 0.000000e+00 5.916739e-07 7.206618e+01 1.789233e+02 
1.193883e+02 1.247790e+02 1.486957e+00 0.000000e+00 0.000000e+00 0.000000e+00 5.914411e-07 7.205342e+01 1.790982e+02 
1.204526e+02 1.247790e+02 1.469565e+00 0.000000e+00 0.000000e+00 0.000000e+00 5.912521e-07 7.204287e+01 1.792716e+02 
1.215170e+02 1.247790e+02 1.452174e+00 0.000000e+00 0.000000e+00 0.000000e+00 5.911067e-07 7.203452e+01 1.794437e+02 
1.225813e+02 1.247790e+02 1.434783e+00 0.000000e+00 0.000000e+00 0.000000e+00 5.910049e-07 7.202837e+01 1.796146e+02 
1.236457e+02 1.247790e+02 1.417391e+00 0.000000e+00 0.000000e+00 0.000000e+00 5.909465e-07 7.202444e+01 1.797847e+02 
1.247100e+02 1.247790e+02 1.400000e+00 0.000000e+00 0.000000e+00 0.000000e+00 5.909314e-07 7.202271e+01 1.799540e+02 
1.257743e+02 1.247790e+02 1.382609e+00 0.000000e+00 0.000000e+00 0.000000e+00 5.909596e-07 7.202319e+01 -1.798773e+02 
1.268387e+02 1.247790e+02 1.365217e+00 0.000000e+00 0.000000e+00 0.000000e+00 5.910311e-07 7.202589e+01 -1.797089e+02 
1.279030e+02 1.247790e+02 1.347826e+00 0.000000e+00 0.000000e+00 0.000000e+00 5.911461e-07 7.203081e+01 -1.795407e+02 
1.289674e+02 1.247790e+02 1.330435e+00 0.000000e+00 0.000000e+00 0.000000e+00 5.913045e-07 7.203794e+01 -1.793725e+02 
1.300317e+02 1.247790e+02 1.313043e+00 0.000000e+00 0.000000e+00 0.000000e+00 5.915067e-07 7.204729e+01 -1.792042e+02 
1.310961e+02 1.247790e+02 1.295652e+00 0.000000e+00 0.000000e+00 0.000000e+00 5.917528e-07 7.205886e+01 -1.790355e+02 
1.321604e+02 1.247790e+02 1.278261e+00 0.000000e+00 0.000000e+00 0.000000e+00 5.920431e-07 7.207265e+01 -1.788662e+02 
1.332248e+02 1.247790e+02 1.260870e+00 0.000000e+00 0.000000e+00 0.000000e+00 5.923779e-07 7.208867e+01 -1.786962e+02 
1.342891e+02 1.247790e+02 1.243478e+00 0.000000e+00 0.000000e+00 0.000000e+00 5.927575e-07 7.210690e+01 -1.785253e+02 
1.353535e+02 1.247790e+02 1.226087e+00 0.000000e+00 0.000000e+00 0.000000e+00 5.931823e-07 7.212736e+01 -1.783533e+02 
1.364178e+02 1.247790e+02 1.208696e+00 0.000000e+00 0.000000e+00 0.000000e+00 5.936529e-07 7.215004e+01 -1.781799e+02 
1.374822e+02 1.247790e+02 1.191304e+00 0.000000e+00 0.000000e+00 0.000000e+00 5.941697e-07 7.217494e+01 -1.780051e+02 
1.385465e+02 1.247790e+02 1.173913e+00 0.000000e+00 0.000000e+00 0.000000e+00 5.947332e-07 7.220206e+01 -1.778286e+02 
1.396109e+02 1.247790e+02 1.156522e+00 0.000000e+00 0.000000e+00 0.000000e+00 5.953441e-07 7.223141e+01 -1.776502e+02 
1.406752e+02 1.247790e+02 1.139130e+00 0.000000e+00 0.000000e+00 0.000000e+00 5.960031e-07 7.226297e+01 -1.774697e+02 
1.417396e+02 1.247790e+02 1.121739e+00 0.000000e+00 0.000000e+00 0.000000e+00 5.967109e-07 7.229676e+01 -1.772869e+02 
1.428039e+02 1.247790e+02 1.104348e+00 0.000000e+00 0.000000e+00 0.000000e+00 5.974682e-07 7.233276e+01 -1.771015e+02 
1.438683e+02 1.247790e+02 1.086957e+00 0.000000e+00 0.000000e+00 0.000000e+00 5.982759e-07 7.237097e+01 -1.769134e+02 
1.449326e+02 1.247790e+02 1.069565e+00 0.000000e+00 0.000000e+00 0.000000e+00 5.991349e-07 7.241139e+01 -1.767223e+02 
1.459970e+02 1.247790e+02 1.052174e+00 0.000000e+00 0.000000e+00 0.000000e+00 6.000462e-07 7.245402e+01 -1.765280e+02 
1.470613e+02 1.247790e+02 1.034783e+00 0.000000e+00 0.000000e+00 0.000000e+00 6.010108e-07 7.249886e+01 -1.763302e+02 
1.481257e+02 1.247790e+02 1.017391e+00 0.000000e+00 0.000000e+00 0.000000e+00 6.020298e-07 7.254589e+01 -1.761287e+02 
1.491900e+02 1.247790e+02 1.000000e+00 0.000000e+00 0.000000e+00 0.000000e+00 6.031043e-07 7.259511e+01 -1.759233e+02 
