# 1,2,3, 4    , 5    , 6    , 7    , 8    , 9    , 10   , 11   , 12    
# x,y,z, Bx_vi, By_vi, Bz_vi, Bx_si, By_si, Bz_si, Bx_th, By_th, Bz_th 
100.2300000000 124.7790000000 1.0000000000 0.0000000095 -0.0000000891 -0.0000002853 0.0000000095 -0.0000000891 -0.0000002853 0.0000000000 0.0000000000 0.0000000000 
101.2943478261 124.7790000000 1.0000000000 0.0000000090 -0.0000000892 -0.0000002847 0.0000000090 -0.0000000892 -0.0000002847 0.0000000000 0.0000000000 0.0000000000 
102.3586956522 124.7790000000 1.0000000000 0.0000000086 -0.0000000893 -0.0000002842 0.0000000086 -0.0000000893 -0.0000002842 0.0000000000 0.0000000000 0.0000000000 
103.4230434783 124.7790000000 1.0000000000 0.0000000081 -0.0000000894 -0.0000002837 0.0000000081 -0.0000000894 -0.0000002837 0.0000000000 0.0000000000 0.0000000000 
104.4873913043 124.7790000000 1.0000000000 0.0000000076 -0.0000000895 -0.0000002832 0.0000000076 -0.0000000895 -0.0000002832 0.0000000000 0.0000000000 0.0000000000 
105.5517391304 124.7790000000 1.0000000000 0.0000000072 -0.0000000896 -0.0000002828 0.0000000072 -0.0000000896 -0.0000002828 0.0000000000 0.0000000000 0.0000000000 
106.6160869565 124.7790000000 1.0000000000 0.0000000068 -0.0000000897 -0.0000002823 0.0000000068 -0.0000000897 -0.0000002823 0.0000000000 0.0000000000 0.0000000000 
107.6804347826 124.7790000000 1.0000000000 0.0000000063 -0.0000000898 -0.0000002819 0.0000000063 -0.0000000898 -0.0000002819 0.0000000000 0.0000000000 0.0000000000 
108.7447826087 124.7790000000 1.0000000000 0.0000000059 -0.0000000899 -0.0000002815 0.0000000059 -0.0000000899 -0.0000002815 0.0000000000 0.0000000000 0.0000000000 
109.8091304348 124.7790000000 1.0000000000 0.0000000055 -0.0000000899 -0.0000002812 0.0000000055 -0.0000000899 -0.0000002812 0.0000000000 0.0000000000 0.0000000000 
110.8734782609 124.7790000000 1.0000000000 0.0000000051 -0.0000000900 -0.0000002809 0.0000000051 -0.0000000900 -0.0000002809 0.0000000000 0.0000000000 0.0000000000 
111.9378260870 124.7790000000 1.0000000000 0.0000000047 -0.0000000901 -0.0000002806 0.0000000047 -0.0000000901 -0.0000002806 0.0000000000 0.0000000000 0.0000000000 
113.0021739130 124.7790000000 1.0000000000 0.0000000043 -0.0000000901 -0.0000002803 0.0000000043 -0.0000000901 -0.0000002803 0.0000000000 0.0000000000 0.0000000000 
114.0665217391 124.7790000000 1.0000000000 0.0000000039 -0.0000000902 -0.0000002800 0.0000000039 -0.0000000902 -0.0000002800 0.0000000000 0.0000000000 0.0000000000 
115.1308695652 124.7790000000 1.0000000000 0.0000000035 -0.0000000902 -0.0000002798 0.0000000035 -0.0000000902 -0.0000002798 0.0000000000 0.0000000000 0.0000000000 
116.1952173913 124.7790000000 1.0000000000 0.0000000031 -0.0000000903 -0.0000002796 0.0000000031 -0.0000000903 -0.0000002796 0.0000000000 0.0000000000 0.0000000000 
117.2595652174 124.7790000000 1.0000000000 0.0000000027 -0.0000000903 -0.0000002794 0.0000000027 -0.0000000903 -0.0000002794 0.0000000000 0.0000000000 0.0000000000 
118.3239130435 124.7790000000 1.0000000000 0.0000000024 -0.0000000903 -0.0000002793 0.0000000024 -0.0000000903 -0.0000002793 0.0000000000 0.0000000000 0.0000000000 
119.3882608696 124.7790000000 1.0000000000 0.0000000020 -0.0000000904 -0.0000002791 0.0000000020 -0.0000000904 -0.0000002791 0.0000000000 0.0000000000 0.0000000000 
120.4526086957 124.7790000000 1.0000000000 0.0000000016 -0.0000000904 -0.0000002790 0.0000000016 -0.0000000904 -0.0000002790 0.0000000000 0.0000000000 0.0000000000 
121.5169565217 124.7790000000 1.0000000000 0.0000000012 -0.0000000904 -0.0000002789 0.0000000012 -0.0000000904 -0.0000002789 0.0000000000 0.0000000000 0.0000000000 
122.5813043478 124.7790000000 1.0000000000 0.0000000009 -0.0000000904 -0.0000002789 0.0000000009 -0.0000000904 -0.0000002789 0.0000000000 0.0000000000 0.0000000000 
123.6456521739 124.7790000000 1.0000000000 0.0000000005 -0.0000000904 -0.0000002788 0.0000000005 -0.0000000904 -0.0000002788 0.0000000000 0.0000000000 0.0000000000 
124.7100000000 124.7790000000 1.0000000000 0.0000000001 -0.0000000904 -0.0000002788 0.0000000001 -0.0000000904 -0.0000002788 0.0000000000 0.0000000000 0.0000000000 
125.7743478261 124.7790000000 1.0000000000 -0.0000000003 -0.0000000904 -0.0000002788 -0.0000000003 -0.0000000904 -0.0000002788 0.0000000000 0.0000000000 0.0000000000 
126.8386956522 124.7790000000 1.0000000000 -0.0000000006 -0.0000000904 -0.0000002788 -0.0000000006 -0.0000000904 -0.0000002788 0.0000000000 0.0000000000 0.0000000000 
127.9030434783 124.7790000000 1.0000000000 -0.0000000010 -0.0000000904 -0.0000002789 -0.0000000010 -0.0000000904 -0.0000002789 0.0000000000 0.0000000000 0.0000000000 
128.9673913043 124.7790000000 1.0000000000 -0.0000000014 -0.0000000904 -0.0000002790 -0.0000000014 -0.0000000904 -0.0000002790 0.0000000000 0.0000000000 0.0000000000 
130.0317391304 124.7790000000 1.0000000000 -0.0000000018 -0.0000000904 -0.0000002791 -0.0000000018 -0.0000000904 -0.0000002791 0.0000000000 0.0000000000 0.0000000000 
131.0960869565 124.7790000000 1.0000000000 -0.0000000022 -0.0000000904 -0.0000002792 -0.0000000022 -0.0000000904 -0.0000002792 0.0000000000 0.0000000000 0.0000000000 
132.1604347826 124.7790000000 1.0000000000 -0.0000000025 -0.0000000903 -0.0000002793 -0.0000000025 -0.0000000903 -0.0000002793 0.0000000000 0.0000000000 0.0000000000 
133.2247826087 124.7790000000 1.0000000000 -0.0000000029 -0.0000000903 -0.0000002795 -0.0000000029 -0.0000000903 -0.0000002795 0.0000000000 0.0000000000 0.0000000000 
134.2891304348 124.7790000000 1.0000000000 -0.0000000033 -0.0000000903 -0.0000002797 -0.0000000033 -0.0000000903 -0.0000002797 0.0000000000 0.0000000000 0.0000000000 
135.3534782609 124.7790000000 1.0000000000 -0.0000000037 -0.0000000902 -0.0000002799 -0.0000000037 -0.0000000902 -0.0000002799 0.0000000000 0.0000000000 0.0000000000 
136.4178260870 124.7790000000 1.0000000000 -0.0000000041 -0.0000000902 -0.0000002801 -0.0000000041 -0.0000000902 -0.0000002801 0.0000000000 0.0000000000 0.0000000000 
137.4821739130 124.7790000000 1.0000000000 -0.0000000045 -0.0000000901 -0.0000002804 -0.0000000045 -0.0000000901 -0.0000002804 0.0000000000 0.0000000000 0.0000000000 
138.5465217391 124.7790000000 1.0000000000 -0.0000000049 -0.0000000900 -0.0000002807 -0.0000000049 -0.0000000900 -0.0000002807 0.0000000000 0.0000000000 0.0000000000 
139.6108695652 124.7790000000 1.0000000000 -0.0000000053 -0.0000000900 -0.0000002810 -0.0000000053 -0.0000000900 -0.0000002810 0.0000000000 0.0000000000 0.0000000000 
140.6752173913 124.7790000000 1.0000000000 -0.0000000057 -0.0000000899 -0.0000002814 -0.0000000057 -0.0000000899 -0.0000002814 0.0000000000 0.0000000000 0.0000000000 
141.7395652174 124.7790000000 1.0000000000 -0.0000000061 -0.0000000898 -0.0000002817 -0.0000000061 -0.0000000898 -0.0000002817 0.0000000000 0.0000000000 0.0000000000 
142.8039130435 124.7790000000 1.0000000000 -0.0000000065 -0.0000000898 -0.0000002821 -0.0000000065 -0.0000000898 -0.0000002821 0.0000000000 0.0000000000 0.0000000000 
143.8682608696 124.7790000000 1.0000000000 -0.0000000070 -0.0000000897 -0.0000002825 -0.0000000070 -0.0000000897 -0.0000002825 0.0000000000 0.0000000000 0.0000000000 
144.9326086957 124.7790000000 1.0000000000 -0.0000000074 -0.0000000896 -0.0000002830 -0.0000000074 -0.0000000896 -0.0000002830 0.0000000000 0.0000000000 0.0000000000 
145.9969565217 124.7790000000 1.0000000000 -0.0000000079 -0.0000000895 -0.0000002834 -0.0000000079 -0.0000000895 -0.0000002834 0.0000000000 0.0000000000 0.0000000000 
147.0613043478 124.7790000000 1.0000000000 -0.0000000083 -0.0000000894 -0.0000002839 -0.0000000083 -0.0000000894 -0.0000002839 0.0000000000 0.0000000000 0.0000000000 
148.1256521739 124.7790000000 1.0000000000 -0.0000000088 -0.0000000893 -0.0000002844 -0.0000000088 -0.0000000893 -0.0000002844 0.0000000000 0.0000000000 0.0000000000 
149.1900000000 124.7790000000 1.0000000000 -0.0000000092 -0.0000000892 -0.0000002850 -0.0000000092 -0.0000000892 -0.0000002850 0.0000000000 0.0000000000 0.0000000000 
