# 1      , 2      , 3      , 4    , 5     , 6      , 7      , 8      ,                    9              , 10  , 11  , 12  , 13    , 14      
# IGRF_In, IGRF_Ic, IGRF_Dc, dmeas, height, In_siB0, Ic_siB0, Dc_siB0,                    height m (-poh), In_m, Ic_m, Dc_m, min hP, max hP  
4.523725e-05 5.359193e+01 3.342151e+00 0.000000e+00 8.498905e+02 4.341675e-05 5.220012e+01 5.387597e-01 8.514000e+02 4.374894e+01 4.883799e+01 -3.872737e+00 8.444384e+02 8.507643e+02 
4.523725e-05 5.359193e+01 3.342151e+00 4.563738e-01 8.502044e+02 4.342336e-05 5.237407e+01 5.734768e-01 8.532000e+02 4.678795e+01 5.258909e+01 -8.962869e+00 8.444384e+02 8.507643e+02 
4.523725e-05 5.359193e+01 3.342151e+00 1.240887e+00 8.501388e+02 4.365434e-05 5.233386e+01 3.685202e-01 8.536000e+02 4.608759e+01 5.378710e+01 -7.678019e+00 8.444384e+02 8.507643e+02 
4.523725e-05 5.359193e+01 3.342151e+00 2.965196e+00 8.506604e+02 4.409160e-05 5.273341e+01 3.098293e-01 8.546000e+02 4.720370e+01 5.633096e+01 -1.273044e+00 8.444384e+02 8.507643e+02 
4.523725e-05 5.359193e+01 3.342151e+00 3.642144e+00 8.507468e+02 4.423766e-05 5.285959e+01 3.105298e-01 8.545000e+02 4.635623e+01 5.749848e+01 3.248096e+00 8.444384e+02 8.507643e+02 
4.523725e-05 5.359193e+01 3.342151e+00 5.202806e+00 8.507643e+02 4.448239e-05 5.308872e+01 4.035292e-01 8.527000e+02 4.195583e+01 5.460899e+01 2.771880e+00 8.444384e+02 8.507643e+02 
4.523725e-05 5.359193e+01 3.342151e+00 7.782986e+00 8.500093e+02 4.472424e-05 5.314459e+01 8.521068e-02 8.530000e+02 4.291427e+01 5.481514e+01 4.521422e+00 8.444384e+02 8.507643e+02 
4.523725e-05 5.359193e+01 3.342151e+00 9.525456e+00 8.493547e+02 4.455153e-05 5.317099e+01 -5.250596e-01 8.532000e+02 4.419398e+01 5.501331e+01 5.996958e+00 8.444384e+02 8.507643e+02 
4.523725e-05 5.359193e+01 3.342151e+00 1.195757e+01 8.483197e+02 4.401448e-05 5.300414e+01 -6.456864e-01 8.527000e+02 4.418031e+01 5.636976e+01 1.723364e+00 8.444384e+02 8.507643e+02 
4.523725e-05 5.359193e+01 3.342151e+00 1.233717e+01 8.482991e+02 4.401449e-05 5.303292e+01 -5.599724e-01 8.526000e+02 4.404179e+01 5.606576e+01 2.072804e+00 8.444384e+02 8.507643e+02 
4.523725e-05 5.359193e+01 3.342151e+00 1.336194e+01 8.486777e+02 4.413644e-05 5.336560e+01 -2.325682e-01 8.514000e+02 4.284937e+01 5.532734e+01 3.269297e+00 8.444384e+02 8.507643e+02 
4.523725e-05 5.359193e+01 3.342151e+00 1.407394e+01 8.486771e+02 4.414225e-05 5.346480e+01 -1.581159e-02 8.508000e+02 4.202682e+01 5.331439e+01 3.774548e+00 8.444384e+02 8.507643e+02 
4.523725e-05 5.359193e+01 3.342151e+00 1.489717e+01 8.483718e+02 4.412253e-05 5.337735e+01 1.572675e-01 8.498000e+02 4.277403e+01 5.150629e+01 4.916600e+00 8.444384e+02 8.507643e+02 
4.523725e-05 5.359193e+01 3.342151e+00 1.618614e+01 8.482491e+02 4.416084e-05 5.351537e+01 7.159935e-01 8.492000e+02 4.300278e+01 4.976239e+01 7.787877e-01 8.444384e+02 8.507643e+02 
4.523725e-05 5.359193e+01 3.342151e+00 1.695322e+01 8.482129e+02 4.417087e-05 5.362446e+01 1.151701e+00 8.487000e+02 4.331801e+01 5.061217e+01 1.618432e+00 8.444384e+02 8.507643e+02 
4.523725e-05 5.359193e+01 3.342151e+00 1.796322e+01 8.482217e+02 4.408454e-05 5.373952e+01 1.834051e+00 8.479000e+02 4.272070e+01 5.117185e+01 4.858939e-01 8.444384e+02 8.507643e+02 
4.523725e-05 5.359193e+01 3.342151e+00 1.877371e+01 8.480631e+02 4.400082e-05 5.364429e+01 2.440691e+00 8.472000e+02 4.353216e+01 4.988142e+01 -1.405062e-01 8.444384e+02 8.507643e+02 
4.523725e-05 5.359193e+01 3.342151e+00 2.027174e+01 8.475542e+02 4.408139e-05 5.330121e+01 3.260681e+00 8.463000e+02 4.360745e+01 5.075309e+01 -2.323582e-01 8.444384e+02 8.507643e+02 
4.523725e-05 5.359193e+01 3.342151e+00 2.193285e+01 8.470370e+02 4.403498e-05 5.295446e+01 3.991801e+00 8.457000e+02 4.317625e+01 5.109825e+01 -3.781051e-01 8.444384e+02 8.507643e+02 
4.523725e-05 5.359193e+01 3.342151e+00 2.315550e+01 8.467214e+02 4.388899e-05 5.269608e+01 4.250349e+00 8.455000e+02 4.308930e+01 5.036115e+01 -1.228988e+00 8.444384e+02 8.507643e+02 
4.523725e-05 5.359193e+01 3.342151e+00 2.446160e+01 8.462558e+02 4.368464e-05 5.252713e+01 4.352448e+00 8.451000e+02 4.390296e+01 5.069444e+01 -1.667082e+00 8.444384e+02 8.507643e+02 
4.523725e-05 5.359193e+01 3.342151e+00 2.578514e+01 8.456739e+02 4.345174e-05 5.205477e+01 4.054886e+00 8.446000e+02 4.372147e+01 4.712932e+01 -2.524405e+00 8.444384e+02 8.507643e+02 
4.523725e-05 5.359193e+01 3.342151e+00 2.677558e+01 8.451971e+02 4.339050e-05 5.167068e+01 3.670417e+00 8.448000e+02 4.511533e+01 4.954804e+01 -1.622533e+00 8.444384e+02 8.507643e+02 
4.523725e-05 5.359193e+01 3.342151e+00 2.836011e+01 8.446052e+02 4.347448e-05 5.126551e+01 2.773933e+00 8.448000e+02 4.636680e+01 5.114375e+01 -2.651846e+00 8.444384e+02 8.507643e+02 
4.523725e-05 5.359193e+01 3.342151e+00 2.943979e+01 8.444384e+02 4.365904e-05 5.115412e+01 2.144108e+00 8.455000e+02 4.662951e+01 5.202201e+01 -1.617784e+00 8.444384e+02 8.507643e+02 
4.523725e-05 5.359193e+01 3.342151e+00 3.052728e+01 8.446284e+02 4.385512e-05 5.122335e+01 1.581935e+00 8.459000e+02 4.526555e+01 5.244780e+01 1.220446e-01 8.444384e+02 8.507643e+02 
4.523725e-05 5.359193e+01 3.342151e+00 3.200206e+01 8.446245e+02 4.407770e-05 5.144292e+01 1.295269e+00 8.462000e+02 4.476235e+01 5.227010e+01 -6.599742e-01 8.444384e+02 8.507643e+02 
4.523725e-05 5.359193e+01 3.342151e+00 3.367348e+01 8.450628e+02 4.427587e-05 5.192160e+01 1.063499e+00 8.457000e+02 4.474395e+01 5.104382e+01 -1.971610e+00 8.444384e+02 8.507643e+02 
4.523725e-05 5.359193e+01 3.342151e+00 3.524640e+01 8.455113e+02 4.431055e-05 5.224812e+01 8.660347e-01 8.457000e+02 4.513673e+01 5.130701e+01 -3.020758e+00 8.444384e+02 8.507643e+02 
4.523725e-05 5.359193e+01 3.342151e+00 3.706617e+01 8.458069e+02 4.422408e-05 5.239868e+01 8.132589e-01 8.456000e+02 4.518546e+01 5.281696e+01 -4.087299e+00 8.444384e+02 8.507643e+02 
4.523725e-05 5.359193e+01 3.342151e+00 3.830081e+01 8.461189e+02 4.422092e-05 5.245914e+01 6.674666e-01 8.459000e+02 4.472167e+01 5.310823e+01 -4.315810e+00 8.444384e+02 8.507643e+02 
4.523725e-05 5.359193e+01 3.342151e+00 3.993507e+01 8.463240e+02 4.416306e-05 5.235692e+01 5.897322e-01 8.462000e+02 4.367356e+01 5.361467e+01 -6.743297e+00 8.444384e+02 8.507643e+02 
4.523725e-05 5.359193e+01 3.342151e+00 4.087237e+01 8.465458e+02 4.420541e-05 5.231966e+01 4.302054e-01 8.466000e+02 4.537179e+01 5.474763e+01 -6.081497e+00 8.444384e+02 8.507643e+02 
4.523725e-05 5.359193e+01 3.342151e+00 4.204447e+01 8.469090e+02 4.431378e-05 5.231791e+01 2.100319e-01 8.474000e+02 4.478261e+01 5.562350e+01 -3.351772e+00 8.444384e+02 8.507643e+02 
4.523725e-05 5.359193e+01 3.342151e+00 4.328444e+01 8.474008e+02 4.449602e-05 5.240180e+01 4.568752e-03 8.479000e+02 4.445929e+01 5.509563e+01 -2.902719e+00 8.444384e+02 8.507643e+02 
4.523725e-05 5.359193e+01 3.342151e+00 4.448963e+01 8.479938e+02 4.471415e-05 5.258275e+01 -1.695723e-01 8.485000e+02 4.512735e+01 5.398684e+01 -2.642126e+00 8.444384e+02 8.507643e+02 
4.523725e-05 5.359193e+01 3.342151e+00 4.587433e+01 8.485853e+02 4.497257e-05 5.278529e+01 -1.640282e-01 8.488000e+02 4.536055e+01 5.415752e+01 -1.680224e+00 8.444384e+02 8.507643e+02 
4.523725e-05 5.359193e+01 3.342151e+00 4.715921e+01 8.491280e+02 4.517949e-05 5.301180e+01 -9.554836e-02 8.488000e+02 4.523041e+01 5.166121e+01 -3.409811e+00 8.444384e+02 8.507643e+02 
4.523725e-05 5.359193e+01 3.342151e+00 4.802093e+01 8.495053e+02 4.530289e-05 5.320165e+01 -5.245135e-02 8.498000e+02 4.712643e+01 5.576747e+01 -2.378608e+00 8.444384e+02 8.507643e+02 
4.523725e-05 5.359193e+01 3.342151e+00 4.947631e+01 8.501005e+02 4.545153e-05 5.352973e+01 7.911353e-02 8.499000e+02 4.566252e+01 5.609007e+01 1.402164e-01 8.444384e+02 8.507643e+02 
