# 1, 2, 3, 4   , 5   , 6   , 7   , 8   , 9   , 10  
# x, y, z, Bx_si, By_si, Bz_si, In_si, Ic_si, Dc_si, dmeas 
5.071797e+05 4.188639e+06 8.487147e+02 -3.609462e-07 -7.604537e-08 1.136932e-06 1.195274e-06 7.202469e+01 -1.681027e+02 0.000000e+00 
5.071793e+05 4.188639e+06 8.487147e+02 -3.605344e-07 -7.548039e-08 1.136038e-06 1.194263e-06 7.203515e+01 -1.681755e+02 4.563738e-01 
5.071790e+05 4.188639e+06 8.487147e+02 -3.621660e-07 -7.440171e-08 1.135057e-06 1.193756e-06 7.195768e+01 -1.683909e+02 1.240887e+00 
5.071776e+05 4.188640e+06 8.487147e+02 -3.650854e-07 -7.074525e-08 1.130947e-06 1.190518e-06 7.179816e+01 -1.690333e+02 2.965196e+00 
5.071773e+05 4.188641e+06 8.487147e+02 -3.664753e-07 -6.958964e-08 1.129793e-06 1.189781e-06 7.172833e+01 -1.692482e+02 3.642144e+00 
5.071768e+05 4.188642e+06 8.487147e+02 -3.699539e-07 -6.777983e-08 1.128419e-06 1.189449e-06 7.156633e+01 -1.696179e+02 5.202806e+00 
5.071783e+05 4.188645e+06 8.487147e+02 -3.738120e-07 -6.963051e-08 1.132416e-06 1.194550e-06 7.143901e+01 -1.694484e+02 7.782986e+00 
5.071796e+05 4.188646e+06 8.487147e+02 -3.758012e-07 -7.162807e-08 1.136091e-06 1.198774e-06 7.138959e+01 -1.692088e+02 9.525456e+00 
5.071809e+05 4.188648e+06 8.487147e+02 -3.798132e-07 -7.333883e-08 1.140338e-06 1.204163e-06 7.126188e+01 -1.690712e+02 1.195757e+01 
5.071809e+05 4.188648e+06 8.487147e+02 -3.807900e-07 -7.299032e-08 1.140258e-06 1.204374e-06 7.122040e+01 -1.691491e+02 1.233717e+01 
5.071802e+05 4.188649e+06 8.487147e+02 -3.832119e-07 -7.101038e-08 1.138386e-06 1.203253e-06 7.110095e+01 -1.695020e+02 1.336194e+01 
5.071800e+05 4.188650e+06 8.487147e+02 -3.851173e-07 -7.008971e-08 1.137868e-06 1.203317e-06 7.101602e+01 -1.696853e+02 1.407394e+01 
5.071803e+05 4.188650e+06 8.487147e+02 -3.869958e-07 -7.016157e-08 1.138846e-06 1.204848e-06 7.094746e+01 -1.697240e+02 1.489717e+01 
5.071800e+05 4.188652e+06 8.487147e+02 -3.905979e-07 -6.879286e-08 1.138453e-06 1.205560e-06 7.079290e+01 -1.700114e+02 1.618614e+01 
5.071798e+05 4.188652e+06 8.487147e+02 -3.927802e-07 -6.775649e-08 1.137899e-06 1.205687e-06 7.069574e+01 -1.702125e+02 1.695322e+01 
5.071792e+05 4.188653e+06 8.487147e+02 -3.955245e-07 -6.601764e-08 1.136523e-06 1.205189e-06 7.056577e+01 -1.705240e+02 1.796322e+01 
5.071788e+05 4.188654e+06 8.487147e+02 -3.978592e-07 -6.478811e-08 1.135732e-06 1.205146e-06 7.045895e+01 -1.707510e+02 1.877371e+01 
5.071784e+05 4.188655e+06 8.487147e+02 -4.024239e-07 -6.302754e-08 1.135186e-06 1.206053e-06 7.026090e+01 -1.710987e+02 2.027174e+01 
5.071775e+05 4.188657e+06 8.487147e+02 -4.073266e-07 -6.036195e-08 1.133355e-06 1.205841e-06 7.003272e+01 -1.715707e+02 2.193285e+01 
5.071766e+05 4.188658e+06 8.487147e+02 -4.105169e-07 -5.811881e-08 1.131329e-06 1.204909e-06 6.987307e+01 -1.719419e+02 2.315550e+01 
5.071760e+05 4.188659e+06 8.487147e+02 -4.146901e-07 -5.628948e-08 1.130422e-06 1.205401e-06 6.968497e+01 -1.722700e+02 2.446160e+01 
5.071753e+05 4.188660e+06 8.487147e+02 -4.188656e-07 -5.429268e-08 1.129224e-06 1.205629e-06 6.949243e+01 -1.726146e+02 2.578514e+01 
5.071749e+05 4.188661e+06 8.487147e+02 -4.221915e-07 -5.296384e-08 1.128678e-06 1.206220e-06 6.934405e+01 -1.728496e+02 2.677558e+01 
5.071742e+05 4.188662e+06 8.487147e+02 -4.276512e-07 -5.087356e-08 1.127906e-06 1.207330e-06 6.910172e+01 -1.732160e+02 2.836011e+01 
5.071735e+05 4.188663e+06 8.487147e+02 -4.311666e-07 -4.924682e-08 1.126922e-06 1.207594e-06 6.893864e+01 -1.734840e+02 2.943979e+01 
5.071724e+05 4.188663e+06 8.487147e+02 -4.326270e-07 -4.738614e-08 1.124537e-06 1.205817e-06 6.884274e+01 -1.737492e+02 3.052728e+01 
5.071721e+05 4.188665e+06 8.487147e+02 -4.382451e-07 -4.603440e-08 1.124981e-06 1.208206e-06 6.860967e+01 -1.740035e+02 3.200206e+01 
5.071709e+05 4.188666e+06 8.487147e+02 -4.435205e-07 -4.351715e-08 1.123271e-06 1.208446e-06 6.835962e+01 -1.743962e+02 3.367348e+01 
5.071697e+05 4.188667e+06 8.487147e+02 -4.479711e-07 -4.111517e-08 1.121318e-06 1.208190e-06 6.814017e+01 -1.747560e+02 3.524640e+01 
5.071686e+05 4.188668e+06 8.487147e+02 -4.546433e-07 -3.878086e-08 1.120473e-06 1.209820e-06 6.784219e+01 -1.751245e+02 3.706617e+01 
5.071677e+05 4.188669e+06 8.487147e+02 -4.585412e-07 -3.705968e-08 1.119340e-06 1.210188e-06 6.765788e+01 -1.753794e+02 3.830081e+01 
5.071668e+05 4.188671e+06 8.487147e+02 -4.651546e-07 -3.522639e-08 1.119228e-06 1.212551e-06 6.737396e+01 -1.756692e+02 3.993507e+01 
5.071663e+05 4.188671e+06 8.487147e+02 -4.686947e-07 -3.407762e-08 1.118858e-06 1.213540e-06 6.721708e+01 -1.758415e+02 4.087237e+01 
5.071655e+05 4.188672e+06 8.487147e+02 -4.731385e-07 -3.265948e-08 1.118410e-06 1.214812e-06 6.702052e+01 -1.760513e+02 4.204447e+01 
5.071646e+05 4.188673e+06 8.487147e+02 -4.776189e-07 -3.114280e-08 1.117782e-06 1.215947e-06 6.681945e+01 -1.762694e+02 4.328444e+01 
5.071636e+05 4.188674e+06 8.487147e+02 -4.812297e-07 -2.963327e-08 1.116759e-06 1.216392e-06 6.664856e+01 -1.764763e+02 4.448963e+01 
5.071626e+05 4.188675e+06 8.487147e+02 -4.865318e-07 -2.806325e-08 1.116347e-06 1.218085e-06 6.641636e+01 -1.766988e+02 4.587433e+01 
5.071617e+05 4.188675e+06 8.487147e+02 -4.912657e-07 -2.661669e-08 1.115875e-06 1.219519e-06 6.620744e+01 -1.768988e+02 4.715921e+01 
5.071610e+05 4.188676e+06 8.487147e+02 -4.942630e-07 -2.565232e-08 1.115479e-06 1.220347e-06 6.607356e+01 -1.770290e+02 4.802093e+01 
5.071599e+05 4.188677e+06 8.487147e+02 -4.996018e-07 -2.408861e-08 1.115018e-06 1.222067e-06 6.583963e+01 -1.772396e+02 4.947631e+01 
