# 1    , 2      , 3      , 4      , 5      , 6      , 7       
# dmeas, Bx_siB0, By_siB0, Bz_siB0, In_siB0, Ic_siB0, Dc_siB0 
0.000000e+00 2.660919e-05 2.502170e-07 3.430602e-05 4.341675e-05 5.220012e+01 5.387597e-01 
4.563738e-01 2.650879e-05 2.653369e-07 3.439188e-05 4.342336e-05 5.237407e+01 5.734768e-01 
1.240887e+00 2.667484e-05 1.715720e-07 3.455612e-05 4.365434e-05 5.233386e+01 3.685202e-01 
2.965196e+00 2.669815e-05 1.443728e-07 3.508928e-05 4.409160e-05 5.273341e+01 3.098293e-01 
3.642144e+00 2.670900e-05 1.447580e-07 3.526442e-05 4.423766e-05 5.285959e+01 3.105298e-01 
5.202806e+00 2.671447e-05 1.881508e-07 3.556663e-05 4.448239e-05 5.308872e+01 4.035292e-01 
7.782986e+00 2.682547e-05 3.989505e-08 3.578617e-05 4.472424e-05 5.314459e+01 8.521068e-02 
9.525456e+00 2.670436e-05 -2.447261e-07 3.566029e-05 4.455153e-05 5.317099e+01 -5.250596e-01 
1.195757e+01 2.648435e-05 -2.984742e-07 3.515345e-05 4.401448e-05 5.300414e+01 -6.456864e-01 
1.233717e+01 2.646712e-05 -2.586810e-07 3.516675e-05 4.401449e-05 5.303292e+01 -5.599724e-01 
1.336194e+01 2.633629e-05 -1.069017e-07 3.541770e-05 4.413644e-05 5.336560e+01 -2.325682e-01 
1.407394e+01 2.627861e-05 -7.251958e-09 3.546791e-05 4.414225e-05 5.346480e+01 -1.581159e-02 
1.489717e+01 2.632086e-05 7.224661e-08 3.541194e-05 4.412253e-05 5.337735e+01 1.572675e-01 
1.618614e+01 2.625630e-05 3.281275e-07 3.550603e-05 4.416084e-05 5.351537e+01 7.159935e-01 
1.695322e+01 2.619135e-05 5.265429e-07 3.556404e-05 4.417087e-05 5.362446e+01 1.151701e+00 
1.796322e+01 2.606076e-05 8.344961e-07 3.554697e-05 4.408454e-05 5.373952e+01 1.834051e+00 
1.877371e+01 2.605987e-05 1.110773e-06 3.543616e-05 4.400082e-05 5.364429e+01 2.440691e+00 
2.027174e+01 2.630076e-05 1.498384e-06 3.534394e-05 4.408139e-05 5.330121e+01 3.260681e+00 
2.193285e+01 2.646450e-05 1.846772e-06 3.514683e-05 4.403498e-05 5.295446e+01 3.991801e+00 
2.315550e+01 2.652545e-05 1.971344e-06 3.491071e-05 4.388899e-05 5.269608e+01 4.250349e+00 
2.446160e+01 2.650046e-05 2.016977e-06 3.466994e-05 4.368464e-05 5.252713e+01 4.352448e+00 
2.578514e+01 2.665193e-05 1.889343e-06 3.426600e-05 4.345174e-05 5.205477e+01 4.054886e+00 
2.677558e+01 2.685475e-05 1.722695e-06 3.403807e-05 4.339050e-05 5.167068e+01 3.670417e+00 
2.836011e+01 2.717064e-05 1.316475e-06 3.391244e-05 4.347448e-05 5.126551e+01 2.773933e+00 
2.943979e+01 2.736499e-05 1.024524e-06 3.400323e-05 4.365904e-05 5.115412e+01 2.144108e+00 
3.052728e+01 2.745539e-05 7.582352e-07 3.418916e-05 4.385512e-05 5.122335e+01 1.581935e+00 
3.200206e+01 2.746634e-05 6.210294e-07 3.446822e-05 4.407770e-05 5.144292e+01 1.295269e+00 
3.367348e+01 2.730196e-05 5.068253e-07 3.485253e-05 4.427587e-05 5.192160e+01 1.063499e+00 
3.524640e+01 2.712574e-05 4.100410e-07 3.503500e-05 4.431055e-05 5.224812e+01 8.660347e-01 
3.706617e+01 2.698120e-05 3.829981e-07 3.503766e-05 4.422408e-05 5.239868e+01 8.132589e-01 
3.830081e+01 2.694318e-05 3.138885e-07 3.506361e-05 4.422092e-05 5.245914e+01 6.674666e-01 
3.993507e+01 2.697075e-05 2.776135e-07 3.496966e-05 4.416306e-05 5.235692e+01 5.897322e-01 
4.087237e+01 2.702004e-05 2.028838e-07 3.498563e-05 4.420541e-05 5.231966e+01 4.302054e-01 
4.204447e+01 2.708793e-05 9.929798e-08 3.507057e-05 4.431378e-05 5.231791e+01 2.100319e-01 
4.328444e+01 2.714792e-05 2.164769e-09 3.525459e-05 4.449602e-05 5.240180e+01 4.568752e-03 
4.448963e+01 2.716887e-05 -8.040910e-08 3.551339e-05 4.471415e-05 5.258275e+01 -1.695723e-01 
4.587433e+01 2.719946e-05 -7.786772e-08 3.581501e-05 4.497257e-05 5.278529e+01 -1.640282e-01 
4.715921e+01 2.718222e-05 -4.533002e-08 3.608754e-05 4.517949e-05 5.301180e+01 -9.554836e-02 
4.802093e+01 2.713644e-05 -2.484203e-08 3.627623e-05 4.530289e-05 5.320165e+01 -5.245135e-02 
4.947631e+01 2.701662e-05 3.730435e-08 3.655055e-05 4.545153e-05 5.352973e+01 7.911353e-02 
