# 1, 2, 3, 4   , 5   , 6   , 7   , 8   , 9   , 10  
# x, y, z, Bx_si, By_si, Bz_si, In_si, Ic_si, Dc_si, dmeas 
5.071797e+05 4.188639e+06 8.498905e+02 -1.315083e-06 -1.949137e-07 2.101384e-06 2.486614e-06 -5.768034e+01 -9.843066e+01 0.000000e+00 
5.071793e+05 4.188639e+06 8.502044e+02 -1.299963e-06 -2.953119e-07 2.015516e-06 2.416489e-06 -5.651892e+01 -1.027986e+02 4.563738e-01 
5.071790e+05 4.188639e+06 8.501388e+02 -1.393728e-06 -1.292596e-07 1.851285e-06 2.320871e-06 -5.290800e+01 -9.529867e+01 1.240887e+00 
5.071776e+05 4.188640e+06 8.506604e+02 -1.420927e-06 -1.059495e-07 1.318124e-06 1.941059e-06 -4.277138e+01 -9.426429e+01 2.965196e+00 
5.071773e+05 4.188641e+06 8.507468e+02 -1.420542e-06 -9.510027e-08 1.142983e-06 1.825759e-06 -3.875798e+01 -9.383003e+01 3.642144e+00 
5.071768e+05 4.188642e+06 8.507643e+02 -1.377149e-06 -8.963113e-08 8.407718e-07 1.616005e-06 -3.135091e+01 -9.372382e+01 5.202806e+00 
5.071783e+05 4.188645e+06 8.500093e+02 -1.525405e-06 2.136746e-08 6.212275e-07 1.647192e-06 -2.215685e+01 -8.919747e+01 7.782986e+00 
5.071796e+05 4.188646e+06 8.493547e+02 -1.810026e-06 -9.974394e-08 7.471100e-07 1.960693e-06 -2.239836e+01 -9.315417e+01 9.525456e+00 
5.071809e+05 4.188648e+06 8.483197e+02 -1.863774e-06 -3.197469e-07 1.253955e-06 2.268985e-06 -3.354901e+01 -9.973483e+01 1.195757e+01 
5.071809e+05 4.188648e+06 8.482991e+02 -1.823981e-06 -3.369850e-07 1.240652e-06 2.231520e-06 -3.377736e+01 -1.004675e+02 1.233717e+01 
5.071802e+05 4.188649e+06 8.486777e+02 -1.672202e-06 -4.678098e-07 9.897021e-07 1.998653e-06 -2.968192e+01 -1.056293e+02 1.336194e+01 
5.071800e+05 4.188650e+06 8.486771e+02 -1.572552e-06 -5.254926e-07 9.394871e-07 1.905701e-06 -2.953713e+01 -1.084778e+02 1.407394e+01 
5.071803e+05 4.188650e+06 8.483718e+02 -1.493053e-06 -4.832430e-07 9.954629e-07 1.858408e-06 -3.238825e+01 -1.079347e+02 1.489717e+01 
5.071800e+05 4.188652e+06 8.482491e+02 -1.237173e-06 -5.478012e-07 9.013657e-07 1.625774e-06 -3.367094e+01 -1.138830e+02 1.618614e+01 
5.071798e+05 4.188652e+06 8.482129e+02 -1.038757e-06 -6.127458e-07 8.433570e-07 1.471640e-06 -3.496478e+01 -1.205357e+02 1.695322e+01 
5.071792e+05 4.188653e+06 8.482217e+02 -7.308039e-07 -7.433379e-07 8.604280e-07 1.351652e-06 -3.953692e+01 -1.354871e+02 1.796322e+01 
5.071788e+05 4.188654e+06 8.480631e+02 -4.545272e-07 -7.442308e-07 9.712423e-07 1.305292e-06 -4.808020e+01 -1.485862e+02 1.877371e+01 
5.071784e+05 4.188655e+06 8.475542e+02 -6.691626e-08 -5.033449e-07 1.063461e-06 1.178466e-06 -6.447680e+01 -1.724273e+02 2.027174e+01 
5.071775e+05 4.188657e+06 8.470370e+02 2.814723e-07 -3.396025e-07 1.260573e-06 1.335515e-06 -7.071461e+01 1.403471e+02 2.193285e+01 
5.071766e+05 4.188658e+06 8.467214e+02 4.060439e-07 -2.786492e-07 1.496691e-06 1.575627e-06 -7.178711e+01 1.244600e+02 2.315550e+01 
5.071760e+05 4.188659e+06 8.462558e+02 4.516771e-07 -3.036368e-07 1.737460e-06 1.820708e-06 -7.260713e+01 1.239107e+02 2.446160e+01 
5.071753e+05 4.188660e+06 8.456739e+02 3.240426e-07 -1.521652e-07 2.141400e-06 2.171118e-06 -8.050927e+01 1.151540e+02 2.578514e+01 
5.071749e+05 4.188661e+06 8.451971e+02 1.573954e-07 5.064550e-08 2.369330e-06 2.375093e-06 -8.600810e+01 7.216326e+01 2.677558e+01 
5.071742e+05 4.188662e+06 8.446052e+02 -2.488248e-07 3.665399e-07 2.494964e-06 2.533991e-06 -7.993122e+01 -3.417054e+01 2.836011e+01 
5.071735e+05 4.188663e+06 8.444384e+02 -5.407760e-07 5.608885e-07 2.404167e-06 2.527262e-06 -7.204392e+01 -4.395410e+01 2.943979e+01 
5.071724e+05 4.188663e+06 8.446284e+02 -8.070648e-07 6.512860e-07 2.218244e-06 2.448700e-06 -6.494291e+01 -5.109713e+01 3.052728e+01 
5.071721e+05 4.188665e+06 8.446245e+02 -9.442706e-07 6.622446e-07 1.939183e-06 2.256246e-06 -5.925749e+01 -5.495690e+01 3.200206e+01 
5.071709e+05 4.188666e+06 8.450628e+02 -1.058475e-06 4.978577e-07 1.554867e-06 1.945724e-06 -5.304614e+01 -6.480987e+01 3.367348e+01 
5.071697e+05 4.188667e+06 8.455113e+02 -1.155259e-06 3.216390e-07 1.372400e-06 1.822514e-06 -4.885317e+01 -7.444211e+01 3.524640e+01 
5.071686e+05 4.188668e+06 8.458069e+02 -1.182302e-06 1.770991e-07 1.369740e-06 1.818073e-06 -4.888594e+01 -8.148090e+01 3.706617e+01 
5.071677e+05 4.188669e+06 8.461189e+02 -1.251412e-06 1.390783e-07 1.343792e-06 1.841507e-06 -4.686323e+01 -8.365833e+01 3.830081e+01 
5.071668e+05 4.188671e+06 8.463240e+02 -1.287686e-06 1.666534e-07 1.437736e-06 1.937265e-06 -4.791467e+01 -8.262573e+01 3.993507e+01 
5.071663e+05 4.188671e+06 8.465458e+02 -1.362416e-06 2.159364e-07 1.421765e-06 1.980965e-06 -4.586601e+01 -8.099381e+01 4.087237e+01 
5.071655e+05 4.188672e+06 8.469090e+02 -1.466002e-06 2.838320e-07 1.336827e-06 2.004203e-06 -4.183686e+01 -7.904256e+01 4.204447e+01 
5.071646e+05 4.188673e+06 8.474008e+02 -1.563135e-06 3.438196e-07 1.152813e-06 1.972455e-06 -3.576454e+01 -7.759503e+01 4.328444e+01 
5.071636e+05 4.188674e+06 8.479938e+02 -1.645709e-06 3.647684e-07 8.940057e-07 1.908052e-06 -2.793981e+01 -7.750254e+01 4.448963e+01 
5.071626e+05 4.188675e+06 8.485853e+02 -1.643168e-06 3.953625e-07 5.923866e-07 1.790875e-06 -1.931616e+01 -7.647123e+01 4.587433e+01 
5.071617e+05 4.188675e+06 8.491280e+02 -1.610630e-06 3.781220e-07 3.198557e-07 1.685056e-06 -1.094222e+01 -7.678813e+01 4.715921e+01 
5.071610e+05 4.188676e+06 8.495053e+02 -1.590142e-06 3.323443e-07 1.311707e-07 1.629788e-06 -4.616344e+00 -7.819495e+01 4.802093e+01 
5.071599e+05 4.188677e+06 8.501005e+02 -1.527996e-06 2.125236e-07 -1.431493e-07 1.549332e-06 5.301359e+00 -8.208173e+01 4.947631e+01 
