# 1,2,3, 4    , 5    , 6    , 7    , 8    , 9     
# x,y,z, Bx_si, By_si, Bz_si, In_si, Ic_si, Dc_si 
1.247790e+02 1.002300e+02 1.207864e+00 4.017168e-07 2.889481e-06 1.988343e-07 2.924040e-06 -3.899114e+00 7.914944e+00 
1.247790e+02 1.012943e+02 2.255164e+00 4.813437e-07 2.709030e-06 -6.067740e-07 2.817571e-06 1.243627e+01 1.007524e+01 
1.247790e+02 1.023587e+02 3.211530e+00 5.637931e-07 2.245695e-06 -1.435194e-06 2.724113e-06 3.179275e+01 1.409312e+01 
1.247790e+02 1.034230e+02 4.008937e+00 6.305543e-07 1.438321e-06 -2.107654e-06 2.628416e-06 5.330927e+01 2.367246e+01 
1.247790e+02 1.044874e+02 4.590665e+00 6.591369e-07 3.843361e-07 -2.408015e-06 2.526007e-06 7.241866e+01 5.975397e+01 
1.247790e+02 1.055517e+02 4.915335e+00 6.417943e-07 -6.847261e-07 -2.261047e-06 2.448077e-06 6.745834e+01 1.368537e+02 
1.247790e+02 1.066161e+02 4.959853e+00 5.861677e-07 -1.601338e-06 -1.738634e-06 2.435308e-06 4.555540e+01 1.598949e+02 
1.247790e+02 1.076804e+02 4.721053e+00 4.992660e-07 -2.269702e-06 -9.074007e-07 2.494833e-06 2.132834e+01 1.675942e+02 
1.247790e+02 1.087448e+02 4.215920e+00 3.903746e-07 -2.559801e-06 1.436163e-07 2.593376e-06 -3.174555e+00 1.713291e+02 
1.247790e+02 1.098091e+02 3.480385e+00 2.818966e-07 -2.394368e-06 1.199861e-06 2.692978e-06 -2.645864e+01 1.732853e+02 
1.247790e+02 1.108735e+02 2.566767e+00 1.966902e-07 -1.884590e-06 2.041811e-06 2.785563e-06 -4.713830e+01 1.740417e+02 
1.247790e+02 1.119378e+02 1.540052e+00 1.407596e-07 -1.230548e-06 2.609788e-06 2.888781e-06 -6.461158e+01 1.734744e+02 
1.247790e+02 1.130022e+02 4.732709e-01 1.085707e-07 -5.666743e-07 2.953549e-06 3.009378e-06 -7.894637e+01 1.691540e+02 
1.247790e+02 1.140665e+02 -5.576963e-01 9.246764e-08 4.528447e-08 3.142894e-06 3.144580e-06 -8.812367e+01 6.390748e+01 
1.247790e+02 1.151309e+02 -1.479516e+00 8.710142e-08 5.876416e-07 3.225752e-06 3.279997e-06 -7.956520e+01 8.431110e+00 
1.247790e+02 1.161952e+02 -2.226619e+00 8.927340e-08 1.055983e-06 3.229895e-06 3.399307e-06 -7.183499e+01 4.832327e+00 
1.247790e+02 1.172596e+02 -2.745863e+00 9.762295e-08 1.456540e-06 3.166111e-06 3.486445e-06 -6.524685e+01 3.834450e+00 
1.247790e+02 1.183239e+02 -3.000315e+00 1.117225e-07 1.796819e-06 3.036979e-06 3.530479e-06 -5.934099e+01 3.557955e+00 
1.247790e+02 1.193883e+02 -2.971874e+00 1.318949e-07 2.086454e-06 2.838722e-06 3.525482e-06 -5.362967e+01 3.617133e+00 
1.247790e+02 1.204526e+02 -2.662564e+00 1.588002e-07 2.334675e-06 2.565182e-06 3.472187e-06 -4.762759e+01 3.891160e+00 
1.247790e+02 1.215170e+02 -2.094387e+00 1.933159e-07 2.547359e-06 2.208960e-06 3.377264e-06 -4.084902e+01 4.339788e+00 
1.247790e+02 1.225813e+02 -1.307757e+00 2.365649e-07 2.725125e-06 1.761067e-06 3.253248e-06 -3.277392e+01 4.961342e+00 
1.247790e+02 1.236457e+02 -3.586271e-01 2.895763e-07 2.855383e-06 1.214022e-06 3.116234e-06 -2.292835e+01 5.790805e+00 
1.247790e+02 1.247100e+02 6.854902e-01 3.537018e-07 2.908535e-06 5.577113e-07 2.982570e-06 -1.077719e+01 6.933592e+00 
1.247790e+02 1.257743e+02 1.750327e+00 4.289416e-07 2.824295e-06 -2.048966e-07 2.864021e-06 4.102535e+00 8.635838e+00 
1.247790e+02 1.268387e+02 2.760140e+00 5.117318e-07 2.510865e-06 -1.036922e-06 2.764330e-06 2.203099e+01 1.151951e+01 
1.247790e+02 1.279030e+02 3.643101e+00 5.891330e-07 1.869725e-06 -1.812502e-06 2.669853e-06 4.275596e+01 1.748916e+01 
1.247790e+02 1.289674e+02 4.336405e+00 6.387735e-07 9.102088e-07 -2.316430e-06 2.569506e-06 6.435700e+01 3.506071e+01 
1.247790e+02 1.300317e+02 4.790737e+00 6.435138e-07 -1.808149e-07 -2.383838e-06 2.475780e-06 7.433637e+01 1.056943e+02 
1.247790e+02 1.310961e+02 4.973780e+00 6.054560e-07 -1.185540e-06 -2.033577e-06 2.430538e-06 5.679093e+01 1.529466e+02 
1.247790e+02 1.321604e+02 4.872513e+00 5.331779e-07 -1.987926e-06 -1.346834e-06 2.459693e-06 3.319989e+01 1.649862e+02 
1.247790e+02 1.332248e+02 4.494141e+00 4.330842e-07 -2.479828e-06 -3.848465e-07 2.546609e-06 8.691905e+00 1.700936e+02 
1.247790e+02 1.342891e+02 3.865577e+00 3.210014e-07 -2.534139e-06 7.007843e-07 2.648773e-06 -1.534137e+01 1.727807e+02 
1.247790e+02 1.353535e+02 3.031531e+00 2.224183e-07 -2.166656e-06 1.665871e-06 2.742078e-06 -3.741050e+01 1.741388e+02 
1.247790e+02 1.364178e+02 2.051329e+00 1.525008e-07 -1.559328e-06 2.363883e-06 2.835966e-06 -5.646382e+01 1.744143e+02 
1.247790e+02 1.374822e+02 9.946926e-01 1.096680e-07 -8.863277e-07 2.807199e-06 2.945840e-06 -7.235197e+01 1.729465e+02 
1.247790e+02 1.385465e+02 -6.321798e-02 8.655615e-08 -2.431383e-07 3.062980e-06 3.073834e-06 -8.518365e+01 1.604045e+02 
1.247790e+02 1.396109e+02 -1.047154e+00 7.641048e-08 3.360267e-07 3.192550e-06 3.211094e-06 -8.383933e+01 1.281088e+01 
1.247790e+02 1.406752e+02 -1.887127e+00 7.523196e-08 8.413825e-07 3.231193e-06 3.339789e-06 -7.534893e+01 5.109497e+00 
1.247790e+02 1.417396e+02 -2.523389e+00 8.064522e-08 1.275714e-06 3.199137e-06 3.445058e-06 -6.822011e+01 3.617181e+00 
1.247790e+02 1.428039e+02 -2.910683e+00 9.191868e-08 1.644784e-06 3.101541e-06 3.511883e-06 -6.202547e+01 3.198645e+00 
1.247790e+02 1.438683e+02 -3.021461e+00 1.090448e-07 1.958097e-06 2.937391e-06 3.531898e-06 -5.627119e+01 3.187462e+00 
1.247790e+02 1.449326e+02 -2.847843e+00 1.325262e-07 2.225127e-06 2.701614e-06 3.502495e-06 -5.047436e+01 3.408449e+00 
1.247790e+02 1.459970e+02 -2.402178e+00 1.631711e-07 2.453922e-06 2.387051e-06 3.427298e-06 -4.414543e+01 3.804225e+00 
1.247790e+02 1.470613e+02 -1.716167e+00 2.018939e-07 2.648410e-06 1.986311e-06 3.316666e-06 -3.679030e+01 4.359346e+00 
1.247790e+02 1.481257e+02 -8.386058e-01 2.499094e-07 2.802166e-06 1.489823e-06 3.183420e-06 -2.790420e+01 5.096403e+00 
1.247790e+02 1.491900e+02 1.680840e-01 3.083670e-07 2.897142e-06 8.891539e-07 3.046164e-06 -1.697132e+01 6.075594e+00 
