# 1 , 2 , 3 , 4      , 5      , 6      , 7      , 8      , 9      , 10 (pm), 11 (pm), 12 (pm)  
# xm, ym, zm, IGRF_In, IGRF_Ic, IGRF_Dc, In_siB0, Ic_siB0, Dc_siB0, Bx_siB0, By_siB0, Bz_siB0  
1.247790e+02 1.002300e+02 1.207864e+00 4.518274e-05 5.346856e+01 3.327694e+00 4.745322e-05 5.156839e+01 3.816583e+00 2.943056e-05 1.963331e-06 3.717251e-05 
1.247790e+02 1.012943e+02 2.255164e+00 4.518274e-05 5.346856e+01 3.327694e+00 4.797725e-05 5.232771e+01 3.995345e+00 2.924977e-05 2.042955e-06 3.797491e-05 
1.247790e+02 1.023587e+02 3.211530e+00 4.518274e-05 5.346856e+01 3.327694e+00 4.835921e-05 5.335358e+01 4.222738e+00 2.878605e-05 2.125401e-06 3.880024e-05 
1.247790e+02 1.034230e+02 4.008937e+00 4.518274e-05 5.346856e+01 3.327694e+00 4.842982e-05 5.458619e+01 4.480101e+00 2.797824e-05 2.192159e-06 3.946973e-05 
1.247790e+02 1.044874e+02 4.590665e+00 4.518274e-05 5.346856e+01 3.327694e+00 4.807551e-05 5.581041e+01 4.715219e+00 2.692379e-05 2.220738e-06 3.976723e-05 
1.247790e+02 1.055517e+02 4.915335e+00 4.518274e-05 5.346856e+01 3.327694e+00 4.735865e-05 5.677676e+01 4.871190e+00 2.585420e-05 2.203392e-06 3.961751e-05 
1.247790e+02 1.066161e+02 4.959853e+00 4.518274e-05 5.346856e+01 3.327694e+00 4.641861e-05 5.737018e+01 4.922591e+00 2.493702e-05 2.147762e-06 3.909245e-05 
1.247790e+02 1.076804e+02 4.721053e+00 4.518274e-05 5.346856e+01 3.327694e+00 4.535319e-05 5.751926e+01 4.853946e+00 2.426804e-05 2.060857e-06 3.825868e-05 
1.247790e+02 1.087448e+02 4.215920e+00 4.518274e-05 5.346856e+01 3.327694e+00 4.430518e-05 5.711361e+01 4.654118e+00 2.397728e-05 1.951962e-06 3.720522e-05 
1.247790e+02 1.098091e+02 3.480385e+00 4.518274e-05 5.346856e+01 3.327694e+00 4.350648e-05 5.618445e+01 4.366627e+00 2.414199e-05 1.843480e-06 3.614664e-05 
1.247790e+02 1.108735e+02 2.566767e+00 4.518274e-05 5.346856e+01 3.327694e+00 4.309323e-05 5.500590e+01 4.079800e+00 2.465100e-05 1.758271e-06 3.530245e-05 
1.247790e+02 1.119378e+02 1.540052e+00 4.518274e-05 5.346856e+01 3.327694e+00 4.300624e-05 5.386322e+01 3.848762e+00 2.530422e-05 1.702336e-06 3.473234e-05 
1.247790e+02 1.130022e+02 4.732709e-01 4.518274e-05 5.346856e+01 3.327694e+00 4.312215e-05 5.288459e+01 3.680046e+00 2.596722e-05 1.670144e-06 3.438653e-05 
1.247790e+02 1.140665e+02 -5.576963e-01 4.518274e-05 5.346856e+01 3.327694e+00 4.334112e-05 5.209019e+01 3.561081e+00 2.657825e-05 1.654037e-06 3.419523e-05 
1.247790e+02 1.151309e+02 -1.479516e+00 4.518274e-05 5.346856e+01 3.327694e+00 4.360870e-05 5.146200e+01 3.478869e+00 2.711962e-05 1.648668e-06 3.411051e-05 
1.247790e+02 1.161952e+02 -2.226619e+00 4.518274e-05 5.346856e+01 3.327694e+00 4.389632e-05 5.098082e+01 3.424568e+00 2.758691e-05 1.650836e-06 3.410460e-05 
1.247790e+02 1.172596e+02 -2.745863e+00 4.518274e-05 5.346856e+01 3.327694e+00 4.419675e-05 5.062939e+01 3.392830e+00 2.798637e-05 1.659182e-06 3.416670e-05 
1.247790e+02 1.183239e+02 -3.000315e+00 4.518274e-05 5.346856e+01 3.327694e+00 4.451098e-05 5.039583e+01 3.380718e+00 2.832548e-05 1.673278e-06 3.429424e-05 
1.247790e+02 1.193883e+02 -2.971874e+00 4.518274e-05 5.346856e+01 3.327694e+00 4.484697e-05 5.027150e+01 3.386967e+00 2.861389e-05 1.693447e-06 3.449098e-05 
1.247790e+02 1.204526e+02 -2.662564e+00 4.518274e-05 5.346856e+01 3.327694e+00 4.521482e-05 5.025010e+01 3.411275e+00 2.886083e-05 1.720348e-06 3.476310e-05 
1.247790e+02 1.215170e+02 -2.094387e+00 4.518274e-05 5.346856e+01 3.327694e+00 4.562392e-05 5.032940e+01 3.454309e+00 2.907216e-05 1.754860e-06 3.511797e-05 
1.247790e+02 1.225813e+02 -1.307757e+00 4.518274e-05 5.346856e+01 3.327694e+00 4.608199e-05 5.051292e+01 3.517935e+00 2.924851e-05 1.798106e-06 3.556461e-05 
1.247790e+02 1.236457e+02 -3.586271e-01 4.518274e-05 5.346856e+01 3.327694e+00 4.658775e-05 5.081470e+01 3.605538e+00 2.937729e-05 1.851113e-06 3.611047e-05 
1.247790e+02 1.247100e+02 6.854902e-01 4.518274e-05 5.346856e+01 3.327694e+00 4.713219e-05 5.126557e+01 3.723563e+00 2.942890e-05 1.915235e-06 3.676568e-05 
1.247790e+02 1.257743e+02 1.750327e+00 4.518274e-05 5.346856e+01 3.327694e+00 4.767884e-05 5.191387e+01 3.880687e+00 2.934304e-05 1.990471e-06 3.752727e-05 
1.247790e+02 1.268387e+02 2.760140e+00 4.518274e-05 5.346856e+01 3.327694e+00 4.814854e-05 5.281299e+01 4.085292e+00 2.902792e-05 2.073258e-06 3.835835e-05 
1.247790e+02 1.279030e+02 3.643101e+00 4.518274e-05 5.346856e+01 3.327694e+00 4.839144e-05 5.396691e+01 4.332865e+00 2.838502e-05 2.150655e-06 3.913306e-05 
1.247790e+02 1.289674e+02 4.336405e+00 4.518274e-05 5.346856e+01 3.327694e+00 4.824860e-05 5.523518e+01 4.587202e+00 2.742368e-05 2.200292e-06 3.963620e-05 
1.247790e+02 1.300317e+02 4.790737e+00 4.518274e-05 5.346856e+01 3.327694e+00 4.769162e-05 5.635560e+01 4.786978e+00 2.633075e-05 2.205028e-06 3.970289e-05 
1.247790e+02 1.310961e+02 4.973780e+00 4.518274e-05 5.346856e+01 3.327694e+00 4.684637e-05 5.714247e+01 4.890859e+00 2.532404e-05 2.166967e-06 3.935199e-05 
1.247790e+02 1.321604e+02 4.872513e+00 4.518274e-05 5.346856e+01 3.327694e+00 4.583183e-05 5.752448e+01 4.882866e+00 2.451960e-05 2.094685e-06 3.866469e-05 
1.247790e+02 1.332248e+02 4.494141e+00 4.518274e-05 5.346856e+01 3.327694e+00 4.475111e-05 5.740362e+01 4.745778e+00 2.402556e-05 1.994587e-06 3.770221e-05 
1.247790e+02 1.342891e+02 3.865577e+00 4.518274e-05 5.346856e+01 3.327694e+00 4.380412e-05 5.671037e+01 4.490728e+00 2.396902e-05 1.882500e-06 3.661616e-05 
1.247790e+02 1.353535e+02 3.031531e+00 4.518274e-05 5.346856e+01 3.327694e+00 4.320081e-05 5.561210e+01 4.192790e+00 2.433420e-05 1.783913e-06 3.565073e-05 
1.247790e+02 1.364178e+02 2.051329e+00 4.518274e-05 5.346856e+01 3.327694e+00 4.297176e-05 5.442766e+01 3.931583e+00 2.493914e-05 1.713992e-06 3.495244e-05 
1.247790e+02 1.374822e+02 9.946926e-01 4.518274e-05 5.346856e+01 3.327694e+00 4.300597e-05 5.336198e+01 3.733535e+00 2.560967e-05 1.671155e-06 3.450892e-05 
1.247790e+02 1.385465e+02 -6.321798e-02 4.518274e-05 5.346856e+01 3.327694e+00 4.318637e-05 5.248030e+01 3.592414e+00 2.625029e-05 1.648039e-06 3.425301e-05 
1.247790e+02 1.396109e+02 -1.047154e+00 4.518274e-05 5.346856e+01 3.327694e+00 4.343692e-05 5.177481e+01 3.493813e+00 2.682680e-05 1.637890e-06 3.412339e-05 
1.247790e+02 1.406752e+02 -1.887127e+00 4.518274e-05 5.346856e+01 3.327694e+00 4.371895e-05 5.122704e+01 3.427243e+00 2.732941e-05 1.636707e-06 3.408476e-05 
1.247790e+02 1.417396e+02 -2.523389e+00 4.518274e-05 5.346856e+01 3.327694e+00 4.401507e-05 5.081577e+01 3.385223e+00 2.776090e-05 1.642116e-06 3.411690e-05 
1.247790e+02 1.428039e+02 -2.910683e+00 4.518274e-05 5.346856e+01 3.327694e+00 4.432274e-05 5.052872e+01 3.364136e+00 2.812703e-05 1.653386e-06 3.421465e-05 
1.247790e+02 1.438683e+02 -3.021461e+00 4.518274e-05 5.346856e+01 3.327694e+00 4.464737e-05 5.035499e+01 3.361894e+00 2.843730e-05 1.670508e-06 3.437902e-05 
1.247790e+02 1.449326e+02 -2.847843e+00 4.518274e-05 5.346856e+01 3.327694e+00 4.499814e-05 5.028714e+01 3.377761e+00 2.870118e-05 1.693985e-06 3.461510e-05 
1.247790e+02 1.459970e+02 -2.402178e+00 4.518274e-05 5.346856e+01 3.327694e+00 4.538542e-05 5.032076e+01 3.411964e+00 2.892673e-05 1.724626e-06 3.493003e-05 
1.247790e+02 1.470613e+02 -1.716167e+00 4.518274e-05 5.346856e+01 3.327694e+00 4.581761e-05 5.045522e+01 3.465535e+00 2.911786e-05 1.763345e-06 3.533120e-05 
1.247790e+02 1.481257e+02 -8.386058e-01 4.518274e-05 5.346856e+01 3.327694e+00 4.629865e-05 5.070086e+01 3.541422e+00 2.926814e-05 1.811356e-06 3.582820e-05 
1.247790e+02 1.491900e+02 1.680840e-01 4.518274e-05 5.346856e+01 3.327694e+00 4.682503e-05 5.107699e+01 3.644052e+00 2.935954e-05 1.869809e-06 3.642945e-05 
