# 1, 2, 3, 4     , 5     , 6     , 7   , 8   , 9   , 10  
# x, y, z, Bbx_si, Bby_si, Bbz_si, In_si, Ic_si, Dc_si, dmeas 
1.247790e+02 1.002300e+02 1.000000e+00 4.146315e-10 -3.092239e-07 -1.065646e-06 1.109604e-06 7.381857e+01 1.799232e+02 
1.247790e+02 1.012943e+02 1.000000e+00 4.112662e-10 -3.095644e-07 -1.062439e-06 1.106619e-06 7.375537e+01 1.799239e+02 
1.247790e+02 1.023587e+02 1.000000e+00 4.078859e-10 -3.099482e-07 -1.059349e-06 1.103761e-06 7.369138e+01 1.799246e+02 
1.247790e+02 1.034230e+02 1.000000e+00 4.044908e-10 -3.103764e-07 -1.056375e-06 1.101028e-06 7.362653e+01 1.799253e+02 
1.247790e+02 1.044874e+02 1.000000e+00 4.010810e-10 -3.108500e-07 -1.053513e-06 1.098416e-06 7.356075e+01 1.799261e+02 
1.247790e+02 1.055517e+02 1.000000e+00 3.976561e-10 -3.113701e-07 -1.050761e-06 1.095925e-06 7.349395e+01 1.799268e+02 
1.247790e+02 1.066161e+02 1.000000e+00 3.942166e-10 -3.119379e-07 -1.048117e-06 1.093551e-06 7.342606e+01 1.799276e+02 
1.247790e+02 1.076804e+02 1.000000e+00 3.907621e-10 -3.125545e-07 -1.045577e-06 1.091293e-06 7.335700e+01 1.799284e+02 
1.247790e+02 1.087448e+02 1.000000e+00 3.872926e-10 -3.132208e-07 -1.043140e-06 1.089150e-06 7.328670e+01 1.799292e+02 
1.247790e+02 1.098091e+02 1.000000e+00 3.838081e-10 -3.139379e-07 -1.040804e-06 1.087120e-06 7.321509e+01 1.799300e+02 
1.247790e+02 1.108735e+02 1.000000e+00 3.803082e-10 -3.147070e-07 -1.038566e-06 1.085201e-06 7.314210e+01 1.799308e+02 
1.247790e+02 1.119378e+02 1.000000e+00 3.767930e-10 -3.155291e-07 -1.036425e-06 1.083391e-06 7.306766e+01 1.799316e+02 
1.247790e+02 1.130022e+02 1.000000e+00 3.732626e-10 -3.164053e-07 -1.034380e-06 1.081690e-06 7.299170e+01 1.799324e+02 
1.247790e+02 1.140665e+02 1.000000e+00 3.697163e-10 -3.173366e-07 -1.032427e-06 1.080096e-06 7.291415e+01 1.799332e+02 
1.247790e+02 1.151309e+02 1.000000e+00 3.661543e-10 -3.183243e-07 -1.030565e-06 1.078608e-06 7.283495e+01 1.799341e+02 
1.247790e+02 1.161952e+02 1.000000e+00 3.625765e-10 -3.193694e-07 -1.028794e-06 1.077225e-06 7.275403e+01 1.799350e+02 
1.247790e+02 1.172596e+02 1.000000e+00 3.589821e-10 -3.204731e-07 -1.027111e-06 1.075946e-06 7.267133e+01 1.799358e+02 
1.247790e+02 1.183239e+02 1.000000e+00 3.553716e-10 -3.216365e-07 -1.025515e-06 1.074770e-06 7.258678e+01 1.799367e+02 
1.247790e+02 1.193883e+02 1.000000e+00 3.517443e-10 -3.228608e-07 -1.024004e-06 1.073696e-06 7.250032e+01 1.799376e+02 
1.247790e+02 1.204526e+02 1.000000e+00 3.481000e-10 -3.241473e-07 -1.022578e-06 1.072724e-06 7.241188e+01 1.799385e+02 
1.247790e+02 1.215170e+02 1.000000e+00 3.444387e-10 -3.254971e-07 -1.021235e-06 1.071853e-06 7.232141e+01 1.799394e+02 
1.247790e+02 1.225813e+02 1.000000e+00 3.407599e-10 -3.269116e-07 -1.019974e-06 1.071083e-06 7.222883e+01 1.799403e+02 
1.247790e+02 1.236457e+02 1.000000e+00 3.370632e-10 -3.283920e-07 -1.018793e-06 1.070412e-06 7.213408e+01 1.799412e+02 
1.247790e+02 1.247100e+02 1.000000e+00 3.333487e-10 -3.299397e-07 -1.017693e-06 1.069841e-06 7.203711e+01 1.799421e+02 
1.247790e+02 1.257743e+02 1.000000e+00 3.296159e-10 -3.315560e-07 -1.016671e-06 1.069369e-06 7.193785e+01 1.799430e+02 
1.247790e+02 1.268387e+02 1.000000e+00 3.258646e-10 -3.332424e-07 -1.015728e-06 1.068996e-06 7.183624e+01 1.799440e+02 
1.247790e+02 1.279030e+02 1.000000e+00 3.220943e-10 -3.350003e-07 -1.014861e-06 1.068723e-06 7.173221e+01 1.799449e+02 
1.247790e+02 1.289674e+02 1.000000e+00 3.183045e-10 -3.368312e-07 -1.014071e-06 1.068548e-06 7.162571e+01 1.799459e+02 
1.247790e+02 1.300317e+02 1.000000e+00 3.144957e-10 -3.387366e-07 -1.013357e-06 1.068473e-06 7.151666e+01 1.799468e+02 
1.247790e+02 1.310961e+02 1.000000e+00 3.106668e-10 -3.407182e-07 -1.012717e-06 1.068497e-06 7.140501e+01 1.799478e+02 
1.247790e+02 1.321604e+02 1.000000e+00 3.068176e-10 -3.427776e-07 -1.012152e-06 1.068620e-06 7.129070e+01 1.799487e+02 
1.247790e+02 1.332248e+02 1.000000e+00 3.029481e-10 -3.449164e-07 -1.011660e-06 1.068843e-06 7.117365e+01 1.799497e+02 
1.247790e+02 1.342891e+02 1.000000e+00 2.990579e-10 -3.471366e-07 -1.011242e-06 1.069166e-06 7.105381e+01 1.799506e+02 
1.247790e+02 1.353535e+02 1.000000e+00 2.951465e-10 -3.494398e-07 -1.010897e-06 1.069589e-06 7.093111e+01 1.799516e+02 
1.247790e+02 1.364178e+02 1.000000e+00 2.912135e-10 -3.518279e-07 -1.010624e-06 1.070114e-06 7.080548e+01 1.799526e+02 
1.247790e+02 1.374822e+02 1.000000e+00 2.872589e-10 -3.543031e-07 -1.010423e-06 1.070741e-06 7.067687e+01 1.799535e+02 
1.247790e+02 1.385465e+02 1.000000e+00 2.832822e-10 -3.568671e-07 -1.010294e-06 1.071470e-06 7.054519e+01 1.799545e+02 
1.247790e+02 1.396109e+02 1.000000e+00 2.792830e-10 -3.595222e-07 -1.010236e-06 1.072303e-06 7.041039e+01 1.799555e+02 
1.247790e+02 1.406752e+02 1.000000e+00 2.752615e-10 -3.622706e-07 -1.010249e-06 1.073240e-06 7.027240e+01 1.799565e+02 
1.247790e+02 1.417396e+02 1.000000e+00 2.712167e-10 -3.651145e-07 -1.010333e-06 1.074282e-06 7.013114e+01 1.799574e+02 
1.247790e+02 1.428039e+02 1.000000e+00 2.671487e-10 -3.680562e-07 -1.010488e-06 1.075431e-06 6.998655e+01 1.799584e+02 
1.247790e+02 1.438683e+02 1.000000e+00 2.630571e-10 -3.710983e-07 -1.010714e-06 1.076688e-06 6.983855e+01 1.799594e+02 
1.247790e+02 1.449326e+02 1.000000e+00 2.589418e-10 -3.742432e-07 -1.011010e-06 1.078054e-06 6.968708e+01 1.799604e+02 
1.247790e+02 1.459970e+02 1.000000e+00 2.548024e-10 -3.774936e-07 -1.011377e-06 1.079530e-06 6.953205e+01 1.799613e+02 
1.247790e+02 1.470613e+02 1.000000e+00 2.506387e-10 -3.808522e-07 -1.011814e-06 1.081118e-06 6.937339e+01 1.799623e+02 
1.247790e+02 1.481257e+02 1.000000e+00 2.464505e-10 -3.843220e-07 -1.012322e-06 1.082820e-06 6.921104e+01 1.799633e+02 
1.247790e+02 1.491900e+02 1.000000e+00 2.422374e-10 -3.879058e-07 -1.012901e-06 1.084638e-06 6.904489e+01 1.799642e+02 
