# 1    , 2      , 3      , 4      , 5      , 6      , 7       
# dmeas, Bx_siB0, By_siB0, Bz_siB0, In_siB0, Ic_siB0, Dc_siB0 
0.000000e+00 2.973978e-05 1.962917e-06 3.610687e-05 4.681894e-05 5.046196e+01 3.776220e+00 
0.000000e+00 2.955933e-05 2.042544e-06 3.691247e-05 4.733346e-05 5.124582e+01 3.952843e+00 
0.000000e+00 2.909600e-05 2.124993e-06 3.774089e-05 4.770186e-05 5.229619e+01 4.177116e+00 
0.000000e+00 2.828862e-05 2.191754e-06 3.841335e-05 4.775600e-05 5.354917e+01 4.430329e+00 
0.000000e+00 2.723464e-05 2.220337e-06 3.871372e-05 4.738573e-05 5.478471e+01 4.660801e+00 
0.000000e+00 2.616557e-05 2.202994e-06 3.856675e-05 4.665709e-05 5.575103e+01 4.812632e+00 
0.000000e+00 2.524896e-05 2.147368e-06 3.804433e-05 4.571097e-05 5.633369e+01 4.861180e+00 
0.000000e+00 2.458060e-05 2.060466e-06 3.721310e-05 4.464601e-05 5.646148e+01 4.791611e+00 
0.000000e+00 2.429050e-05 1.951575e-06 3.616208e-05 4.360657e-05 5.602490e+01 4.593455e+00 
0.000000e+00 2.445593e-05 1.843097e-06 3.510584e-05 4.282417e-05 5.506147e+01 4.309891e+00 
0.000000e+00 2.496571e-05 1.757890e-06 3.426389e-05 4.243101e-05 5.385432e+01 4.027674e+00 
0.000000e+00 2.561975e-05 1.701960e-06 3.369591e-05 4.236370e-05 5.269267e+01 3.800663e+00 
0.000000e+00 2.628363e-05 1.669771e-06 3.335215e-05 4.249686e-05 5.170352e+01 3.635055e+00 
0.000000e+00 2.689558e-05 1.653668e-06 3.316281e-05 4.273030e-05 5.090448e+01 3.518386e+00 
0.000000e+00 2.743794e-05 1.648301e-06 3.307995e-05 4.300977e-05 5.027550e+01 3.437844e+00 
0.000000e+00 2.790628e-05 1.650473e-06 3.307581e-05 4.330697e-05 4.979613e+01 3.384726e+00 
0.000000e+00 2.830684e-05 1.658823e-06 3.313959e-05 4.361492e-05 4.944853e+01 3.353782e+00 
0.000000e+00 2.864712e-05 1.672923e-06 3.326872e-05 4.393477e-05 4.922060e+01 3.342139e+00 
0.000000e+00 2.893675e-05 1.693095e-06 3.346698e-05 4.427461e-05 4.910368e+01 3.348569e+00 
0.000000e+00 2.918497e-05 1.720000e-06 3.374052e-05 4.464464e-05 4.909160e+01 3.372794e+00 
0.000000e+00 2.939766e-05 1.754516e-06 3.409674e-05 4.505428e-05 4.918224e+01 3.415485e+00 
0.000000e+00 2.957543e-05 1.797765e-06 3.454463e-05 4.551120e-05 4.937927e+01 3.478488e+00 
0.000000e+00 2.970568e-05 1.850776e-06 3.509168e-05 4.601390e-05 4.969679e+01 3.565135e+00 
0.000000e+00 2.975884e-05 1.914902e-06 3.574799e-05 4.655291e-05 5.016569e+01 3.681755e+00 
0.000000e+00 2.967459e-05 1.990142e-06 3.651060e-05 4.709104e-05 5.083400e+01 3.836825e+00 
0.000000e+00 2.936117e-05 2.072932e-06 3.734262e-05 4.754836e-05 5.175407e+01 4.038446e+00 
0.000000e+00 2.872003e-05 2.150333e-06 3.811820e-05 4.777511e-05 5.292693e+01 4.281875e+00 
0.000000e+00 2.776051e-05 2.199973e-06 3.862213e-05 4.761465e-05 5.420743e+01 4.531124e+00 
0.000000e+00 2.666949e-05 2.204714e-06 3.868954e-05 4.704256e-05 5.532949e+01 4.725784e+00 
0.000000e+00 2.566476e-05 2.166656e-06 3.833928e-05 4.618738e-05 5.610707e+01 4.825550e+00 
0.000000e+00 2.486237e-05 2.094378e-06 3.765253e-05 4.516899e-05 5.646958e+01 4.815163e+00 
0.000000e+00 2.437047e-05 1.994284e-06 3.669055e-05 4.409187e-05 5.631905e+01 4.678204e+00 
0.000000e+00 2.431616e-05 1.882201e-06 3.560492e-05 4.315702e-05 5.558937e+01 4.426175e+00 
0.000000e+00 2.468364e-05 1.783618e-06 3.463983e-05 4.257207e-05 5.445655e+01 4.132959e+00 
0.000000e+00 2.529097e-05 1.713701e-06 3.394182e-05 4.236292e-05 5.324631e+01 3.876402e+00 
0.000000e+00 2.596397e-05 1.670868e-06 3.349850e-05 4.241544e-05 5.216416e+01 3.682097e+00 
0.000000e+00 2.660716e-05 1.647756e-06 3.324272e-05 4.261144e-05 5.127304e+01 3.543747e+00 
0.000000e+00 2.718633e-05 1.637610e-06 3.311315e-05 4.287492e-05 5.056266e+01 3.447135e+00 
0.000000e+00 2.769168e-05 1.636432e-06 3.307451e-05 4.316747e-05 5.001303e+01 3.381944e+00 
0.000000e+00 2.812601e-05 1.641845e-06 3.310656e-05 4.347198e-05 4.960201e+01 3.340828e+00 
0.000000e+00 2.849508e-05 1.653119e-06 3.320416e-05 4.378606e-05 4.931695e+01 3.320246e+00 
0.000000e+00 2.880840e-05 1.670245e-06 3.336831e-05 4.411527e-05 4.914689e+01 3.318163e+00 
0.000000e+00 2.907543e-05 1.693726e-06 3.360409e-05 4.446891e-05 4.908447e+01 3.333874e+00 
0.000000e+00 2.930422e-05 1.724371e-06 3.391865e-05 4.485739e-05 4.912543e+01 3.367617e+00 
0.000000e+00 2.949871e-05 1.763094e-06 3.431939e-05 4.528910e-05 4.926929e+01 3.420414e+00 
0.000000e+00 2.965247e-05 1.811109e-06 3.481588e-05 4.576783e-05 4.952651e+01 3.495162e+00 
0.000000e+00 2.974744e-05 1.869567e-06 3.541655e-05 4.628971e-05 4.991644e+01 3.596195e+00 
