# 1, 2, 3, 4   , 5   , 6   , 7   , 8   , 9   , 10  
# x, y, z, Bx_si, By_si, Bz_si, In_si, Ic_si, Dc_si, dmeas 
4.993890e+05 4.171946e+06 1.826012e+03 -5.291602e-07 -4.500595e-08 1.468740e-06 1.561805e-06 7.012090e+01 -1.751386e+02 0.000000e+00 
4.993862e+05 4.171946e+06 1.826012e+03 -5.281481e-07 -3.853397e-08 1.466605e-06 1.559281e-06 7.014670e+01 -1.758271e+02 2.890237e+00 
4.993845e+05 4.171946e+06 1.826012e+03 -5.288977e-07 -3.459470e-08 1.464884e-06 1.557824e-06 7.010874e+01 -1.762577e+02 4.584687e+00 
4.993822e+05 4.171947e+06 1.826012e+03 -5.341786e-07 -2.890663e-08 1.460803e-06 1.555676e-06 6.988679e+01 -1.769025e+02 7.316746e+00 
4.993804e+05 4.171947e+06 1.826012e+03 -5.321108e-07 -2.521686e-08 1.460675e-06 1.554783e-06 6.996309e+01 -1.772868e+02 9.189038e+00 
4.993775e+05 4.171947e+06 1.826012e+03 -5.329408e-07 -1.869197e-08 1.458845e-06 1.553256e-06 6.992054e+01 -1.779913e+02 1.214378e+01 
4.993754e+05 4.171948e+06 1.826012e+03 -5.385683e-07 -1.399837e-08 1.455642e-06 1.552142e-06 6.968989e+01 -1.785111e+02 1.473346e+01 
4.993724e+05 4.171949e+06 1.826012e+03 -5.400104e-07 -7.584176e-09 1.454307e-06 1.551347e-06 6.962729e+01 -1.791954e+02 1.774940e+01 
4.993706e+05 4.171948e+06 1.826012e+03 -5.392382e-07 -3.786085e-09 1.454382e-06 1.551135e-06 6.965638e+01 -1.795977e+02 1.956428e+01 
4.993683e+05 4.171948e+06 1.826012e+03 -5.397315e-07 1.158457e-09 1.454111e-06 1.551048e-06 6.963622e+01 1.798770e+02 2.190436e+01 
4.993672e+05 4.171949e+06 1.826012e+03 -5.406917e-07 3.443461e-09 1.453784e-06 1.551080e-06 6.959843e+01 1.796351e+02 2.302373e+01 
4.993659e+05 4.171949e+06 1.826012e+03 -5.433328e-07 6.048353e-09 1.452902e-06 1.551184e-06 6.949486e+01 1.793622e+02 2.448507e+01 
4.993637e+05 4.171949e+06 1.826012e+03 -5.430523e-07 1.078299e-08 1.453455e-06 1.551629e-06 6.950917e+01 1.788625e+02 2.673341e+01 
4.993624e+05 4.171950e+06 1.826012e+03 -5.459404e-07 1.335293e-08 1.452757e-06 1.552009e-06 6.939834e+01 1.785989e+02 2.824382e+01 
4.993602e+05 4.171951e+06 1.826012e+03 -5.478823e-07 1.806261e-08 1.452941e-06 1.552913e-06 6.932902e+01 1.781118e+02 3.059896e+01 
4.993582e+05 4.171951e+06 1.826012e+03 -5.480750e-07 2.218755e-08 1.453831e-06 1.553867e-06 6.932873e+01 1.776818e+02 3.256145e+01 
4.993570e+05 4.171951e+06 1.826012e+03 -5.486657e-07 2.462682e-08 1.454295e-06 1.554546e-06 6.931083e+01 1.774300e+02 3.374604e+01 
4.993559e+05 4.171952e+06 1.826012e+03 -5.496501e-07 2.706744e-08 1.454711e-06 1.555324e-06 6.927840e+01 1.771808e+02 3.496491e+01 
4.993546e+05 4.171950e+06 1.826012e+03 -5.450024e-07 3.018841e-08 1.457188e-06 1.556064e-06 6.946490e+01 1.768296e+02 3.671419e+01 
4.993523e+05 4.171951e+06 1.826012e+03 -5.468269e-07 3.499876e-08 1.458338e-06 1.557881e-06 6.940714e+01 1.763379e+02 3.907575e+01 
4.993516e+05 4.171950e+06 1.826012e+03 -5.440343e-07 3.678768e-08 1.459910e-06 1.558417e-06 6.951933e+01 1.761315e+02 4.006875e+01 
4.993505e+05 4.171951e+06 1.826012e+03 -5.449007e-07 3.916422e-08 1.460610e-06 1.559433e-06 6.949289e+01 1.758890e+02 4.121996e+01 
4.993487e+05 4.171950e+06 1.826012e+03 -5.428539e-07 4.339037e-08 1.463093e-06 1.561158e-06 6.958397e+01 1.754301e+02 4.305124e+01 
4.993474e+05 4.171951e+06 1.826012e+03 -5.458311e-07 4.607673e-08 1.463482e-06 1.562637e-06 6.947943e+01 1.751748e+02 4.466819e+01 
4.993453e+05 4.171951e+06 1.826012e+03 -5.443419e-07 5.114557e-08 1.466469e-06 1.565074e-06 6.955318e+01 1.746323e+02 4.679926e+01 
4.993437e+05 4.171951e+06 1.826012e+03 -5.419531e-07 5.500758e-08 1.469211e-06 1.566946e-06 6.965680e+01 1.742044e+02 4.838565e+01 
4.993432e+05 4.171951e+06 1.826012e+03 -5.427857e-07 5.626908e-08 1.469687e-06 1.567725e-06 6.963005e+01 1.740814e+02 4.903197e+01 
4.993410e+05 4.171950e+06 1.826012e+03 -5.388071e-07 6.210761e-08 1.474149e-06 1.570760e-06 6.980022e+01 1.734246e+02 5.135954e+01 
4.993392e+05 4.171951e+06 1.826012e+03 -5.393743e-07 6.638962e-08 1.476609e-06 1.573438e-06 6.979459e+01 1.729830e+02 5.316112e+01 
4.993378e+05 4.171950e+06 1.826012e+03 -5.380441e-07 7.028170e-08 1.479423e-06 1.575793e-06 6.985824e+01 1.725579e+02 5.462293e+01 
4.993362e+05 4.171950e+06 1.826012e+03 -5.359557e-07 7.475435e-08 1.482883e-06 1.578537e-06 6.995162e+01 1.720597e+02 5.625059e+01 
4.993342e+05 4.171949e+06 1.826012e+03 -5.325499e-07 8.050869e-08 1.487634e-06 1.582134e-06 7.009711e+01 1.714034e+02 5.828718e+01 
4.993329e+05 4.171949e+06 1.826012e+03 -5.298055e-07 8.455817e-08 1.491141e-06 1.584722e-06 7.021133e+01 1.709319e+02 5.969272e+01 
4.993319e+05 4.171948e+06 1.826012e+03 -5.267028e-07 8.803583e-08 1.494400e-06 1.586946e-06 7.033613e+01 1.705110e+02 6.093876e+01 
4.993308e+05 4.171948e+06 1.826012e+03 -5.266519e-07 9.113172e-08 1.496609e-06 1.589184e-06 7.034702e+01 1.701828e+02 6.204135e+01 
4.993287e+05 4.171948e+06 1.826012e+03 -5.254334e-07 9.747564e-08 1.501537e-06 1.593799e-06 7.040931e+01 1.694903e+02 6.413220e+01 
4.993276e+05 4.171950e+06 1.826012e+03 -5.287080e-07 1.002195e-07 1.502864e-06 1.596301e-06 7.029934e+01 1.692666e+02 6.578826e+01 
4.993261e+05 4.171950e+06 1.826012e+03 -5.274785e-07 1.050190e-07 1.506814e-06 1.599922e-06 7.035685e+01 1.687399e+02 6.727832e+01 
4.993250e+05 4.171949e+06 1.826012e+03 -5.232351e-07 1.093152e-07 1.511026e-06 1.602787e-06 7.051854e+01 1.681994e+02 6.872423e+01 
