# 1    , 2      , 3      , 4      , 5      , 6      , 7       
# dmeas, Bx_siB0, By_siB0, Bz_siB0, In_siB0, Ic_siB0, Dc_siB0 
0.000000e+00 2.822402e-05 7.336916e-07 3.715626e-05 4.666605e-05 5.277025e+01 1.489085e+00 
2.890237e+00 2.810812e-05 1.299335e-06 3.726197e-05 4.669271e-05 5.294196e+01 2.646690e+00 
4.584687e+00 2.798057e-05 1.534541e-06 3.745004e-05 4.677364e-05 5.319371e+01 3.139133e+00 
7.316746e+00 2.770234e-05 2.271358e-06 3.727742e-05 4.649929e-05 5.329055e+01 4.687285e+00 
9.189038e+00 2.755524e-05 2.330340e-06 3.698172e-05 4.617758e-05 5.321218e+01 4.833988e+00 
1.214378e+01 2.731368e-05 2.646051e-06 3.638925e-05 4.557649e-05 5.297963e+01 5.533341e+00 
1.473346e+01 2.721677e-05 2.348432e-06 3.551779e-05 4.480827e-05 5.243493e+01 4.931621e+00 
1.774940e+01 2.746102e-05 1.083886e-06 3.557323e-05 4.495261e-05 5.231182e+01 2.260290e+00 
1.956428e+01 2.768506e-05 9.994827e-07 3.609756e-05 4.550269e-05 5.249553e+01 2.067587e+00 
2.190436e+01 2.800018e-05 1.303500e-06 3.655182e-05 4.606240e-05 5.251648e+01 2.665382e+00 
2.302373e+01 2.801664e-05 1.446870e-06 3.654770e-05 4.607342e-05 5.249020e+01 2.956313e+00 
2.448507e+01 2.802561e-05 1.518537e-06 3.658955e-05 4.611438e-05 5.250930e+01 3.101476e+00 
2.673341e+01 2.799871e-05 1.618689e-06 3.656829e-05 4.608457e-05 5.251418e+01 3.308756e+00 
2.824382e+01 2.795598e-05 1.679494e-06 3.659038e-05 4.607834e-05 5.256945e+01 3.437990e+00 
3.059896e+01 2.780078e-05 1.684926e-06 3.649286e-05 4.590698e-05 5.264870e+01 3.468292e+00 
3.256145e+01 2.778125e-05 1.552955e-06 3.642582e-05 4.583721e-05 5.262484e+01 3.199469e+00 
3.374604e+01 2.782275e-05 1.494459e-06 3.644038e-05 4.587200e-05 5.259793e+01 3.074605e+00 
3.496491e+01 2.788091e-05 1.466697e-06 3.647460e-05 4.593357e-05 5.256777e+01 3.011314e+00 
3.671419e+01 2.793896e-05 1.523907e-06 3.648198e-05 4.597655e-05 5.251297e+01 3.122057e+00 
3.907575e+01 2.793203e-05 1.568448e-06 3.643043e-05 4.593293e-05 5.247825e+01 3.213917e+00 
4.006875e+01 2.788620e-05 1.547610e-06 3.643201e-05 4.590563e-05 5.252590e+01 3.176506e+00 
4.121996e+01 2.781651e-05 1.567338e-06 3.636274e-05 4.580899e-05 5.254116e+01 3.224954e+00 
4.305124e+01 2.777518e-05 1.528869e-06 3.636724e-05 4.578618e-05 5.258770e+01 3.150635e+00 
4.466819e+01 2.783532e-05 1.490850e-06 3.621560e-05 4.570118e-05 5.241445e+01 3.065813e+00 
4.679926e+01 2.789608e-05 1.516262e-06 3.629884e-05 4.580498e-05 5.241647e+01 3.111191e+00 
4.838565e+01 2.787022e-05 1.517397e-06 3.633431e-05 4.581739e-05 5.246904e+01 3.116398e+00 
4.903197e+01 2.786842e-05 1.524430e-06 3.635261e-05 4.583105e-05 5.248438e+01 3.131014e+00 
5.135954e+01 2.769529e-05 1.507425e-06 3.652291e-05 4.586092e-05 5.278618e+01 3.115473e+00 
5.316112e+01 2.760771e-05 1.769613e-06 3.660256e-05 4.588099e-05 5.291786e+01 3.667557e+00 
5.462293e+01 2.751624e-05 2.112722e-06 3.635540e-05 4.564343e-05 5.279802e+01 4.390607e+00 
5.625059e+01 2.736817e-05 2.104932e-06 3.596243e-05 4.524096e-05 5.264664e+01 4.398056e+00 
5.828718e+01 2.724655e-05 1.786144e-06 3.559654e-05 4.486289e-05 5.250927e+01 3.750651e+00 
5.969272e+01 2.741325e-05 1.389643e-06 3.580453e-05 4.511520e-05 5.252552e+01 2.901976e+00 
6.093876e+01 2.759716e-05 1.385195e-06 3.591517e-05 4.531469e-05 5.242655e+01 2.873458e+00 
6.204135e+01 2.767595e-05 1.327860e-06 3.589694e-05 4.534657e-05 5.233652e+01 2.746880e+00 
6.413220e+01 2.785797e-05 1.204536e-06 3.583352e-05 4.540438e-05 5.211159e+01 2.475839e+00 
6.578826e+01 2.801362e-05 1.194603e-06 3.604928e-05 4.566991e-05 5.212427e+01 2.441821e+00 
6.727832e+01 2.794855e-05 1.180435e-06 3.608390e-05 4.565701e-05 5.221594e+01 2.418507e+00 
6.872423e+01 2.781833e-05 1.119982e-06 3.593651e-05 4.545929e-05 5.223421e+01 2.305517e+00 
