# 1      , 2      , 3      , 4    , 5     , 6      , 7      , 8      ,                    9              , 10  , 11  , 12  , 13    , 14
# IGRF_In, IGRF_Ic, IGRF_Dc, dmeas, height, In_siB0, Ic_siB0, Dc_siB0,                    height m (-poh), In_m, Ic_m, Dc_m, min hP, max hP
4.515061e-05 5.339022e+01 3.316679e+00 0.000000e+00 1.825835e+03 4.666605e-05 5.277025e+01 1.489085e+00 1.824900e+03 4.640422e+01 5.345286e+01 1.008079e+00 1.824190e+03 1.826241e+03
4.515061e-05 5.339022e+01 3.316679e+00 2.890237e+00 1.825952e+03 4.669271e-05 5.294196e+01 2.646690e+00 1.825000e+03 4.683507e+01 5.363157e+01 2.080777e+00 1.824190e+03 1.826241e+03
4.515061e-05 5.339022e+01 3.316679e+00 4.584687e+00 1.826138e+03 4.677364e-05 5.319371e+01 3.139133e+00 1.824400e+03 4.646244e+01 5.264859e+01 4.822957e+00 1.824190e+03 1.826241e+03
4.515061e-05 5.339022e+01 3.316679e+00 7.316746e+00 1.826241e+03 4.649929e-05 5.329055e+01 4.687285e+00 1.824700e+03 4.515551e+01 5.358627e+01 6.776877e+00 1.824190e+03 1.826241e+03
4.515061e-05 5.339022e+01 3.316679e+00 9.189038e+00 1.825844e+03 4.617758e-05 5.321218e+01 4.833988e+00 1.824500e+03 4.363533e+01 5.239745e+01 6.293853e+00 1.824190e+03 1.826241e+03
4.515061e-05 5.339022e+01 3.316679e+00 1.214378e+01 1.825152e+03 4.557649e-05 5.297963e+01 5.533341e+00 1.824100e+03 4.441145e+01 5.273298e+01 3.779854e+00 1.824190e+03 1.826241e+03
4.515061e-05 5.339022e+01 3.316679e+00 1.473346e+01 1.824533e+03 4.480827e-05 5.243493e+01 4.931621e+00 1.823500e+03 4.349937e+01 5.223449e+01 3.437709e+00 1.824190e+03 1.826241e+03
4.515061e-05 5.339022e+01 3.316679e+00 1.774940e+01 1.824190e+03 4.495261e-05 5.231182e+01 2.260290e+00 1.823800e+03 4.383470e+01 5.343049e+01 2.525206e+00 1.824190e+03 1.826241e+03
4.515061e-05 5.339022e+01 3.316679e+00 1.956428e+01 1.824410e+03 4.550269e-05 5.249553e+01 2.067587e+00 1.823800e+03 4.391086e+01 5.108023e+01 2.327494e+00 1.824190e+03 1.826241e+03
4.515061e-05 5.339022e+01 3.316679e+00 2.190436e+01 1.824699e+03 4.606240e-05 5.251648e+01 2.665382e+00 1.824500e+03 4.345811e+01 5.259755e+01 -3.024855e+00 1.824190e+03 1.826241e+03
4.515061e-05 5.339022e+01 3.316679e+00 2.302373e+01 1.824768e+03 4.607342e-05 5.249020e+01 2.956313e+00 1.824400e+03 4.411121e+01 5.292706e+01 1.350035e+00 1.824190e+03 1.826241e+03
4.515061e-05 5.339022e+01 3.316679e+00 2.448507e+01 1.824972e+03 4.611438e-05 5.250930e+01 3.101476e+00 1.823800e+03 4.192654e+01 5.095282e+01 2.327085e+00 1.824190e+03 1.826241e+03
4.515061e-05 5.339022e+01 3.316679e+00 2.673341e+01 1.824936e+03 4.608457e-05 5.251418e+01 3.308756e+00 1.823600e+03 4.352404e+01 5.155628e+01 -1.979472e+00 1.824190e+03 1.826241e+03
4.515061e-05 5.339022e+01 3.316679e+00 2.824382e+01 1.825113e+03 4.607834e-05 5.256945e+01 3.437990e+00 1.823600e+03 4.320433e+01 5.223445e+01 5.496947e-01 1.824190e+03 1.826241e+03
4.515061e-05 5.339022e+01 3.316679e+00 3.059896e+01 1.825148e+03 4.590698e-05 5.264870e+01 3.468292e+00 1.823800e+03 4.445526e+01 5.128049e+01 -4.357904e+00 1.824190e+03 1.826241e+03
4.515061e-05 5.339022e+01 3.316679e+00 3.256145e+01 1.825101e+03 4.583721e-05 5.262484e+01 3.199469e+00 1.824700e+03 4.522983e+01 5.307051e+01 2.629732e+00 1.824190e+03 1.826241e+03
4.515061e-05 5.339022e+01 3.316679e+00 3.374604e+01 1.825146e+03 4.587200e-05 5.259793e+01 3.074605e+00 1.824100e+03 4.307754e+01 5.293424e+01 5.454539e+00 1.824190e+03 1.826241e+03
4.515061e-05 5.339022e+01 3.316679e+00 3.496491e+01 1.825224e+03 4.593357e-05 5.256777e+01 3.011314e+00 1.823500e+03 4.205114e+01 5.147089e+01 nan 1.824190e+03 1.826241e+03
4.515061e-05 5.339022e+01 3.316679e+00 3.671419e+01 1.824929e+03 4.597655e-05 5.251297e+01 3.122057e+00 1.822800e+03 4.184128e+01 4.918124e+01 nan 1.824190e+03 1.826241e+03
4.515061e-05 5.339022e+01 3.316679e+00 3.907575e+01 1.825075e+03 4.593293e-05 5.247825e+01 3.213917e+00 1.823300e+03 4.259190e+01 4.985162e+01 -3.257295e+00 1.824190e+03 1.826241e+03
4.515061e-05 5.339022e+01 3.316679e+00 4.006875e+01 1.824910e+03 4.590563e-05 5.252590e+01 3.176506e+00 1.823500e+03 4.221888e+01 5.162052e+01 -4.974097e+00 1.824190e+03 1.826241e+03
4.515061e-05 5.339022e+01 3.316679e+00 4.121996e+01 1.824976e+03 4.580899e-05 5.254116e+01 3.224954e+00 1.824100e+03 4.335362e+01 5.230768e+01 -5.578387e+00 1.824190e+03 1.826241e+03
4.515061e-05 5.339022e+01 3.316679e+00 4.305124e+01 1.824899e+03 4.578618e-05 5.258770e+01 3.150635e+00 1.825000e+03 4.561366e+01 5.383023e+01 -5.390065e-02 1.824190e+03 1.826241e+03
4.515061e-05 5.339022e+01 3.316679e+00 4.466819e+01 1.825090e+03 4.570118e-05 5.241445e+01 3.065813e+00 1.825500e+03 4.364563e+01 5.224781e+01 2.195573e+00 1.824190e+03 1.826241e+03
4.515061e-05 5.339022e+01 3.316679e+00 4.679926e+01 1.825097e+03 4.580498e-05 5.241647e+01 3.111191e+00 1.826000e+03 4.422388e+01 5.289842e+01 -1.631075e+00 1.824190e+03 1.826241e+03
4.515061e-05 5.339022e+01 3.316679e+00 4.838565e+01 1.825023e+03 4.581739e-05 5.246904e+01 3.116398e+00 1.826100e+03 4.426104e+01 5.378189e+01 6.942414e-01 1.824190e+03 1.826241e+03
4.515061e-05 5.339022e+01 3.316679e+00 4.903197e+01 1.825119e+03 4.583105e-05 5.248438e+01 3.131014e+00 1.825900e+03 4.359834e+01 5.340625e+01 1.168270e+00 1.824190e+03 1.826241e+03
4.515061e-05 5.339022e+01 3.316679e+00 5.135954e+01 1.825097e+03 4.586092e-05 5.278618e+01 3.115473e+00 1.825500e+03 4.433327e+01 5.535541e+01 1.806150e+00 1.824190e+03 1.826241e+03
4.515061e-05 5.339022e+01 3.316679e+00 5.316112e+01 1.825267e+03 4.588099e-05 5.291786e+01 3.667557e+00 1.825000e+03 4.366224e+01 5.469769e+01 3.278388e+00 1.824190e+03 1.826241e+03
4.515061e-05 5.339022e+01 3.316679e+00 5.462293e+01 1.825067e+03 4.564343e-05 5.279802e+01 4.390607e+00 1.824700e+03 4.267752e+01 5.384666e+01 6.655605e+00 1.824190e+03 1.826241e+03
4.515061e-05 5.339022e+01 3.316679e+00 5.625059e+01 1.824727e+03 4.524096e-05 5.264664e+01 4.398056e+00 1.823600e+03 4.281820e+01 5.426494e+01 nan 1.824190e+03 1.826241e+03
4.515061e-05 5.339022e+01 3.316679e+00 5.828718e+01 1.824320e+03 4.486289e-05 5.250927e+01 3.750651e+00 1.823200e+03 4.316805e+01 5.423111e+01 nan 1.824190e+03 1.826241e+03
4.515061e-05 5.339022e+01 3.316679e+00 5.969272e+01 1.824283e+03 4.511520e-05 5.252552e+01 2.901976e+00 1.823000e+03 4.372302e+01 5.282140e+01 nan 1.824190e+03 1.826241e+03
4.515061e-05 5.339022e+01 3.316679e+00 6.093876e+01 1.824248e+03 4.531469e-05 5.242655e+01 2.873458e+00 1.822700e+03 4.257237e+01 5.200906e+01 nan 1.824190e+03 1.826241e+03
4.515061e-05 5.339022e+01 3.316679e+00 6.204135e+01 1.824340e+03 4.534657e-05 5.233652e+01 2.746880e+00 1.822600e+03 4.082435e+01 5.142940e+01 nan 1.824190e+03 1.826241e+03
4.515061e-05 5.339022e+01 3.316679e+00 6.413220e+01 1.824475e+03 4.540438e-05 5.211159e+01 2.475839e+00 1.823600e+03 4.125696e+01 5.017275e+01 nan 1.824190e+03 1.826241e+03
4.515061e-05 5.339022e+01 3.316679e+00 6.578826e+01 1.824965e+03 4.566991e-05 5.212427e+01 2.441821e+00 1.825000e+03 4.277360e+01 5.334279e+01 nan 1.824190e+03 1.826241e+03
4.515061e-05 5.339022e+01 3.316679e+00 6.727832e+01 1.825128e+03 4.565701e-05 5.221594e+01 2.418507e+00 1.825900e+03 4.406422e+01 5.438760e+01 -7.20241e+00 1.824190e+03 1.826241e+03
4.515061e-05 5.339022e+01 3.316679e+00 6.872423e+01 1.825017e+03 4.545929e-05 5.223421e+01 2.305517e+00 1.826700e+03 4.558178e+01 5.493711e+01 -3.84371e+00 1.824190e+03 1.826241e+03
