# 1, 2, 3, 4   , 5   , 6   , 7   , 8   , 9   , 10  
# x, y, z, Bx_si, By_si, Bz_si, In_si, Ic_si, Dc_si, dmeas 
4.993890e+05 4.171946e+06 1.825835e+03 -8.241084e-07 1.343016e-06 -9.131554e-07 1.821181e-06 3.009323e+01 -3.153433e+01 0.000000e+00 
4.993862e+05 4.171946e+06 1.825952e+03 -2.584647e-07 1.227119e-06 -1.018866e-06 1.615770e-06 3.909264e+01 -1.189419e+01 2.890237e+00 
4.993845e+05 4.171946e+06 1.826138e+03 -2.325868e-08 1.099575e-06 -1.206944e-06 1.632887e-06 4.765883e+01 -1.211764e+00 4.584687e+00 
4.993822e+05 4.171947e+06 1.826241e+03 7.135577e-07 8.213378e-07 -1.034315e-06 1.501189e-06 4.355080e+01 4.098329e+01 7.316746e+00 
4.993804e+05 4.171947e+06 1.825844e+03 7.725401e-07 6.742410e-07 -7.386183e-07 1.263715e-06 3.576638e+01 4.888689e+01 9.189038e+00 
4.993775e+05 4.171947e+06 1.825152e+03 1.088251e-06 4.326827e-07 -1.461490e-07 1.180197e-06 7.113450e+00 6.831750e+01 1.214378e+01 
4.993754e+05 4.171948e+06 1.824533e+03 7.906324e-07 3.357749e-07 7.253089e-07 1.124241e-06 -4.017725e+01 6.698948e+01 1.473346e+01 
4.993724e+05 4.171949e+06 1.824190e+03 -4.739142e-07 5.800189e-07 6.698677e-07 1.004858e-06 -4.180744e+01 -3.925111e+01 1.774940e+01 
4.993706e+05 4.171948e+06 1.824410e+03 -5.583173e-07 8.040633e-07 1.455442e-07 9.896561e-07 -8.456901e+00 -3.477494e+01 1.956428e+01 
4.993683e+05 4.171948e+06 1.824699e+03 -2.543000e-07 1.119178e-06 -3.087239e-07 1.188503e-06 1.505575e+01 -1.280141e+01 2.190436e+01 
4.993672e+05 4.171949e+06 1.824768e+03 -1.109302e-07 1.135638e-06 -3.045994e-07 1.180999e-06 1.494648e+01 -5.579006e+00 2.302373e+01 
4.993659e+05 4.171949e+06 1.824972e+03 -3.926324e-08 1.144611e-06 -3.464534e-07 1.196539e-06 1.683079e+01 -1.964629e+00 2.448507e+01 
4.993637e+05 4.171949e+06 1.824936e+03 6.088858e-08 1.117708e-06 -3.251893e-07 1.165644e-06 1.619923e+01 3.118179e+00 2.673341e+01 
4.993624e+05 4.171950e+06 1.825113e+03 1.216939e-07 1.074983e-06 -3.472778e-07 1.136222e-06 1.779682e+01 6.458695e+00 2.824382e+01 
4.993602e+05 4.171951e+06 1.825148e+03 1.271261e-07 9.197751e-07 -2.497640e-07 9.615245e-07 1.505572e+01 7.869243e+00 3.059896e+01 
4.993582e+05 4.171951e+06 1.825101e+03 -4.844927e-09 9.002546e-07 -1.827165e-07 9.186224e-07 1.147280e+01 -3.083474e-01 3.256145e+01 
4.993570e+05 4.171951e+06 1.825146e+03 -6.334141e-08 9.417497e-07 -1.972795e-07 9.642737e-07 1.180542e+01 -3.847878e+00 3.374604e+01 
4.993559e+05 4.171952e+06 1.825224e+03 -9.110266e-08 9.999107e-07 -2.315022e-07 1.030395e-06 1.298366e+01 -5.205891e+00 3.496491e+01 
4.993546e+05 4.171950e+06 1.824929e+03 -3.389268e-08 1.057958e-06 -2.388840e-07 1.085122e-06 1.271754e+01 -1.834896e+00 3.671419e+01 
4.993523e+05 4.171951e+06 1.825075e+03 1.064845e-08 1.051027e-06 -1.873295e-07 1.067644e-06 1.010547e+01 5.804708e-01 3.907575e+01 
4.993516e+05 4.171950e+06 1.824910e+03 -1.018982e-08 1.005197e-06 -1.889122e-07 1.022846e-06 1.064322e+01 -5.807953e-01 4.006875e+01 
4.993505e+05 4.171951e+06 1.824976e+03 9.537695e-09 9.355112e-07 -1.196397e-07 9.431786e-07 7.287451e+00 5.841199e-01 4.121996e+01 
4.993487e+05 4.171950e+06 1.824899e+03 -2.893065e-08 8.941811e-07 -1.241383e-07 9.032205e-07 7.899715e+00 -1.853121e+00 4.305124e+01 
4.993474e+05 4.171951e+06 1.825090e+03 -6.694958e-08 9.543227e-07 2.749950e-08 9.570634e-07 -1.646518e+00 -4.012955e+00 4.466819e+01 
4.993453e+05 4.171951e+06 1.825097e+03 -4.153761e-08 1.015077e-06 -5.573945e-08 1.017455e-06 3.140420e+00 -2.343273e+00 4.679926e+01 
4.993437e+05 4.171951e+06 1.825023e+03 -4.040257e-08 9.892239e-07 -9.120524e-08 9.942407e-07 5.263345e+00 -2.338814e+00 4.838565e+01 
4.993432e+05 4.171951e+06 1.825119e+03 -3.337030e-08 9.874213e-07 -1.095093e-07 9.940356e-07 6.324909e+00 -1.935597e+00 4.903197e+01 
4.993410e+05 4.171950e+06 1.825097e+03 -5.037529e-08 8.142883e-07 -2.798053e-07 8.624929e-07 1.893011e+01 -3.540046e+00 5.135954e+01 
4.993392e+05 4.171951e+06 1.825267e+03 2.118131e-07 7.267116e-07 -3.594641e-07 8.379672e-07 2.540231e+01 1.624971e+01 5.316112e+01 
4.993378e+05 4.171950e+06 1.825067e+03 5.549221e-07 6.352432e-07 -1.122990e-07 8.509310e-07 7.583556e+00 4.113911e+01 5.462293e+01 
4.993362e+05 4.171950e+06 1.824727e+03 5.471318e-07 4.871713e-07 2.806661e-07 7.845142e-07 -2.096256e+01 4.831783e+01 5.625059e+01 
4.993342e+05 4.171949e+06 1.824320e+03 2.283442e-07 3.655543e-07 6.465620e-07 7.770543e-07 -5.631175e+01 3.199104e+01 5.828718e+01 
4.993329e+05 4.171949e+06 1.824283e+03 -1.681571e-07 5.322478e-07 4.385731e-07 7.098668e-07 -3.815744e+01 -1.753329e+01 5.969272e+01 
4.993319e+05 4.171948e+06 1.824248e+03 -1.726050e-07 7.161603e-07 3.279296e-07 8.063596e-07 -2.399639e+01 -1.355068e+01 6.093876e+01 
4.993308e+05 4.171948e+06 1.824340e+03 -2.299395e-07 7.949457e-07 3.461572e-07 8.970148e-07 -2.269957e+01 -1.613261e+01 6.204135e+01 
4.993287e+05 4.171948e+06 1.824475e+03 -3.532643e-07 9.769661e-07 4.095831e-07 1.116699e-06 -2.151718e+01 -1.987965e+01 6.413220e+01 
4.993276e+05 4.171950e+06 1.824965e+03 -3.631975e-07 1.132623e-06 1.938241e-07 1.205121e-06 -9.255294e+00 -1.777945e+01 6.578826e+01 
4.993261e+05 4.171950e+06 1.825128e+03 -3.773651e-07 1.067551e-06 1.592016e-07 1.143422e-06 -8.003440e+00 -1.946783e+01 6.727832e+01 
4.993250e+05 4.171949e+06 1.825017e+03 -4.378176e-07 9.373282e-07 3.065863e-07 1.079010e-06 -1.650724e+01 -2.503686e+01 6.872423e+01 
