# 1, 2, 3, 4   , 5   , 6   , 7   , 8   , 9   , 10  
# x, y, z, Bx_si, By_si, Bz_si, In_si, Ic_si, Dc_si, dmeas 
4.993227e+05 4.171980e+06 1.834421e+03 -3.082764e-07 9.071433e-07 -6.254499e-07 1.144173e-06 3.313677e+01 -1.876941e+01 0.000000e+00 
4.993245e+05 4.171980e+06 1.834308e+03 -1.429409e-07 8.046881e-07 -5.100866e-07 9.634020e-07 3.196924e+01 -1.007268e+01 1.826524e+00 
4.993259e+05 4.171980e+06 1.834262e+03 -4.639901e-08 8.279947e-07 -5.597128e-07 1.000503e-06 3.401648e+01 -3.207375e+00 3.225353e+00 
4.993269e+05 4.171979e+06 1.834173e+03 1.307572e-08 8.666443e-07 -6.003068e-07 1.054330e-06 3.470650e+01 8.643993e-01 4.355747e+00 
4.993280e+05 4.171979e+06 1.834162e+03 1.337803e-07 8.603284e-07 -5.717564e-07 1.041618e-06 3.329240e+01 8.838657e+00 5.432704e+00 
4.993284e+05 4.171978e+06 1.833991e+03 2.256465e-07 9.332913e-07 -6.386121e-07 1.153158e-06 3.362768e+01 1.359185e+01 6.396511e+00 
4.993295e+05 4.171978e+06 1.834206e+03 4.260329e-07 9.370595e-07 -7.600633e-07 1.279563e-06 3.644155e+01 2.444886e+01 7.429477e+00 
4.993304e+05 4.171978e+06 1.834524e+03 5.248852e-07 9.606560e-07 -9.821294e-07 1.470695e-06 4.189747e+01 2.865140e+01 8.399426e+00 
4.993317e+05 4.171978e+06 1.834760e+03 5.550677e-07 1.098541e-06 -1.331630e-06 1.813320e-06 4.725317e+01 2.680644e+01 9.719345e+00 
4.993337e+05 4.171977e+06 1.834585e+03 2.287503e-07 1.622301e-06 -1.624250e-06 2.307028e-06 4.475240e+01 8.025998e+00 1.216006e+01 
4.993351e+05 4.171976e+06 1.833944e+03 1.832373e-08 1.786287e-06 -1.360757e-06 2.245621e-06 3.729795e+01 5.877197e-01 1.397003e+01 
4.993366e+05 4.171974e+06 1.833527e+03 -3.151372e-09 1.651809e-06 -1.247416e-06 2.069910e-06 3.705939e+01 -1.093105e-01 1.582135e+01 
4.993381e+05 4.171975e+06 1.833839e+03 -3.336176e-07 1.432875e-06 -1.426151e-06 2.048985e-06 4.410922e+01 -1.310672e+01 1.737367e+01 
4.993400e+05 4.171975e+06 1.833715e+03 -7.547752e-07 1.135432e-06 -1.278463e-06 1.869053e-06 4.315829e+01 -3.361386e+01 1.927463e+01 
4.993418e+05 4.171976e+06 1.833450e+03 -9.545174e-07 7.506812e-07 -9.315631e-07 1.530502e-06 3.749305e+01 -5.181668e+01 2.115556e+01 
4.993431e+05 4.171976e+06 1.833108e+03 -8.765656e-07 5.580020e-07 -6.794874e-07 1.241546e-06 3.318138e+01 -5.752009e+01 2.253126e+01 
4.993443e+05 4.171976e+06 1.832886e+03 -7.128684e-07 5.211365e-07 -4.470465e-07 9.897551e-07 2.685113e+01 -5.383164e+01 2.384541e+01 
4.993459e+05 4.171977e+06 1.832727e+03 -4.932119e-07 6.765351e-07 -4.599337e-07 9.552469e-07 2.878220e+01 -3.609303e+01 2.549032e+01 
4.993476e+05 4.171977e+06 1.832650e+03 -4.944283e-07 8.774960e-07 -6.260514e-07 1.185917e-06 3.186401e+01 -2.939924e+01 2.731138e+01 
4.993490e+05 4.171977e+06 1.832506e+03 -6.608959e-07 9.900355e-07 -5.970300e-07 1.331690e-06 2.663627e+01 -3.372500e+01 2.863378e+01 
4.993498e+05 4.171977e+06 1.832123e+03 -7.849504e-07 1.055656e-06 -4.346100e-07 1.385439e-06 1.828225e+01 -3.663326e+01 2.956431e+01 
4.993515e+05 4.171977e+06 1.831857e+03 -8.011840e-07 1.041560e-06 -2.240798e-07 1.333025e-06 9.677296e+00 -3.756803e+01 3.133423e+01 
4.993535e+05 4.171978e+06 1.831312e+03 -6.310514e-07 1.027923e-06 8.674473e-08 1.209287e-06 -4.113480e+00 -3.154615e+01 3.336871e+01 
4.993553e+05 4.171977e+06 1.830991e+03 -3.937269e-07 1.004158e-06 1.851067e-07 1.094358e-06 -9.738197e+00 -2.140997e+01 3.523749e+01 
4.993574e+05 4.171976e+06 1.830531e+03 -1.787142e-07 9.224969e-07 3.354478e-07 9.977297e-07 -1.964620e+01 -1.096403e+01 3.752173e+01 
4.993599e+05 4.171976e+06 1.830522e+03 2.190888e-07 8.807237e-07 2.345533e-07 9.373844e-07 -1.449059e+01 1.396936e+01 3.996462e+01 
4.993617e+05 4.171976e+06 1.830742e+03 3.428325e-07 9.289388e-07 -3.717375e-08 9.908801e-07 2.150007e+00 2.025700e+01 4.183834e+01 
4.993635e+05 4.171976e+06 1.831154e+03 3.016631e-07 9.428528e-07 -3.338271e-07 1.044707e-06 1.863519e+01 1.774193e+01 4.371694e+01 
4.993657e+05 4.171975e+06 1.831092e+03 2.299012e-07 9.657283e-07 -4.018833e-07 1.070979e-06 2.203967e+01 1.339058e+01 4.605178e+01 
4.993671e+05 4.171976e+06 1.831324e+03 1.829094e-07 9.357529e-07 -5.256121e-07 1.088741e-06 2.886650e+01 1.106002e+01 4.747229e+01 
4.993687e+05 4.171976e+06 1.831412e+03 9.821452e-08 9.336344e-07 -5.726330e-07 1.099649e-06 3.138201e+01 6.005195e+00 4.910188e+01 
4.993704e+05 4.171975e+06 1.831270e+03 1.941127e-08 9.566652e-07 -4.948562e-07 1.077250e-06 2.734645e+01 1.162404e+00 5.083556e+01 
4.993722e+05 4.171975e+06 1.831189e+03 6.038947e-08 9.644267e-07 -3.709470e-07 1.035069e-06 2.100068e+01 3.583010e+00 5.259999e+01 
4.993738e+05 4.171975e+06 1.831182e+03 2.757356e-07 9.592624e-07 -3.184114e-07 1.047664e-06 1.769350e+01 1.603706e+01 5.423734e+01 
4.993745e+05 4.171975e+06 1.831383e+03 3.866585e-07 9.485557e-07 -4.037935e-07 1.101050e-06 2.151439e+01 2.217722e+01 5.493995e+01 
4.993759e+05 4.171975e+06 1.831678e+03 4.930837e-07 9.621123e-07 -6.032229e-07 1.238010e-06 2.916012e+01 2.713519e+01 5.630750e+01 
4.993769e+05 4.171974e+06 1.831634e+03 4.974248e-07 1.021629e-06 -6.852823e-07 1.326939e-06 3.109364e+01 2.596117e+01 5.775836e+01 
4.993781e+05 4.171974e+06 1.831642e+03 3.848265e-07 1.031601e-06 -7.824162e-07 1.350728e-06 3.539816e+01 2.045743e+01 5.918687e+01 
4.993793e+05 4.171973e+06 1.831613e+03 1.882870e-07 9.594381e-07 -8.061374e-07 1.267214e-06 3.950529e+01 1.110303e+01 6.068590e+01 
4.993792e+05 4.171973e+06 1.831592e+03 2.097945e-07 9.589170e-07 -7.975105e-07 1.264737e-06 3.909252e+01 1.234088e+01 6.083141e+01 
4.993809e+05 4.171972e+06 1.831488e+03 -2.945971e-08 8.578527e-07 -7.469689e-07 1.137867e-06 4.103076e+01 -1.966834e+00 6.258836e+01 
4.993822e+05 4.171973e+06 1.831530e+03 -1.277957e-07 8.143452e-07 -6.739476e-07 1.064751e-06 3.926903e+01 -8.918725e+00 6.399333e+01 
