# 1, 2, 3, 4   , 5   , 6   , 7   , 8   , 9   , 10  
# x, y, z, Bx_si, By_si, Bz_si, In_si, Ic_si, Dc_si, dmeas 
4.993227e+05 4.171980e+06 1.834500e+03 -7.492847e-07 1.097960e-07 1.620195e-06 1.788439e-06 6.494840e+01 1.716635e+02 0.000000e+00 
4.993245e+05 4.171980e+06 1.834500e+03 -7.519351e-07 1.036049e-07 1.614910e-06 1.784398e-06 6.482557e+01 1.721549e+02 1.826524e+00 
4.993259e+05 4.171980e+06 1.834500e+03 -7.510941e-07 9.951043e-08 1.611252e-06 1.780499e-06 6.481573e+01 1.724530e+02 3.225353e+00 
4.993269e+05 4.171979e+06 1.834500e+03 -7.483077e-07 9.682745e-08 1.608737e-06 1.776900e-06 6.487201e+01 1.726272e+02 4.355747e+00 
4.993280e+05 4.171979e+06 1.834500e+03 -7.498287e-07 9.343759e-08 1.605926e-06 1.774816e-06 6.480185e+01 1.728969e+02 5.432704e+00 
4.993284e+05 4.171978e+06 1.834500e+03 -7.438835e-07 9.284417e-08 1.605079e-06 1.771514e-06 6.496499e+01 1.728857e+02 6.396511e+00 
4.993295e+05 4.171978e+06 1.834500e+03 -7.452987e-07 8.967116e-08 1.602495e-06 1.769605e-06 6.489970e+01 1.731394e+02 7.429477e+00 
4.993304e+05 4.171978e+06 1.834500e+03 -7.460474e-07 8.681782e-08 1.600166e-06 1.767669e-06 6.485569e+01 1.733623e+02 8.399426e+00 
4.993317e+05 4.171978e+06 1.834500e+03 -7.438433e-07 8.361075e-08 1.597452e-06 1.764127e-06 6.489333e+01 1.735867e+02 9.719345e+00 
4.993337e+05 4.171977e+06 1.834500e+03 -7.357726e-07 7.895667e-08 1.593508e-06 1.756947e-06 6.509068e+01 1.738750e+02 1.216006e+01 
4.993351e+05 4.171976e+06 1.834500e+03 -7.283389e-07 7.612155e-08 1.591213e-06 1.751637e-06 6.528724e+01 1.740335e+02 1.397003e+01 
4.993366e+05 4.171974e+06 1.834500e+03 -7.218499e-07 7.285326e-08 1.588779e-06 1.746595e-06 6.545617e+01 1.742369e+02 1.582135e+01 
4.993381e+05 4.171975e+06 1.834500e+03 -7.252853e-07 6.854039e-08 1.585716e-06 1.745060e-06 6.532480e+01 1.746015e+02 1.737367e+01 
4.993400e+05 4.171975e+06 1.834500e+03 -7.276144e-07 6.350361e-08 1.582248e-06 1.742689e-06 6.522151e+01 1.750121e+02 1.927463e+01 
4.993418e+05 4.171976e+06 1.834500e+03 -7.334120e-07 5.862949e-08 1.578965e-06 1.741971e-06 6.501585e+01 1.754295e+02 2.115556e+01 
4.993431e+05 4.171976e+06 1.834500e+03 -7.344936e-07 5.523098e-08 1.576789e-06 1.740344e-06 6.496126e+01 1.756997e+02 2.253126e+01 
4.993443e+05 4.171976e+06 1.834500e+03 -7.398006e-07 5.209823e-08 1.574767e-06 1.740663e-06 6.478201e+01 1.759718e+02 2.384541e+01 
4.993459e+05 4.171977e+06 1.834500e+03 -7.438395e-07 4.813203e-08 1.572334e-06 1.740071e-06 6.463581e+01 1.762977e+02 2.549032e+01 
4.993476e+05 4.171977e+06 1.834500e+03 -7.481014e-07 4.386380e-08 1.569834e-06 1.739529e-06 6.448176e+01 1.766444e+02 2.731138e+01 
4.993490e+05 4.171977e+06 1.834500e+03 -7.487347e-07 4.090167e-08 1.568242e-06 1.738292e-06 6.444531e+01 1.768732e+02 2.863378e+01 
4.993498e+05 4.171977e+06 1.834500e+03 -7.464117e-07 3.917227e-08 1.567436e-06 1.736525e-06 6.450565e+01 1.769958e+02 2.956431e+01 
4.993515e+05 4.171977e+06 1.834500e+03 -7.518801e-07 3.529969e-08 1.565394e-06 1.736960e-06 6.431977e+01 1.773120e+02 3.133423e+01 
4.993535e+05 4.171978e+06 1.834500e+03 -7.538923e-07 3.090821e-08 1.563392e-06 1.735945e-06 6.423708e+01 1.776523e+02 3.336871e+01 
4.993553e+05 4.171977e+06 1.834500e+03 -7.526061e-07 2.710806e-08 1.561957e-06 1.734030e-06 6.425906e+01 1.779372e+02 3.523749e+01 
4.993574e+05 4.171976e+06 1.834500e+03 -7.462428e-07 2.305069e-08 1.560891e-06 1.730257e-06 6.443748e+01 1.782308e+02 3.752173e+01 
4.993599e+05 4.171976e+06 1.834500e+03 -7.446239e-07 1.811698e-08 1.559609e-06 1.728344e-06 6.447161e+01 1.786062e+02 3.996462e+01 
4.993617e+05 4.171976e+06 1.834500e+03 -7.428712e-07 1.438053e-08 1.558893e-06 1.726908e-06 6.451627e+01 1.788910e+02 4.183834e+01 
4.993635e+05 4.171976e+06 1.834500e+03 -7.457881e-07 1.058737e-08 1.558057e-06 1.727384e-06 6.441893e+01 1.791867e+02 4.371694e+01 
4.993657e+05 4.171975e+06 1.834500e+03 -7.397526e-07 6.281631e-09 1.557964e-06 1.724681e-06 6.459990e+01 1.795135e+02 4.605178e+01 
4.993671e+05 4.171976e+06 1.834500e+03 -7.426150e-07 3.497140e-09 1.557579e-06 1.725555e-06 6.450910e+01 1.797302e+02 4.747229e+01 
4.993687e+05 4.171976e+06 1.834500e+03 -7.415261e-07 2.296880e-10 1.557570e-06 1.725076e-06 6.454187e+01 1.799823e+02 4.910188e+01 
4.993704e+05 4.171975e+06 1.834500e+03 -7.391119e-07 -3.215781e-09 1.557812e-06 1.724260e-06 6.461754e+01 -1.797507e+02 5.083556e+01 
4.993722e+05 4.171975e+06 1.834500e+03 -7.385417e-07 -6.798234e-09 1.558096e-06 1.724283e-06 6.463798e+01 -1.794726e+02 5.259999e+01 
4.993738e+05 4.171975e+06 1.834500e+03 -7.394145e-07 -1.010448e-08 1.558413e-06 1.724960e-06 6.461516e+01 -1.792171e+02 5.423734e+01 
4.993745e+05 4.171975e+06 1.834500e+03 -7.403618e-07 -1.148899e-08 1.558550e-06 1.725499e-06 6.458809e+01 -1.791110e+02 5.493995e+01 
4.993759e+05 4.171975e+06 1.834500e+03 -7.397620e-07 -1.429145e-08 1.559078e-06 1.725740e-06 6.461214e+01 -1.788932e+02 5.630750e+01 
4.993769e+05 4.171974e+06 1.834500e+03 -7.328096e-07 -1.671588e-08 1.560057e-06 1.723679e-06 6.483329e+01 -1.786933e+02 5.775836e+01 
4.993781e+05 4.171974e+06 1.834500e+03 -7.264949e-07 -1.925723e-08 1.561112e-06 1.721987e-06 6.503645e+01 -1.784816e+02 5.918687e+01 
4.993793e+05 4.171973e+06 1.834500e+03 -7.201638e-07 -2.203040e-08 1.562325e-06 1.720460e-06 6.524217e+01 -1.782478e+02 6.068590e+01 
4.993792e+05 4.171973e+06 1.834500e+03 -7.193584e-07 -2.188857e-08 1.562352e-06 1.720145e-06 6.526703e+01 -1.782571e+02 6.083141e+01 
4.993809e+05 4.171972e+06 1.834500e+03 -7.171283e-07 -2.571818e-08 1.563647e-06 1.720444e-06 6.534865e+01 -1.779461e+02 6.258836e+01 
4.993822e+05 4.171973e+06 1.834500e+03 -7.202639e-07 -2.841983e-08 1.564294e-06 1.722383e-06 6.525981e+01 -1.777404e+02 6.399333e+01 
