# 1    , 2      , 3      , 4      , 5      , 6      , 7       
# dmeas, Bx_siB0, By_siB0, Bz_siB0, In_siB0, Ic_siB0, Dc_siB0 
0.000000e+00 2.778814e-05 1.249524e-06 3.686855e-05 4.618476e-05 5.296653e+01 2.574632e+00 
1.826524e+00 2.768569e-05 1.414859e-06 3.675319e-05 4.603581e-05 5.297385e+01 2.925518e+00 
3.225353e+00 2.770899e-05 1.511401e-06 3.680281e-05 4.609251e-05 5.298285e+01 3.122133e+00 
4.355747e+00 2.774764e-05 1.570876e-06 3.684341e-05 4.615015e-05 5.297167e+01 3.240224e+00 
5.432704e+00 2.774133e-05 1.691580e-06 3.681486e-05 4.612783e-05 5.294954e+01 3.489399e+00 
6.396511e+00 2.781429e-05 1.783446e-06 3.688171e-05 4.622852e-05 5.292176e+01 3.668771e+00 
7.429477e+00 2.781806e-05 1.983833e-06 3.700316e-05 4.633588e-05 5.299524e+01 4.079118e+00 
8.399426e+00 2.784166e-05 2.082685e-06 3.722523e-05 4.653185e-05 5.312959e+01 4.278023e+00 
9.719345e+00 2.797954e-05 2.112868e-06 3.757473e-05 4.689541e-05 5.324920e+01 4.318480e+00 
1.216006e+01 2.850330e-05 1.786550e-06 3.786735e-05 4.742959e-05 5.297671e+01 3.586534e+00 
1.397003e+01 2.866729e-05 1.576124e-06 3.760386e-05 4.731118e-05 5.263823e+01 3.146946e+00 
1.582135e+01 2.853281e-05 1.554649e-06 3.749052e-05 4.713891e-05 5.268549e+01 3.118754e+00 
1.737367e+01 2.831387e-05 1.224182e-06 3.766925e-05 4.713965e-05 5.304416e+01 2.475706e+00 
1.927463e+01 2.801643e-05 8.030248e-07 3.752156e-05 4.683410e-05 5.324092e+01 1.641798e+00 
2.115556e+01 2.763168e-05 6.032826e-07 3.717466e-05 4.632310e-05 5.337029e+01 1.250740e+00 
2.253126e+01 2.743900e-05 6.812344e-07 3.692259e-05 4.600696e-05 5.337368e+01 1.422203e+00 
2.384541e+01 2.740214e-05 8.449316e-07 3.669015e-05 4.580129e-05 5.323263e+01 1.766128e+00 
2.549032e+01 2.755754e-05 1.064588e-06 3.670303e-05 4.590930e-05 5.307937e+01 2.212320e+00 
2.731138e+01 2.775850e-05 1.063372e-06 3.686915e-05 4.616275e-05 5.300401e+01 2.193812e+00 
2.863378e+01 2.787104e-05 8.969041e-07 3.684013e-05 4.620383e-05 5.287677e+01 1.843171e+00 
2.956431e+01 2.793666e-05 7.728496e-07 3.667771e-05 4.611191e-05 5.269366e+01 1.584647e+00 
3.133423e+01 2.792256e-05 7.566160e-07 3.646718e-05 4.593579e-05 5.254893e+01 1.552161e+00 
3.336871e+01 2.790892e-05 9.267486e-07 3.615636e-05 4.568423e-05 5.232034e+01 1.901875e+00 
3.523749e+01 2.788516e-05 1.164073e-06 3.605799e-05 4.559732e-05 5.225957e+01 2.390439e+00 
3.752173e+01 2.780350e-05 1.379086e-06 3.590765e-05 4.543452e-05 5.221510e+01 2.839610e+00 
3.996462e+01 2.776172e-05 1.776889e-06 3.600855e-05 4.550259e-05 5.231199e+01 3.662220e+00 
4.183834e+01 2.780994e-05 1.900632e-06 3.628027e-05 4.575220e-05 5.246426e+01 3.909723e+00 
4.371694e+01 2.782385e-05 1.859463e-06 3.657693e-05 4.599452e-05 5.267843e+01 3.823381e+00 
4.605178e+01 2.784673e-05 1.787701e-06 3.664498e-05 4.605965e-05 5.271182e+01 3.673227e+00 
4.747229e+01 2.781675e-05 1.740709e-06 3.676871e-05 4.613827e-05 5.283740e+01 3.580771e+00 
4.910188e+01 2.781463e-05 1.656015e-06 3.681573e-05 4.617136e-05 5.287984e+01 3.407227e+00 
5.083556e+01 2.783767e-05 1.577211e-06 3.673796e-05 4.612050e-05 5.280328e+01 3.242766e+00 
5.259999e+01 2.784543e-05 1.618189e-06 3.661405e-05 4.602798e-05 5.270002e+01 3.325906e+00 
5.423734e+01 2.784026e-05 1.833536e-06 3.656151e-05 4.599115e-05 5.265227e+01 3.768009e+00 
5.493995e+01 2.782956e-05 1.944458e-06 3.664689e-05 4.605714e-05 5.271984e+01 3.996776e+00 
5.630750e+01 2.784311e-05 2.050884e-06 3.684632e-05 4.622874e-05 5.284871e+01 4.212717e+00 
5.775836e+01 2.790263e-05 2.055225e-06 3.692838e-05 4.633019e-05 5.285117e+01 4.212630e+00 
5.918687e+01 2.791260e-05 1.942626e-06 3.702552e-05 4.640879e-05 5.292172e+01 3.981181e+00 
6.068590e+01 2.784044e-05 1.746087e-06 3.704924e-05 4.637655e-05 5.302315e+01 3.588756e+00 
6.083141e+01 2.783992e-05 1.767594e-06 3.704061e-05 4.637016e-05 5.301592e+01 3.632911e+00 
6.258836e+01 2.773885e-05 1.528340e-06 3.699007e-05 4.626062e-05 5.309208e+01 3.153663e+00 
6.399333e+01 2.769535e-05 1.430004e-06 3.691705e-05 4.617299e-05 5.308597e+01 2.955750e+00 
