# 1      , 2      , 3      , 4    , 5     , 6      , 7      , 8      ,                    9              , 10  , 11  , 12  , 13    , 14      
# IGRF_In, IGRF_Ic, IGRF_Dc, dmeas, height, In_siB0, Ic_siB0, Dc_siB0,                    height m (-poh), In_m, Ic_m, Dc_m, min hP, max hP  
4.515061e-05 5.339022e+01 3.316679e+00 0.000000e+00 1.834421e+03 4.618476e-05 5.296653e+01 2.574632e+00 1.831500e+03 4.550895e+01 5.046392e+01 -2.485562e+00 1.830522e+03 1.834760e+03 
4.515061e-05 5.339022e+01 3.316679e+00 1.826524e+00 1.834308e+03 4.603581e-05 5.297385e+01 2.925518e+00 1.831400e+03 4.433120e+01 5.068891e+01 -3.697089e-01 1.830522e+03 1.834760e+03 
4.515061e-05 5.339022e+01 3.316679e+00 3.225353e+00 1.834262e+03 4.609251e-05 5.298285e+01 3.122133e+00 1.831600e+03 4.430830e+01 5.122055e+01 2.056253e+00 1.830522e+03 1.834760e+03 
4.515061e-05 5.339022e+01 3.316679e+00 4.355747e+00 1.834173e+03 4.615015e-05 5.297167e+01 3.240224e+00 1.832200e+03 4.475270e+01 5.207167e+01 3.288326e+00 1.830522e+03 1.834760e+03 
4.515061e-05 5.339022e+01 3.316679e+00 5.432704e+00 1.834162e+03 4.612783e-05 5.294954e+01 3.489399e+00 1.832900e+03 4.559560e+01 5.312012e+01 2.467701e+00 1.830522e+03 1.834760e+03 
4.515061e-05 5.339022e+01 3.316679e+00 6.396511e+00 1.833991e+03 4.622852e-05 5.292176e+01 3.668771e+00 1.833300e+03 4.589097e+01 5.307960e+01 1.306564e+00 1.830522e+03 1.834760e+03 
4.515061e-05 5.339022e+01 3.316679e+00 7.429477e+00 1.834206e+03 4.633588e-05 5.299524e+01 4.079118e+00 1.833100e+03 4.610081e+01 5.386624e+01 4.681074e-02 1.830522e+03 1.834760e+03 
4.515061e-05 5.339022e+01 3.316679e+00 8.399426e+00 1.834524e+03 4.653185e-05 5.312959e+01 4.278023e+00 1.832800e+03 4.533997e+01 5.389764e+01 -1.033613e+00 1.830522e+03 1.834760e+03 
4.515061e-05 5.339022e+01 3.316679e+00 9.719345e+00 1.834760e+03 4.689541e-05 5.324920e+01 4.318480e+00 1.833100e+03 4.570332e+01 5.275084e+01 7.343407e-01 1.830522e+03 1.834760e+03 
4.515061e-05 5.339022e+01 3.316679e+00 1.216006e+01 1.834585e+03 4.742959e-05 5.297671e+01 3.586534e+00 1.832200e+03 4.533801e+01 5.016310e+01 -7.256097e-01 1.830522e+03 1.834760e+03 
4.515061e-05 5.339022e+01 3.316679e+00 1.397003e+01 1.833944e+03 4.731118e-05 5.263823e+01 3.146946e+00 1.831900e+03 4.492751e+01 5.136264e+01 1.806962e-01 1.830522e+03 1.834760e+03 
4.515061e-05 5.339022e+01 3.316679e+00 1.582135e+01 1.833527e+03 4.713891e-05 5.268549e+01 3.118754e+00 1.831400e+03 4.501540e+01 5.054329e+01 2.101663e-01 1.830522e+03 1.834760e+03 
4.515061e-05 5.339022e+01 3.316679e+00 1.737367e+01 1.833839e+03 4.713965e-05 5.304416e+01 2.475706e+00 1.831700e+03 4.589974e+01 4.958905e+01 1.232120e+00 1.830522e+03 1.834760e+03 
4.515061e-05 5.339022e+01 3.316679e+00 1.927463e+01 1.833715e+03 4.683410e-05 5.324092e+01 1.641798e+00 1.832700e+03 4.740495e+01 4.959029e+01 1.685415e+00 1.830522e+03 1.834760e+03 
4.515061e-05 5.339022e+01 3.316679e+00 2.115556e+01 1.833450e+03 4.632310e-05 5.337029e+01 1.250740e+00 1.833400e+03 4.767899e+01 5.247218e+01 -1.729682e+00 1.830522e+03 1.834760e+03 
4.515061e-05 5.339022e+01 3.316679e+00 2.253126e+01 1.833108e+03 4.600696e-05 5.337368e+01 1.422203e+00 1.833400e+03 4.680110e+01 5.321019e+01 -2.385460e+00 1.830522e+03 1.834760e+03 
4.515061e-05 5.339022e+01 3.316679e+00 2.384541e+01 1.832886e+03 4.580129e-05 5.323263e+01 1.766128e+00 1.833100e+03 4.562899e+01 5.401396e+01 -3.108867e+00 1.830522e+03 1.834760e+03 
4.515061e-05 5.339022e+01 3.316679e+00 2.549032e+01 1.832727e+03 4.590930e-05 5.307937e+01 2.212320e+00 1.833500e+03 4.574920e+01 5.396050e+01 -3.613820e+00 1.830522e+03 1.834760e+03 
4.515061e-05 5.339022e+01 3.316679e+00 2.731138e+01 1.832650e+03 4.616275e-05 5.300401e+01 2.193812e+00 1.833200e+03 4.484551e+01 5.419809e+01 -4.656738e+00 1.830522e+03 1.834760e+03 
4.515061e-05 5.339022e+01 3.316679e+00 2.863378e+01 1.832506e+03 4.620383e-05 5.287677e+01 1.843171e+00 1.832500e+03 4.372004e+01 5.395441e+01 -6.269532e+00 1.830522e+03 1.834760e+03 
4.515061e-05 5.339022e+01 3.316679e+00 2.956431e+01 1.832123e+03 4.611191e-05 5.269366e+01 1.584647e+00 1.832300e+03 4.319073e+01 5.356833e+01 -4.774972e+00 1.830522e+03 1.834760e+03 
4.515061e-05 5.339022e+01 3.316679e+00 3.133423e+01 1.831857e+03 4.593579e-05 5.254893e+01 1.552161e+00 1.831200e+03 4.311171e+01 5.295495e+01 nan 1.830522e+03 1.834760e+03 
4.515061e-05 5.339022e+01 3.316679e+00 3.336871e+01 1.831312e+03 4.568423e-05 5.232034e+01 1.901875e+00 1.830500e+03 4.290659e+01 5.224245e+01 nan 1.830522e+03 1.834760e+03 
4.515061e-05 5.339022e+01 3.316679e+00 3.523749e+01 1.830991e+03 4.559732e-05 5.225957e+01 2.390439e+00 1.829900e+03 4.273783e+01 5.202987e+01 nan 1.830522e+03 1.834760e+03 
4.515061e-05 5.339022e+01 3.316679e+00 3.752173e+01 1.830531e+03 4.543452e-05 5.221510e+01 2.839610e+00 1.829400e+03 4.175909e+01 5.205708e+01 nan 1.830522e+03 1.834760e+03 
4.515061e-05 5.339022e+01 3.316679e+00 3.996462e+01 1.830522e+03 4.550259e-05 5.231199e+01 3.662220e+00 1.829300e+03 4.227518e+01 5.233693e+01 nan 1.830522e+03 1.834760e+03 
4.515061e-05 5.339022e+01 3.316679e+00 4.183834e+01 1.830742e+03 4.575220e-05 5.246426e+01 3.909723e+00 1.829700e+03 4.331851e+01 5.233184e+01 2.537728e+00 1.830522e+03 1.834760e+03 
4.515061e-05 5.339022e+01 3.316679e+00 4.371694e+01 1.831154e+03 4.599452e-05 5.267843e+01 3.823381e+00 1.829500e+03 4.393951e+01 5.296396e+01 1.945659e+00 1.830522e+03 1.834760e+03 
4.515061e-05 5.339022e+01 3.316679e+00 4.605178e+01 1.831092e+03 4.605965e-05 5.271182e+01 3.673227e+00 1.829200e+03 4.434840e+01 5.280003e+01 -7.089378e-01 1.830522e+03 1.834760e+03 
4.515061e-05 5.339022e+01 3.316679e+00 4.747229e+01 1.831324e+03 4.613827e-05 5.283740e+01 3.580771e+00 1.829000e+03 4.384836e+01 5.215998e+01 -5.825828e-01 1.830522e+03 1.834760e+03 
4.515061e-05 5.339022e+01 3.316679e+00 4.910188e+01 1.831412e+03 4.617136e-05 5.287984e+01 3.407227e+00 1.829500e+03 4.420709e+01 5.247802e+01 1.225943e+00 1.830522e+03 1.834760e+03 
4.515061e-05 5.339022e+01 3.316679e+00 5.083556e+01 1.831270e+03 4.612050e-05 5.280328e+01 3.242766e+00 1.830000e+03 4.461283e+01 5.230813e+01 5.874057e-01 1.830522e+03 1.834760e+03 
4.515061e-05 5.339022e+01 3.316679e+00 5.259999e+01 1.831189e+03 4.602798e-05 5.270002e+01 3.325906e+00 1.829700e+03 4.479751e+01 5.280765e+01 -4.662753e-01 1.830522e+03 1.834760e+03 
4.515061e-05 5.339022e+01 3.316679e+00 5.423734e+01 1.831182e+03 4.599115e-05 5.265227e+01 3.768009e+00 1.829400e+03 4.452505e+01 5.228387e+01 -9.831041e-01 1.830522e+03 1.834760e+03 
4.515061e-05 5.339022e+01 3.316679e+00 5.493995e+01 1.831383e+03 4.605714e-05 5.271984e+01 3.996776e+00 1.829400e+03 4.429435e+01 5.157092e+01 -1.557687e+00 1.830522e+03 1.834760e+03 
4.515061e-05 5.339022e+01 3.316679e+00 5.630750e+01 1.831678e+03 4.622874e-05 5.284871e+01 4.212717e+00 1.829200e+03 4.347164e+01 5.028369e+01 nan 1.830522e+03 1.834760e+03 
4.515061e-05 5.339022e+01 3.316679e+00 5.775836e+01 1.831634e+03 4.633019e-05 5.285117e+01 4.212630e+00 1.829000e+03 4.313366e+01 4.975901e+01 nan 1.830522e+03 1.834760e+03 
4.515061e-05 5.339022e+01 3.316679e+00 5.918687e+01 1.831642e+03 4.640879e-05 5.292172e+01 3.981181e+00 1.829000e+03 4.272366e+01 5.043255e+01 nan 1.830522e+03 1.834760e+03 
4.515061e-05 5.339022e+01 3.316679e+00 6.068590e+01 1.831613e+03 4.637655e-05 5.302315e+01 3.588756e+00 1.829100e+03 4.391098e+01 5.130380e+01 1.583975e+00 1.830522e+03 1.834760e+03 
4.515061e-05 5.339022e+01 3.316679e+00 6.083141e+01 1.831592e+03 4.637016e-05 5.301592e+01 3.632911e+00 1.829100e+03 4.309422e+01 5.104322e+01 4.088363e+00 1.830522e+03 1.834760e+03 
4.515061e-05 5.339022e+01 3.316679e+00 6.258836e+01 1.831488e+03 4.626062e-05 5.309208e+01 3.153663e+00 1.829600e+03 4.462255e+01 5.178814e+01 3.480025e+00 1.830522e+03 1.834760e+03 
4.515061e-05 5.339022e+01 3.316679e+00 6.399333e+01 1.831530e+03 4.617299e-05 5.308597e+01 2.955750e+00 1.830500e+03 4.493988e+01 5.247880e+01 1.381540e+00 1.830522e+03 1.834760e+03 
