# 1    , 2      , 3      , 4      , 5      , 6      , 7       
# dmeas, Bx_siB0, By_siB0, Bz_siB0, In_siB0, Ic_siB0, Dc_siB0 
0.000000e+00 2.712421e-05 3.660536e-06 3.500901e-05 4.443819e-05 5.198165e+01 7.685890e+00 
0.000000e+00 2.719245e-05 3.919056e-06 3.569980e-05 4.504735e-05 5.241929e+01 8.201164e+00 
0.000000e+00 2.727723e-05 3.975576e-06 3.654394e-05 4.577458e-05 5.297242e+01 8.292304e+00 
0.000000e+00 2.736779e-05 3.696650e-06 3.743645e-05 4.652041e-05 5.358435e+01 7.692556e+00 
0.000000e+00 2.744214e-05 3.054116e-06 3.816622e-05 4.710689e-05 5.411593e+01 6.350480e+00 
0.000000e+00 2.748328e-05 2.185953e-06 3.856986e-05 4.741037e-05 5.444248e+01 4.547594e+00 
0.000000e+00 2.748872e-05 1.250219e-06 3.862316e-05 4.742301e-05 5.453197e+01 2.604084e+00 
0.000000e+00 2.745890e-05 3.472494e-07 3.833009e-05 4.715196e-05 5.438078e+01 7.245324e-01 
0.000000e+00 2.739382e-05 -3.856220e-07 3.769129e-05 4.659618e-05 5.398785e+01 -8.064975e-01 
0.000000e+00 2.730579e-05 -7.837575e-07 3.682501e-05 4.585087e-05 5.343174e+01 -1.644108e+00 
0.000000e+00 2.721750e-05 -8.202507e-07 3.594916e-05 4.509775e-05 5.285773e+01 -1.726194e+00 
0.000000e+00 2.714379e-05 -6.124920e-07 3.520733e-05 4.446028e-05 5.236181e+01 -1.292644e+00 
0.000000e+00 2.708731e-05 -2.880186e-07 3.462741e-05 4.396433e-05 5.196412e+01 -6.092015e-01 
0.000000e+00 2.704543e-05 7.508071e-08 3.418755e-05 4.359185e-05 5.165272e+01 1.590582e-01 
0.000000e+00 2.701509e-05 4.389184e-07 3.386160e-05 4.331992e-05 5.141313e+01 9.308115e-01 
0.000000e+00 2.699408e-05 7.881718e-07 3.363123e-05 4.313191e-05 5.123584e+01 1.672444e+00 
0.000000e+00 2.698099e-05 1.119792e-06 3.348539e-05 4.301743e-05 5.111564e+01 2.376582e+00 
0.000000e+00 2.697501e-05 1.437939e-06 3.341799e-05 4.297070e-05 5.104979e+01 3.051341e+00 
0.000000e+00 2.697576e-05 1.751187e-06 3.342630e-05 4.298925e-05 5.103681e+01 3.714261e+00 
0.000000e+00 2.698325e-05 2.069813e-06 3.351016e-05 4.307331e-05 5.107596e+01 4.386416e+00 
0.000000e+00 2.699787e-05 2.402924e-06 3.367242e-05 4.322604e-05 5.116769e+01 5.086164e+00 
0.000000e+00 2.702056e-05 2.755262e-06 3.392018e-05 4.345435e-05 5.131494e+01 5.822276e+00 
0.000000e+00 2.705296e-05 3.122487e-06 3.426673e-05 4.377010e-05 5.152502e+01 6.584017e+00 
0.000000e+00 2.709762e-05 3.484482e-06 3.473323e-05 4.419072e-05 5.181185e+01 7.327453e+00 
0.000000e+00 2.715763e-05 3.794716e-06 3.534631e-05 4.473587e-05 5.219589e+01 7.954397e+00 
0.000000e+00 2.723488e-05 3.964471e-06 3.612081e-05 4.541111e-05 5.269476e+01 8.282144e+00 
0.000000e+00 2.732467e-05 3.862083e-06 3.700940e-05 4.616545e-05 5.328975e+01 8.044925e+00 
0.000000e+00 2.740978e-05 3.389665e-06 3.784585e-05 4.685183e-05 5.387934e+01 7.049763e+00 
0.000000e+00 2.746824e-05 2.609574e-06 3.841949e-05 4.730086e-05 5.431503e+01 5.427001e+00 
0.000000e+00 2.749093e-05 1.692569e-06 3.864232e-05 4.745361e-05 5.451997e+01 3.523155e+00 
0.000000e+00 2.747855e-05 7.620575e-07 3.852065e-05 4.732327e-05 5.448758e+01 1.588566e+00 
0.000000e+00 2.743029e-05 -7.502869e-08 3.804702e-05 4.690418e-05 5.420989e+01 -1.567179e-01 
0.000000e+00 2.735103e-05 -6.514764e-07 3.726862e-05 4.623260e-05 5.371772e+01 -1.364475e+00 
0.000000e+00 2.726025e-05 -8.567300e-07 3.637254e-05 4.546225e-05 5.313584e+01 -1.800089e+00 
0.000000e+00 2.717831e-05 -7.505619e-07 3.555455e-05 4.475880e-05 5.259474e+01 -1.581890e+00 
0.000000e+00 2.711339e-05 -4.675865e-07 3.489500e-05 4.419293e-05 5.214870e+01 -9.880018e-01 
0.000000e+00 2.706481e-05 -1.126267e-07 3.439047e-05 4.376324e-05 5.179752e+01 -2.384275e-01 
0.000000e+00 2.702934e-05 2.564795e-07 3.401322e-05 4.344594e-05 5.152558e+01 5.436593e-01 
0.000000e+00 2.700407e-05 6.141116e-07 3.373854e-05 4.321904e-05 5.131926e+01 1.302764e+00 
0.000000e+00 2.698712e-05 9.529800e-07 3.355118e-05 4.306849e-05 5.117086e+01 2.022411e+00 
0.000000e+00 2.697752e-05 1.275914e-06 3.344370e-05 4.298715e-05 5.107717e+01 2.707812e+00 
0.000000e+00 2.697481e-05 1.590885e-06 3.341326e-05 4.297229e-05 5.103714e+01 3.375206e+00 
0.000000e+00 2.697894e-05 1.907514e-06 3.345956e-05 4.302376e-05 5.105043e+01 4.044300e+00 
0.000000e+00 2.699010e-05 2.234638e-06 3.358399e-05 4.314329e-05 5.111697e+01 4.732993e+00 
0.000000e+00 2.700883e-05 2.577943e-06 3.379025e-05 4.333479e-05 5.123759e+01 5.452259e+00 
0.000000e+00 2.703624e-05 2.937333e-06 3.408677e-05 4.360612e-05 5.141620e+01 6.200539e+00 
0.000000e+00 2.707432e-05 3.302670e-06 3.448983e-05 4.397130e-05 5.166258e+01 6.954882e+00 
