# 1    , 2      , 3      , 4      , 5      , 6      , 7       
# dmeas, Bx_siB0, By_siB0, Bz_siB0, In_siB0, Ic_siB0, Dc_siB0 
0.000000e+00 2.603013e-05 1.436011e-06 3.743657e-05 4.561936e-05 5.514779e+01 3.157650e+00 
2.477177e+00 2.544791e-05 1.801738e-06 3.692842e-05 4.488374e-05 5.536175e+01 4.049843e+00 
3.817448e+00 2.537422e-05 1.872894e-06 3.658762e-05 4.456471e-05 5.518502e+01 4.221398e+00 
4.665168e+00 2.539405e-05 1.883520e-06 3.639707e-05 4.442018e-05 5.502292e+01 4.241957e+00 
5.610641e+00 2.545210e-05 1.889270e-06 3.623612e-05 4.432195e-05 5.484189e+01 4.245193e+00 
6.749379e+00 2.553891e-05 1.873232e-06 3.608796e-05 4.425027e-05 5.464102e+01 4.195028e+00 
9.106913e+00 2.563870e-05 1.764239e-06 3.594687e-05 4.418861e-05 5.443807e+01 3.936408e+00 
1.047578e+01 2.568935e-05 1.718940e-06 3.587371e-05 4.415677e-05 5.433275e+01 3.828100e+00 
1.161068e+01 2.569324e-05 1.669539e-06 3.581342e-05 4.410817e-05 5.428643e+01 3.717836e+00 
1.255412e+01 2.569630e-05 1.625700e-06 3.574089e-05 4.404945e-05 5.423109e+01 3.620045e+00 
1.393581e+01 2.579301e-05 1.625137e-06 3.569050e-05 4.406509e-05 5.409100e+01 3.605263e+00 
1.498886e+01 2.586885e-05 1.627777e-06 3.563277e-05 4.406292e-05 5.396708e+01 3.600545e+00 
1.656079e+01 2.593835e-05 1.550161e-06 3.551118e-05 4.400278e-05 5.380591e+01 3.420116e+00 
1.814603e+01 2.611206e-05 1.492969e-06 3.538625e-05 4.400290e-05 5.353113e+01 3.272349e+00 
1.987385e+01 2.630577e-05 1.344329e-06 3.531305e-05 4.405466e-05 5.328064e+01 2.925495e+00 
2.076627e+01 2.637863e-05 1.234592e-06 3.531797e-05 4.409893e-05 5.321427e+01 2.679645e+00 
2.268086e+01 2.643791e-05 1.050217e-06 3.544940e-05 4.423489e-05 5.326304e+01 2.274816e+00 
2.414181e+01 2.631789e-05 9.970433e-07 3.558998e-05 4.427496e-05 5.349837e+01 2.169592e+00 
2.592192e+01 2.612664e-05 9.874871e-07 3.559650e-05 4.416659e-05 5.370307e+01 2.164531e+00 
2.778328e+01 2.602937e-05 9.366408e-07 3.559647e-05 4.410798e-05 5.380677e+01 2.060842e+00 
2.946838e+01 2.595973e-05 9.388289e-07 3.555848e-05 4.403629e-05 5.385058e+01 2.071189e+00 
3.086349e+01 2.590486e-05 9.439468e-07 3.552565e-05 4.397755e-05 5.388284e+01 2.086877e+00 
3.223502e+01 2.584786e-05 9.563730e-07 3.546106e-05 4.389207e-05 5.389272e+01 2.118982e+00 
3.356576e+01 2.578166e-05 9.839927e-07 3.536800e-05 4.377850e-05 5.388980e+01 2.185712e+00 
3.433512e+01 2.575741e-05 9.506106e-07 3.530169e-05 4.370992e-05 5.386557e+01 2.113615e+00 
3.557307e+01 2.572333e-05 8.993688e-07 3.517808e-05 4.358894e-05 5.380786e+01 2.002425e+00 
3.699663e+01 2.573602e-05 7.831674e-07 3.502277e-05 4.346897e-05 5.367753e+01 1.743018e+00 
3.857418e+01 2.580092e-05 6.669744e-07 3.493896e-05 4.343804e-05 5.354658e+01 1.480812e+00 
4.049754e+01 2.588437e-05 4.946635e-07 3.499417e-05 4.352973e-05 5.350553e+01 1.094818e+00 
4.175235e+01 2.597306e-05 4.020457e-07 3.504329e-05 4.362102e-05 5.345196e+01 8.868298e-01 
4.308900e+01 2.603772e-05 3.093541e-07 3.517862e-05 4.376750e-05 5.349079e+01 6.806990e-01 
4.429517e+01 2.605753e-05 2.496153e-07 3.532772e-05 4.389881e-05 5.358646e+01 5.488419e-01 
4.546911e+01 2.603467e-05 2.181117e-07 3.548320e-05 4.401034e-05 5.373086e+01 4.799979e-01 
4.687826e+01 2.597361e-05 2.152548e-07 3.566854e-05 4.412391e-05 5.393719e+01 4.748246e-01 
4.777374e+01 2.591482e-05 2.270721e-07 3.579815e-05 4.419431e-05 5.409762e+01 5.020270e-01 
4.890521e+01 2.583802e-05 2.929369e-07 3.594243e-05 4.426677e-05 5.428695e+01 6.495594e-01 
5.000185e+01 2.575365e-05 3.853823e-07 3.610583e-05 4.435121e-05 5.449738e+01 8.573204e-01 
5.179608e+01 2.573039e-05 6.519401e-07 3.616200e-05 4.438657e-05 5.455827e+01 1.451413e+00 
5.308513e+01 2.577829e-05 8.589559e-07 3.614562e-05 4.440454e-05 5.448931e+01 1.908441e+00 
