# 1, 2, 3, 4   , 5   , 6   , 7   , 8   , 9   , 10  
# x, y, z, Bx_si, By_si, Bz_si, In_si, Ic_si, Dc_si, dmeas 
5.071225e+05 4.188573e+06 8.746546e+02 -4.109789e-07 2.436407e-08 1.780435e-06 1.827415e-06 7.698000e+01 1.766073e+02 0.000000e+00 
5.071210e+05 4.188575e+06 8.746546e+02 -4.142155e-07 2.973458e-08 1.768564e-06 1.816667e-06 7.678562e+01 1.758940e+02 2.477177e+00 
5.071199e+05 4.188575e+06 8.746546e+02 -4.154222e-07 3.354220e-08 1.764240e-06 1.812800e-06 7.670844e+01 1.753838e+02 3.817448e+00 
5.071192e+05 4.188576e+06 8.746546e+02 -4.162169e-07 3.587990e-08 1.761415e-06 1.810278e-06 7.665750e+01 1.750730e+02 4.665168e+00 
5.071184e+05 4.188576e+06 8.746546e+02 -4.169476e-07 3.868510e-08 1.758854e-06 1.808013e-06 7.660863e+01 1.746992e+02 5.610641e+00 
5.071176e+05 4.188577e+06 8.746546e+02 -4.182109e-07 4.141364e-08 1.754417e-06 1.804049e-06 7.652908e+01 1.743447e+02 6.749379e+00 
5.071165e+05 4.188579e+06 8.746546e+02 -4.215877e-07 4.483843e-08 1.742705e-06 1.793535e-06 7.632670e+01 1.739291e+02 9.106913e+00 
5.071155e+05 4.188580e+06 8.746546e+02 -4.230498e-07 4.807230e-08 1.737833e-06 1.789230e-06 7.623360e+01 1.735171e+02 1.047578e+01 
5.071148e+05 4.188581e+06 8.746546e+02 -4.243268e-07 5.057180e-08 1.733645e-06 1.785535e-06 7.615308e+01 1.732035e+02 1.161068e+01 
5.071142e+05 4.188582e+06 8.746546e+02 -4.254420e-07 5.249293e-08 1.730039e-06 1.782356e-06 7.608356e+01 1.729661e+02 1.255412e+01 
5.071129e+05 4.188582e+06 8.746546e+02 -4.255311e-07 5.730110e-08 1.729996e-06 1.782483e-06 7.606127e+01 1.723308e+02 1.393581e+01 
5.071118e+05 4.188582e+06 8.746546e+02 -4.256707e-07 6.093969e-08 1.729744e-06 1.782393e-06 7.603939e+01 1.718528e+02 1.498886e+01 
5.071106e+05 4.188583e+06 8.746546e+02 -4.269413e-07 6.521748e-08 1.725904e-06 1.779122e-06 7.595070e+01 1.713149e+02 1.656079e+01 
5.071090e+05 4.188584e+06 8.746546e+02 -4.271684e-07 7.070546e-08 1.725562e-06 1.779055e-06 7.591408e+01 1.706015e+02 1.814603e+01 
5.071074e+05 4.188584e+06 8.746546e+02 -4.275287e-07 7.662862e-08 1.724882e-06 1.778727e-06 7.586622e+01 1.698384e+02 1.987385e+01 
5.071066e+05 4.188585e+06 8.746546e+02 -4.280254e-07 7.935964e-08 1.723559e-06 1.777683e-06 7.582522e+01 1.694961e+02 2.076627e+01 
5.071048e+05 4.188585e+06 8.746546e+02 -4.287081e-07 8.568026e-08 1.722034e-06 1.776663e-06 7.575484e+01 1.686980e+02 2.268086e+01 
5.071038e+05 4.188586e+06 8.746546e+02 -4.300872e-07 8.913807e-08 1.718227e-06 1.773479e-06 7.566066e+01 1.682909e+02 2.414181e+01 
5.071023e+05 4.188587e+06 8.746546e+02 -4.311355e-07 9.446906e-08 1.715752e-06 1.771611e-06 7.557388e+01 1.676409e+02 2.592192e+01 
5.071005e+05 4.188588e+06 8.746546e+02 -4.309194e-07 1.014240e-07 1.717246e-06 1.773390e-06 7.554428e+01 1.667555e+02 2.778328e+01 
5.070990e+05 4.188588e+06 8.746546e+02 -4.315875e-07 1.069518e-07 1.716093e-06 1.772761e-06 7.547403e+01 1.660819e+02 2.946838e+01 
5.070977e+05 4.188589e+06 8.746546e+02 -4.319361e-07 1.118009e-07 1.715831e-06 1.772892e-06 7.542408e+01 1.654882e+02 3.086349e+01 
5.070965e+05 4.188590e+06 8.746546e+02 -4.324135e-07 1.164218e-07 1.715246e-06 1.772739e-06 7.536798e+01 1.649312e+02 3.223502e+01 
5.070955e+05 4.188590e+06 8.746546e+02 -4.333432e-07 1.201624e-07 1.713377e-06 1.771408e-06 7.529379e+01 1.645018e+02 3.356576e+01 
5.070947e+05 4.188590e+06 8.746546e+02 -4.331124e-07 1.232474e-07 1.714536e-06 1.772684e-06 7.528415e+01 1.641156e+02 3.433512e+01 
5.070936e+05 4.188591e+06 8.746546e+02 -4.334453e-07 1.275979e-07 1.714463e-06 1.773003e-06 7.523575e+01 1.635966e+02 3.557307e+01 
5.070923e+05 4.188592e+06 8.746546e+02 -4.339071e-07 1.325211e-07 1.714237e-06 1.773259e-06 7.517589e+01 1.630166e+02 3.699663e+01 
5.070912e+05 4.188593e+06 8.746546e+02 -4.351964e-07 1.365891e-07 1.711871e-06 1.771597e-06 7.508018e+01 1.625752e+02 3.857418e+01 
5.070895e+05 4.188594e+06 8.746546e+02 -4.355262e-07 1.437319e-07 1.712692e-06 1.773036e-06 7.500887e+01 1.617361e+02 4.049754e+01 
5.070885e+05 4.188594e+06 8.746546e+02 -4.362604e-07 1.476021e-07 1.711902e-06 1.772772e-06 7.494223e+01 1.613075e+02 4.175235e+01 
5.070873e+05 4.188595e+06 8.746546e+02 -4.367196e-07 1.523121e-07 1.712052e-06 1.773427e-06 7.488219e+01 1.607731e+02 4.308900e+01 
5.070863e+05 4.188596e+06 8.746546e+02 -4.370953e-07 1.566554e-07 1.712374e-06 1.774209e-06 7.482872e+01 1.602823e+02 4.429517e+01 
5.070852e+05 4.188596e+06 8.746546e+02 -4.371926e-07 1.613050e-07 1.713455e-06 1.775693e-06 7.478551e+01 1.597481e+02 4.546911e+01 
5.070839e+05 4.188597e+06 8.746546e+02 -4.370905e-07 1.672205e-07 1.715384e-06 1.778076e-06 7.474010e+01 1.590643e+02 4.687826e+01 
5.070830e+05 4.188597e+06 8.746546e+02 -4.366966e-07 1.713349e-07 1.717442e-06 1.780356e-06 7.472279e+01 1.585778e+02 4.777374e+01 
5.070819e+05 4.188597e+06 8.746546e+02 -4.364098e-07 1.764202e-07 1.719592e-06 1.782855e-06 7.469091e+01 1.579888e+02 4.890521e+01 
5.070808e+05 4.188597e+06 8.746546e+02 -4.354754e-07 1.818087e-07 1.723215e-06 1.786662e-06 7.468498e+01 1.573397e+02 5.000185e+01 
5.070792e+05 4.188598e+06 8.746546e+02 -4.357798e-07 1.890971e-07 1.724923e-06 1.789140e-06 7.460260e+01 1.565426e+02 5.179608e+01 
5.070780e+05 4.188598e+06 8.746546e+02 -4.356284e-07 1.949597e-07 1.727183e-06 1.791911e-06 7.455318e+01 1.558897e+02 5.308513e+01 
