# 1      , 2      , 3      , 4    , 5     , 6      , 7      , 8      ,                    9              , 10  , 11  , 12  , 13    , 14      
# IGRF_In, IGRF_Ic, IGRF_Dc, dmeas, height, In_siB0, Ic_siB0, Dc_siB0,                    height m (-poh), In_m, Ic_m, Dc_m, min hP, max hP  
4.523725e-05 5.359193e+01 3.342151e+00 0.000000e+00 8.753058e+02 4.561936e-05 5.514779e+01 3.157650e+00 8.738000e+02 4.609239e+01 5.579030e+01 3.359935e+00 8.711786e+02 8.775535e+02 
4.523725e-05 5.359193e+01 3.342151e+00 2.477177e+00 8.750982e+02 4.488374e-05 5.536175e+01 4.049843e+00 8.733000e+02 4.385061e+01 5.301908e+01 9.613884e-01 8.711786e+02 8.775535e+02 
4.523725e-05 5.359193e+01 3.342151e+00 3.817448e+00 8.748505e+02 4.456471e-05 5.518502e+01 4.221398e+00 8.732000e+02 4.424673e+01 5.419575e+01 2.421960e+00 8.711786e+02 8.775535e+02 
4.523725e-05 5.359193e+01 3.342151e+00 4.665168e+00 8.746532e+02 4.442018e-05 5.502292e+01 4.241957e+00 8.729000e+02 4.394237e+01 5.377899e+01 2.111901e+00 8.711786e+02 8.775535e+02 
4.523725e-05 5.359193e+01 3.342151e+00 5.610641e+00 8.744451e+02 4.432195e-05 5.484189e+01 4.245193e+00 8.727000e+02 4.327061e+01 5.238877e+01 3.040076e+00 8.711786e+02 8.775535e+02 
4.523725e-05 5.359193e+01 3.342151e+00 6.749379e+00 8.741317e+02 4.425027e-05 5.464102e+01 4.195028e+00 8.719000e+02 4.489814e+01 4.939828e+01 -2.664016e+00 8.711786e+02 8.775535e+02 
4.523725e-05 5.359193e+01 3.342151e+00 9.106913e+00 8.734646e+02 4.418861e-05 5.443807e+01 3.936408e+00 8.723000e+02 4.565105e+01 5.587013e+01 1.117943e+00 8.711786e+02 8.775535e+02 
4.523725e-05 5.359193e+01 3.342151e+00 1.047578e+01 8.730961e+02 4.415677e-05 5.433275e+01 3.828100e+00 8.723000e+02 4.463171e+01 5.642691e+01 2.542574e+00 8.711786e+02 8.775535e+02 
4.523725e-05 5.359193e+01 3.342151e+00 1.161068e+01 8.728099e+02 4.410817e-05 5.428643e+01 3.717836e+00 8.718000e+02 4.256750e+01 5.490859e+01 5.253358e+00 8.711786e+02 8.775535e+02 
4.523725e-05 5.359193e+01 3.342151e+00 1.255412e+01 8.725473e+02 4.404945e-05 5.423109e+01 3.620045e+00 8.712000e+02 4.208552e+01 5.375972e+01 3.773257e+00 8.711786e+02 8.775535e+02 
4.523725e-05 5.359193e+01 3.342151e+00 1.393581e+01 8.723455e+02 4.406509e-05 5.409100e+01 3.605263e+00 8.702000e+02 4.179374e+01 5.234201e+01 2.602678e+00 8.711786e+02 8.775535e+02 
4.523725e-05 5.359193e+01 3.342151e+00 1.498886e+01 8.721727e+02 4.406292e-05 5.396708e+01 3.600545e+00 8.695000e+02 4.186124e+01 5.091478e+01 6.123326e-01 8.711786e+02 8.775535e+02 
4.523725e-05 5.359193e+01 3.342151e+00 1.656079e+01 8.718041e+02 4.400278e-05 5.380591e+01 3.420116e+00 8.689000e+02 4.214394e+01 5.047510e+01 -1.414138e+00 8.711786e+02 8.775535e+02 
4.523725e-05 5.359193e+01 3.342151e+00 1.814603e+01 8.715230e+02 4.400290e-05 5.353113e+01 3.272349e+00 8.686000e+02 4.358034e+01 5.100803e+01 -1.877846e+00 8.711786e+02 8.775535e+02 
4.523725e-05 5.359193e+01 3.342151e+00 1.987385e+01 8.712865e+02 4.405466e-05 5.328064e+01 2.925495e+00 8.689000e+02 4.398160e+01 5.267646e+01 -2.690290e+00 8.711786e+02 8.775535e+02 
4.523725e-05 5.359193e+01 3.342151e+00 2.076627e+01 8.711786e+02 4.409893e-05 5.321427e+01 2.679645e+00 8.688000e+02 4.408174e+01 5.328795e+01 -4.637153e-01 8.711786e+02 8.775535e+02 
4.523725e-05 5.359193e+01 3.342151e+00 2.268086e+01 8.712223e+02 4.423489e-05 5.326304e+01 2.274816e+00 8.692000e+02 4.481768e+01 5.192469e+01 -1.742296e+00 8.711786e+02 8.775535e+02 
4.523725e-05 5.359193e+01 3.342151e+00 2.414181e+01 8.713154e+02 4.427496e-05 5.349837e+01 2.169592e+00 8.698000e+02 4.474275e+01 5.384494e+01 -5.323261e-01 8.711786e+02 8.775535e+02 
4.523725e-05 5.359193e+01 3.342151e+00 2.592192e+01 8.714958e+02 4.416659e-05 5.370307e+01 2.164531e+00 8.704000e+02 4.410719e+01 5.290400e+01 1.188193e+00 8.711786e+02 8.775535e+02 
4.523725e-05 5.359193e+01 3.342151e+00 2.778328e+01 8.718603e+02 4.410798e-05 5.380677e+01 2.060842e+00 8.710000e+02 4.230306e+01 5.219383e+01 -7.583453e-01 8.711786e+02 8.775535e+02 
4.523725e-05 5.359193e+01 3.342151e+00 2.946838e+01 8.721109e+02 4.403629e-05 5.385058e+01 2.071189e+00 8.711000e+02 4.121695e+01 5.129389e+01 1.284038e+00 8.711786e+02 8.775535e+02 
4.523725e-05 5.359193e+01 3.342151e+00 3.086349e+01 8.723588e+02 4.397755e-05 5.388284e+01 2.086877e+00 8.711000e+02 4.198997e+01 5.086453e+01 -2.190225e+00 8.711786e+02 8.775535e+02 
4.523725e-05 5.359193e+01 3.342151e+00 3.223502e+01 8.725622e+02 4.389207e-05 5.389272e+01 2.118982e+00 8.709000e+02 4.325457e+01 5.424359e+01 -9.742602e-01 8.711786e+02 8.775535e+02 
4.523725e-05 5.359193e+01 3.342151e+00 3.356576e+01 8.726671e+02 4.377850e-05 5.388980e+01 2.185712e+00 8.711000e+02 4.397759e+01 5.031957e+01 nan 8.711786e+02 8.775535e+02 
4.523725e-05 5.359193e+01 3.342151e+00 3.433512e+01 8.728557e+02 4.370992e-05 5.386557e+01 2.113615e+00 8.720000e+02 4.497429e+01 5.402787e+01 -3.692836e+00 8.711786e+02 8.775535e+02 
4.523725e-05 5.359193e+01 3.342151e+00 3.557307e+01 8.730637e+02 4.358894e-05 5.380786e+01 2.002425e+00 8.728000e+02 4.444170e+01 5.369904e+01 -2.577716e+00 8.711786e+02 8.775535e+02 
4.523725e-05 5.359193e+01 3.342151e+00 3.699663e+01 8.732486e+02 4.346897e-05 5.367753e+01 1.743018e+00 8.732000e+02 4.389461e+01 5.460417e+01 -3.013097e+00 8.711786e+02 8.775535e+02 
4.523725e-05 5.359193e+01 3.342151e+00 3.857418e+01 8.733414e+02 4.343804e-05 5.354658e+01 1.480812e+00 8.741000e+02 4.424060e+01 5.477515e+01 -1.103638e+00 8.711786e+02 8.775535e+02 
4.523725e-05 5.359193e+01 3.342151e+00 4.049754e+01 8.738586e+02 4.352973e-05 5.350553e+01 1.094818e+00 8.753000e+02 4.427308e+01 5.426750e+01 -2.934311e+00 8.711786e+02 8.775535e+02 
4.523725e-05 5.359193e+01 3.342151e+00 4.175235e+01 8.740707e+02 4.362102e-05 5.345196e+01 8.868298e-01 8.755000e+02 4.478600e+01 5.414546e+01 -2.559322e+00 8.711786e+02 8.775535e+02 
4.523725e-05 5.359193e+01 3.342151e+00 4.308900e+01 8.744459e+02 4.376750e-05 5.349079e+01 6.806990e-01 8.761000e+02 4.541915e+01 5.432994e+01 -3.991729e+00 8.711786e+02 8.775535e+02 
4.523725e-05 5.359193e+01 3.342151e+00 4.429517e+01 8.748359e+02 4.389881e-05 5.358646e+01 5.488419e-01 8.768000e+02 4.500590e+01 5.469544e+01 -2.345360e+00 8.711786e+02 8.775535e+02 
4.523725e-05 5.359193e+01 3.342151e+00 4.546911e+01 8.752916e+02 4.401034e-05 5.373086e+01 4.799979e-01 8.771000e+02 4.502560e+01 5.456553e+01 -1.522646e+00 8.711786e+02 8.775535e+02 
4.523725e-05 5.359193e+01 3.342151e+00 4.687826e+01 8.758744e+02 4.412391e-05 5.393719e+01 4.748246e-01 8.775000e+02 4.474783e+01 5.336339e+01 -1.701174e+00 8.711786e+02 8.775535e+02 
4.523725e-05 5.359193e+01 3.342151e+00 4.777374e+01 8.762976e+02 4.419431e-05 5.409762e+01 5.020270e-01 8.774000e+02 4.442813e+01 5.482685e+01 -2.006945e+00 8.711786e+02 8.775535e+02 
4.523725e-05 5.359193e+01 3.342151e+00 4.890521e+01 8.767497e+02 4.426677e-05 5.428695e+01 6.495594e-01 8.774000e+02 4.487684e+01 5.492240e+01 -1.597991e+00 8.711786e+02 8.775535e+02 
4.523725e-05 5.359193e+01 3.342151e+00 5.000185e+01 8.772669e+02 4.435121e-05 5.449738e+01 8.573204e-01 8.772000e+02 4.455763e+01 5.420608e+01 -3.274750e-02 8.711786e+02 8.775535e+02 
4.523725e-05 5.359193e+01 3.342151e+00 5.179608e+01 8.774702e+02 4.438657e-05 5.455827e+01 1.451413e+00 8.775000e+02 4.509564e+01 5.636582e+01 -6.658679e-01 8.711786e+02 8.775535e+02 
4.523725e-05 5.359193e+01 3.342151e+00 5.308513e+01 8.775535e+02 4.440454e-05 5.448931e+01 1.908441e+00 8.778000e+02 4.577663e+01 5.662870e+01 5.809237e-01 8.711786e+02 8.775535e+02 
