# 1, 2, 3, 4   , 5   , 6   , 7   , 8   , 9   , 10  
# x, y, z, Bx_si, By_si, Bz_si, In_si, Ic_si, Dc_si, dmeas 
5.071225e+05 4.188573e+06 8.753058e+02 -1.292890e-07 -7.739668e-07 -1.029166e-06 1.294188e-06 5.267617e+01 -1.705165e+02 0.000000e+00 
5.071210e+05 4.188575e+06 8.750982e+02 2.364385e-07 -1.356190e-06 -5.210158e-07 1.471942e-06 2.073003e+01 1.701104e+02 2.477177e+00 
5.071199e+05 4.188575e+06 8.748505e+02 3.075941e-07 -1.429877e-06 -1.802231e-07 1.473649e-06 7.024695e+00 1.678596e+02 3.817448e+00 
5.071192e+05 4.188576e+06 8.746532e+02 3.182196e-07 -1.410050e-06 1.033100e-08 1.445549e-06 -4.094831e-01 1.672826e+02 4.665168e+00 
5.071184e+05 4.188576e+06 8.744451e+02 3.239704e-07 -1.352004e-06 1.712804e-07 1.400788e-06 -7.023374e+00 1.665247e+02 5.610641e+00 
5.071176e+05 4.188577e+06 8.741317e+02 3.079322e-07 -1.265191e-06 3.194358e-07 1.340735e-06 -1.378353e+01 1.663209e+02 6.749379e+00 
5.071165e+05 4.188579e+06 8.734646e+02 1.989395e-07 -1.165402e-06 4.605288e-07 1.268789e-06 -2.128254e+01 1.703127e+02 9.106913e+00 
5.071155e+05 4.188580e+06 8.730961e+02 1.536399e-07 -1.114747e-06 5.336913e-07 1.245429e-06 -2.537368e+01 1.721527e+02 1.047578e+01 
5.071148e+05 4.188581e+06 8.728099e+02 1.042390e-07 -1.110864e-06 5.939787e-07 1.264000e-06 -2.802909e+01 1.746393e+02 1.161068e+01 
5.071142e+05 4.188582e+06 8.725473e+02 6.039954e-08 -1.107802e-06 6.665078e-07 1.294259e-06 -3.099562e+01 1.768792e+02 1.255412e+01 
5.071129e+05 4.188582e+06 8.723455e+02 5.983741e-08 -1.011091e-06 7.169015e-07 1.240900e-06 -3.529084e+01 1.766131e+02 1.393581e+01 
5.071118e+05 4.188582e+06 8.721727e+02 6.247729e-08 -9.352502e-07 7.746318e-07 1.215998e-06 -3.957099e+01 1.761782e+02 1.498886e+01 
5.071106e+05 4.188583e+06 8.718041e+02 -1.513883e-08 -8.657494e-07 8.962215e-07 1.246180e-06 -4.598641e+01 -1.789982e+02 1.656079e+01 
5.071090e+05 4.188584e+06 8.715230e+02 -7.233143e-08 -6.920392e-07 1.021147e-06 1.235675e-06 -5.572952e+01 -1.740332e+02 1.814603e+01 
5.071074e+05 4.188584e+06 8.712865e+02 -2.209715e-07 -4.983259e-07 1.094346e-06 1.222600e-06 -6.352095e+01 -1.560862e+02 1.987385e+01 
5.071066e+05 4.188585e+06 8.711786e+02 -3.307077e-07 -4.254739e-07 1.089426e-06 1.215419e-06 -6.368073e+01 -1.421432e+02 2.076627e+01 
5.071048e+05 4.188585e+06 8.712223e+02 -5.150830e-07 -3.661905e-07 9.580019e-07 1.147682e-06 -5.658750e+01 -1.254104e+02 2.268086e+01 
5.071038e+05 4.188586e+06 8.713154e+02 -5.682567e-07 -4.862133e-07 8.174235e-07 1.107926e-06 -4.754401e+01 -1.305511e+02 2.414181e+01 
5.071023e+05 4.188587e+06 8.714958e+02 -5.778129e-07 -6.774585e-07 8.108953e-07 1.204313e-06 -4.232431e+01 -1.395387e+02 2.592192e+01 
5.071005e+05 4.188588e+06 8.718603e+02 -6.286592e-07 -7.747290e-07 8.109316e-07 1.285701e-06 -3.910407e+01 -1.409422e+02 2.778328e+01 
5.070990e+05 4.188588e+06 8.721109e+02 -6.264711e-07 -8.443681e-07 8.489156e-07 1.351326e-06 -3.891814e+01 -1.434268e+02 2.946838e+01 
5.070977e+05 4.188589e+06 8.723588e+02 -6.213532e-07 -8.992415e-07 8.817484e-07 1.404349e-06 -3.889315e+01 -1.453565e+02 3.086349e+01 
5.070965e+05 4.188590e+06 8.725622e+02 -6.089270e-07 -9.562356e-07 9.463358e-07 1.476729e-06 -3.985390e+01 -1.475112e+02 3.223502e+01 
5.070955e+05 4.188590e+06 8.726671e+02 -5.813073e-07 -1.022442e-06 1.039402e-06 1.569606e-06 -4.146833e+01 -1.503797e+02 3.356576e+01 
5.070947e+05 4.188590e+06 8.728557e+02 -6.146894e-07 -1.046687e-06 1.105709e-06 1.641947e-06 -4.233105e+01 -1.495755e+02 3.433512e+01 
5.070936e+05 4.188591e+06 8.730637e+02 -6.659312e-07 -1.080766e-06 1.229321e-06 1.767130e-06 -4.407978e+01 -1.483600e+02 3.557307e+01 
5.070923e+05 4.188592e+06 8.732486e+02 -7.821326e-07 -1.068076e-06 1.384625e-06 1.915648e-06 -4.628593e+01 -1.437854e+02 3.699663e+01 
5.070912e+05 4.188593e+06 8.733414e+02 -8.983256e-07 -1.003177e-06 1.468441e-06 1.992404e-06 -4.747818e+01 -1.381562e+02 3.857418e+01 
5.070895e+05 4.188594e+06 8.738586e+02 -1.070637e-06 -9.197338e-07 1.413230e-06 1.997346e-06 -4.503624e+01 -1.306643e+02 4.049754e+01 
5.070885e+05 4.188594e+06 8.740707e+02 -1.163254e-06 -8.310438e-07 1.364109e-06 1.976003e-06 -4.365684e+01 -1.255425e+02 4.175235e+01 
5.070873e+05 4.188595e+06 8.744459e+02 -1.255946e-06 -7.663781e-07 1.228785e-06 1.916937e-06 -3.986752e+01 -1.213915e+02 4.308900e+01 
5.070863e+05 4.188596e+06 8.748359e+02 -1.315685e-06 -7.465665e-07 1.079677e-06 1.858518e-06 -3.551628e+01 -1.195721e+02 4.429517e+01 
5.070852e+05 4.188596e+06 8.752916e+02 -1.347188e-06 -7.694253e-07 9.241960e-07 1.805843e-06 -3.078253e+01 -1.197322e+02 4.546911e+01 
5.070839e+05 4.188597e+06 8.758744e+02 -1.350045e-06 -8.304926e-07 7.388585e-07 1.748786e-06 -2.499240e+01 -1.215981e+02 4.687826e+01 
5.070830e+05 4.188597e+06 8.762976e+02 -1.338228e-06 -8.892823e-07 6.092454e-07 1.718388e-06 -2.076554e+01 -1.236049e+02 4.777374e+01 
5.070819e+05 4.188597e+06 8.767497e+02 -1.272363e-06 -9.660850e-07 4.649682e-07 1.663858e-06 -1.622749e+01 -1.272088e+02 4.890521e+01 
5.070808e+05 4.188597e+06 8.772669e+02 -1.179918e-06 -1.050451e-06 3.015694e-07 1.608290e-06 -1.080747e+01 -1.316779e+02 5.000185e+01 
5.070792e+05 4.188598e+06 8.774702e+02 -9.133599e-07 -1.073708e-06 2.454048e-07 1.430839e-06 -9.875692e+00 -1.396135e+02 5.179608e+01 
5.070780e+05 4.188598e+06 8.775535e+02 -7.063441e-07 -1.025815e-06 2.617845e-07 1.272694e-06 -1.187008e+01 -1.454499e+02 5.308513e+01 
