# 1, 2, 3, 4   , 5   , 6   , 7   , 8   , 9   , 10  
# x, y, z, Bx_si, By_si, Bz_si, In_si, Ic_si, Dc_si, dmeas 
5.071448e+05 4.188654e+06 8.525195e+02 -1.080581e-06 5.858980e-07 1.327203e-06 1.808977e-06 -4.719545e+01 -6.153316e+01 0.000000e+00 
5.071460e+05 4.188653e+06 8.520623e+02 -1.092692e-06 5.651502e-07 1.527175e-06 1.961029e-06 -5.114736e+01 -6.265160e+01 1.650468e+00 
5.071465e+05 4.188652e+06 8.518791e+02 -1.101673e-06 5.381776e-07 1.626619e-06 2.036961e-06 -5.299205e+01 -6.396407e+01 2.503941e+00 
5.071474e+05 4.188651e+06 8.515730e+02 -1.104252e-06 5.154187e-07 1.798790e-06 2.172712e-06 -5.588374e+01 -6.497879e+01 3.743976e+00 
5.071476e+05 4.188650e+06 8.515289e+02 -1.095445e-06 4.425854e-07 1.921690e-06 2.255831e-06 -5.841639e+01 -6.800014e+01 4.816273e+00 
5.071493e+05 4.188649e+06 8.509722e+02 -9.386925e-07 3.740836e-07 2.257668e-06 2.473489e-06 -6.588769e+01 -6.827195e+01 6.810512e+00 
5.071502e+05 4.188648e+06 8.507912e+02 -7.738312e-07 2.833831e-07 2.428230e-06 2.564259e-06 -7.125392e+01 -6.988687e+01 7.874717e+00 
5.071509e+05 4.188647e+06 8.508886e+02 -5.301971e-07 1.629997e-07 2.472222e-06 2.533685e-06 -7.735410e+01 -7.291088e+01 8.936297e+00 
5.071520e+05 4.188647e+06 8.511944e+02 -2.291528e-07 -6.487176e-08 2.382119e-06 2.393995e-06 -8.429068e+01 -1.058065e+02 1.038421e+01 
5.071524e+05 4.188646e+06 8.515364e+02 -6.202831e-08 -1.695896e-07 2.297990e-06 2.305074e-06 -8.550690e+01 -1.599097e+02 1.134580e+01 
5.071536e+05 4.188645e+06 8.520526e+02 1.529787e-07 -4.054254e-07 2.075484e-06 2.120238e-06 -7.820699e+01 1.593271e+02 1.281772e+01 
5.071538e+05 4.188644e+06 8.522535e+02 1.993615e-07 -4.636397e-07 1.996312e-06 2.059119e-06 -7.581241e+01 1.567327e+02 1.328312e+01 
5.071551e+05 4.188644e+06 8.525648e+02 2.422344e-07 -6.082347e-07 1.746459e-06 1.865139e-06 -6.945045e+01 1.582847e+02 1.455065e+01 
5.071556e+05 4.188644e+06 8.528600e+02 2.436518e-07 -6.666833e-07 1.590386e-06 1.741597e-06 -6.594811e+01 1.599242e+02 1.535769e+01 
5.071562e+05 4.188643e+06 8.531203e+02 2.227785e-07 -7.061904e-07 1.445188e-06 1.623855e-06 -6.286996e+01 1.624913e+02 1.617860e+01 
5.071570e+05 4.188642e+06 8.534249e+02 1.929268e-07 -7.349737e-07 1.301534e-06 1.507116e-06 -5.972239e+01 1.652920e+02 1.728776e+01 
5.071581e+05 4.188641e+06 8.538419e+02 1.738943e-07 -7.480892e-07 1.134381e-06 1.369926e-06 -5.589998e+01 1.669139e+02 1.886375e+01 
5.071587e+05 4.188640e+06 8.540642e+02 1.833494e-07 -7.263231e-07 1.059410e-06 1.297502e-06 -5.473590e+01 1.658325e+02 1.981264e+01 
5.071595e+05 4.188639e+06 8.544228e+02 2.155418e-07 -7.189253e-07 1.006122e-06 1.255226e-06 -5.327801e+01 1.633107e+02 2.120635e+01 
5.071600e+05 4.188639e+06 8.546433e+02 2.224680e-07 -7.516453e-07 9.466318e-07 1.229054e-06 -5.037289e+01 1.635126e+02 2.201346e+01 
5.071611e+05 4.188637e+06 8.550708e+02 1.795218e-07 -7.957688e-07 7.675998e-07 1.120127e-06 -4.325755e+01 1.672872e+02 2.366982e+01 
5.071619e+05 4.188637e+06 8.552235e+02 1.131849e-07 -7.986508e-07 6.452100e-07 1.032933e-06 -3.865569e+01 1.719337e+02 2.455453e+01 
5.071629e+05 4.188637e+06 8.552071e+02 3.425232e-09 -8.239400e-07 5.207439e-07 9.747117e-07 -3.229335e+01 1.797618e+02 2.559228e+01 
5.071637e+05 4.188637e+06 8.552914e+02 -8.990985e-08 -8.087378e-07 4.460879e-07 9.279736e-07 -2.873190e+01 -1.736563e+02 2.656489e+01 
5.071643e+05 4.188636e+06 8.553941e+02 -1.426724e-07 -7.698663e-07 4.273015e-07 8.919844e-07 -2.862311e+01 -1.695010e+02 2.741550e+01 
5.071649e+05 4.188636e+06 8.554270e+02 -1.969465e-07 -7.752031e-07 4.040052e-07 8.960736e-07 -2.679898e+01 -1.657451e+02 2.807810e+01 
5.071660e+05 4.188635e+06 8.555320e+02 -2.920047e-07 -8.008518e-07 3.636049e-07 9.267356e-07 -2.310082e+01 -1.599673e+02 2.937698e+01 
5.071664e+05 4.188635e+06 8.556110e+02 -3.152766e-07 -7.899030e-07 3.597254e-07 9.234438e-07 -2.292636e+01 -1.582414e+02 3.000018e+01 
5.071679e+05 4.188634e+06 8.556820e+02 -4.700150e-07 -8.397584e-07 3.199421e-07 1.014136e-06 -1.838994e+01 -1.507641e+02 3.162608e+01 
5.071686e+05 4.188634e+06 8.556665e+02 -5.973073e-07 -8.929565e-07 3.237402e-07 1.122032e-06 -1.676999e+01 -1.462210e+02 3.234234e+01 
5.071697e+05 4.188633e+06 8.556034e+02 -7.546921e-07 -9.790942e-07 3.831378e-07 1.294210e-06 -1.721990e+01 -1.423747e+02 3.348504e+01 
5.071707e+05 4.188633e+06 8.555700e+02 -9.070684e-07 -1.025262e-06 4.670175e-07 1.446389e-06 -1.883750e+01 -1.385002e+02 3.456125e+01 
5.071713e+05 4.188632e+06 8.554887e+02 -9.741197e-07 -1.020055e-06 5.582585e-07 1.516929e-06 -2.159349e+01 -1.363196e+02 3.541553e+01 
5.071717e+05 4.188632e+06 8.554243e+02 -9.926972e-07 -1.032389e-06 6.250749e-07 1.562688e-06 -2.357817e+01 -1.361228e+02 3.579182e+01 
5.071723e+05 4.188632e+06 8.552694e+02 -1.021815e-06 -1.066190e-06 7.382825e-07 1.651039e-06 -2.656177e+01 -1.362175e+02 3.639982e+01 
5.071733e+05 4.188632e+06 8.550559e+02 -1.030405e-06 -1.089917e-06 8.846537e-07 1.741340e-06 -3.053272e+01 -1.366077e+02 3.755832e+01 
5.071733e+05 4.188631e+06 8.552221e+02 -1.006888e-06 -1.086577e-06 8.333245e-07 1.699677e-06 -2.935925e+01 -1.371799e+02 3.804826e+01 
5.071728e+05 4.188629e+06 8.559318e+02 -9.110976e-07 -1.113915e-06 6.335284e-07 1.572343e-06 -2.376084e+01 -1.407194e+02 3.994679e+01 
5.071731e+05 4.188628e+06 8.561507e+02 -9.380555e-07 -1.120778e-06 5.922732e-07 1.576984e-06 -2.205975e+01 -1.400717e+02 4.105490e+01 
5.071734e+05 4.188628e+06 8.560871e+02 -9.694092e-07 -1.114789e-06 6.225908e-07 1.603162e-06 -2.285199e+01 -1.389901e+02 4.144411e+01 
5.071741e+05 4.188627e+06 8.560794e+02 -1.030788e-06 -1.086409e-06 6.431965e-07 1.629880e-06 -2.324278e+01 -1.365049e+02 4.261175e+01 
5.071750e+05 4.188626e+06 8.558862e+02 -1.094516e-06 -1.007519e-06 7.217386e-07 1.653471e-06 -2.588072e+01 -1.326300e+02 4.382116e+01 
5.071754e+05 4.188626e+06 8.558790e+02 -1.110837e-06 -9.603646e-07 7.684941e-07 1.657360e-06 -2.762520e+01 -1.308448e+02 4.463619e+01 
5.071764e+05 4.188624e+06 8.556496e+02 -1.094709e-06 -8.679641e-07 9.187400e-07 1.672075e-06 -3.333006e+01 -1.284099e+02 4.626456e+01 
5.071769e+05 4.188623e+06 8.556186e+02 -1.054802e-06 -8.236960e-07 1.023341e-06 1.684728e-06 -3.740334e+01 -1.279863e+02 4.754309e+01 
5.071772e+05 4.188622e+06 8.556721e+02 -1.005953e-06 -8.157371e-07 1.080815e-06 1.686870e-06 -3.984571e+01 -1.290389e+02 4.852256e+01 
5.071780e+05 4.188621e+06 8.556023e+02 -8.614915e-07 -8.714141e-07 1.198716e-06 1.714191e-06 -4.437005e+01 -1.353281e+02 4.988900e+01 
5.071782e+05 4.188620e+06 8.558069e+02 -7.378114e-07 -9.506391e-07 1.174719e-06 1.681679e-06 -4.430993e+01 -1.421842e+02 5.093505e+01 
5.071791e+05 4.188620e+06 8.557475e+02 -6.176423e-07 -1.071825e-06 1.172216e-06 1.704225e-06 -4.345855e+01 -1.500472e+02 5.192119e+01 
5.071796e+05 4.188619e+06 8.558943e+02 -5.269638e-07 -1.138961e-06 1.053886e-06 1.638780e-06 -4.002276e+01 -1.551714e+02 5.282486e+01 
5.071802e+05 4.188619e+06 8.559495e+02 -4.793371e-07 -1.161832e-06 9.824764e-07 1.595267e-06 -3.801512e+01 -1.575804e+02 5.352931e+01 
5.071806e+05 4.188618e+06 8.560389e+02 -4.393746e-07 -1.159063e-06 9.230199e-07 1.545459e-06 -3.667294e+01 -1.592394e+02 5.422936e+01 
5.071814e+05 4.188617e+06 8.561080e+02 -3.818873e-07 -1.183785e-06 8.667162e-07 1.516041e-06 -3.486864e+01 -1.621204e+02 5.536027e+01 
5.071822e+05 4.188617e+06 8.562236e+02 -3.252234e-07 -1.204331e-06 7.989531e-07 1.481387e-06 -3.263788e+01 -1.648880e+02 5.645437e+01 
5.071828e+05 4.188616e+06 8.562919e+02 -2.884863e-07 -1.227635e-06 7.360864e-07 1.460184e-06 -3.027198e+01 -1.667758e+02 5.727498e+01 
