# 1, 2, 3, 4   , 5   , 6   , 7   , 8   , 9   , 10  
# x, y, z, Bx_si, By_si, Bz_si, In_si, Ic_si, Dc_si, dmeas 
5.071448e+05 4.188654e+06 8.554827e+02 -4.688234e-07 -2.055777e-08 1.209079e-06 1.296954e-06 6.878752e+01 -1.774892e+02 0.000000e+00 
5.071460e+05 4.188653e+06 8.554827e+02 -4.645116e-07 -2.248836e-08 1.209829e-06 1.296134e-06 6.897335e+01 -1.772283e+02 1.650468e+00 
5.071465e+05 4.188652e+06 8.554827e+02 -4.620841e-07 -2.340344e-08 1.210180e-06 1.295610e-06 6.907714e+01 -1.771006e+02 2.503941e+00 
5.071474e+05 4.188651e+06 8.554827e+02 -4.587724e-07 -2.483827e-08 1.210819e-06 1.295057e-06 6.922080e+01 -1.769010e+02 3.743976e+00 
5.071476e+05 4.188650e+06 8.554827e+02 -4.553345e-07 -2.553976e-08 1.211008e-06 1.294033e-06 6.936427e+01 -1.767896e+02 4.816273e+00 
5.071493e+05 4.188649e+06 8.554827e+02 -4.514276e-07 -2.837462e-08 1.212660e-06 1.294271e-06 6.954464e+01 -1.764034e+02 6.810512e+00 
5.071502e+05 4.188648e+06 8.554827e+02 -4.493106e-07 -2.991408e-08 1.213614e-06 1.294462e-06 6.964288e+01 -1.761910e+02 7.874717e+00 
5.071509e+05 4.188647e+06 8.554827e+02 -4.465696e-07 -3.120476e-08 1.214382e-06 1.294265e-06 6.976457e+01 -1.760029e+02 8.936297e+00 
5.071520e+05 4.188647e+06 8.554827e+02 -4.435245e-07 -3.330839e-08 1.215783e-06 1.294585e-06 6.990581e+01 -1.757052e+02 1.038421e+01 
5.071524e+05 4.188646e+06 8.554827e+02 -4.408280e-07 -3.423791e-08 1.216360e-06 1.294231e-06 7.002343e+01 -1.755589e+02 1.134580e+01 
5.071536e+05 4.188645e+06 8.554827e+02 -4.380381e-07 -3.653311e-08 1.218024e-06 1.294911e-06 7.015656e+01 -1.752325e+02 1.281772e+01 
5.071538e+05 4.188644e+06 8.554827e+02 -4.368253e-07 -3.707079e-08 1.218404e-06 1.294874e-06 7.021070e+01 -1.751493e+02 1.328312e+01 
5.071551e+05 4.188644e+06 8.554827e+02 -4.355573e-07 -3.927988e-08 1.220131e-06 1.296138e-06 7.028107e+01 -1.748468e+02 1.455065e+01 
5.071556e+05 4.188644e+06 8.554827e+02 -4.336746e-07 -4.041790e-08 1.221001e-06 1.296360e-06 7.036773e+01 -1.746755e+02 1.535769e+01 
5.071562e+05 4.188643e+06 8.554827e+02 -4.319893e-07 -4.171317e-08 1.222026e-06 1.296805e-06 7.044767e+01 -1.744846e+02 1.617860e+01 
5.071570e+05 4.188642e+06 8.554827e+02 -4.296025e-07 -4.342078e-08 1.223405e-06 1.297368e-06 7.055992e+01 -1.742286e+02 1.728776e+01 
5.071581e+05 4.188641e+06 8.554827e+02 -4.261566e-07 -4.582765e-08 1.225412e-06 1.298208e-06 7.072164e+01 -1.738622e+02 1.886375e+01 
5.071587e+05 4.188640e+06 8.554827e+02 -4.241090e-07 -4.730121e-08 1.226677e-06 1.298785e-06 7.081815e+01 -1.736361e+02 1.981264e+01 
5.071595e+05 4.188639e+06 8.554827e+02 -4.208793e-07 -4.922536e-08 1.228383e-06 1.299418e-06 7.096739e+01 -1.733291e+02 2.120635e+01 
5.071600e+05 4.188639e+06 8.554827e+02 -4.191227e-07 -5.045223e-08 1.229495e-06 1.299949e-06 7.105003e+01 -1.731360e+02 2.201346e+01 
5.071611e+05 4.188637e+06 8.554827e+02 -4.156665e-07 -5.310484e-08 1.231954e-06 1.301272e-06 7.121443e+01 -1.727194e+02 2.366982e+01 
5.071619e+05 4.188637e+06 8.554827e+02 -4.142969e-07 -5.482797e-08 1.233544e-06 1.302413e-06 7.128427e+01 -1.724613e+02 2.455453e+01 
5.071629e+05 4.188637e+06 8.554827e+02 -4.142813e-07 -5.681380e-08 1.235323e-06 1.304178e-06 7.129895e+01 -1.721913e+02 2.559228e+01 
5.071637e+05 4.188637e+06 8.554827e+02 -4.128778e-07 -5.880933e-08 1.237203e-06 1.305602e-06 7.137170e+01 -1.718935e+02 2.656489e+01 
5.071643e+05 4.188636e+06 8.554827e+02 -4.111839e-07 -6.031780e-08 1.238673e-06 1.306530e-06 7.145299e+01 -1.716546e+02 2.741550e+01 
5.071649e+05 4.188636e+06 8.554827e+02 -4.102955e-07 -6.173229e-08 1.240028e-06 1.307602e-06 7.149975e+01 -1.714436e+02 2.807810e+01 
5.071660e+05 4.188635e+06 8.554827e+02 -4.082461e-07 -6.445609e-08 1.242688e-06 1.309616e-06 7.160349e+01 -1.710279e+02 2.937698e+01 
5.071664e+05 4.188635e+06 8.554827e+02 -4.069810e-07 -6.554878e-08 1.243798e-06 1.310329e-06 7.166350e+01 -1.708505e+02 3.000018e+01 
5.071679e+05 4.188634e+06 8.554827e+02 -4.046644e-07 -6.917186e-08 1.247392e-06 1.313212e-06 7.178291e+01 -1.702998e+02 3.162608e+01 
5.071686e+05 4.188634e+06 8.554827e+02 -4.040163e-07 -7.085219e-08 1.249046e-06 1.314673e-06 7.182001e+01 -1.700532e+02 3.234234e+01 
5.071697e+05 4.188633e+06 8.554827e+02 -4.026647e-07 -7.356940e-08 1.251767e-06 1.316993e-06 7.189215e+01 -1.696459e+02 3.348504e+01 
5.071707e+05 4.188633e+06 8.554827e+02 -4.012222e-07 -7.615167e-08 1.254390e-06 1.319194e-06 7.196658e+01 -1.692531e+02 3.456125e+01 
5.071713e+05 4.188632e+06 8.554827e+02 -3.997529e-07 -7.806903e-08 1.256386e-06 1.320758e-06 7.203794e+01 -1.689496e+02 3.541553e+01 
5.071717e+05 4.188632e+06 8.554827e+02 -3.992830e-07 -7.900715e-08 1.257346e-06 1.321585e-06 7.206233e+01 -1.688073e+02 3.579182e+01 
5.071723e+05 4.188632e+06 8.554827e+02 -3.988713e-07 -8.052970e-08 1.258880e-06 1.323013e-06 7.208714e+01 -1.685858e+02 3.639982e+01 
5.071733e+05 4.188632e+06 8.554827e+02 -3.972962e-07 -8.346731e-08 1.261925e-06 1.325619e-06 7.216668e+01 -1.681354e+02 3.755832e+01 
5.071733e+05 4.188631e+06 8.554827e+02 -3.963454e-07 -8.364060e-08 1.262185e-06 1.325593e-06 7.220694e+01 -1.680837e+02 3.804826e+01 
5.071728e+05 4.188629e+06 8.554827e+02 -3.930305e-07 -8.353794e-08 1.262529e-06 1.324926e-06 7.234589e+01 -1.680005e+02 3.994679e+01 
5.071731e+05 4.188628e+06 8.554827e+02 -3.908695e-07 -8.483312e-08 1.264165e-06 1.325929e-06 7.244314e+01 -1.677546e+02 4.105490e+01 
5.071734e+05 4.188628e+06 8.554827e+02 -3.903124e-07 -8.581500e-08 1.265211e-06 1.326826e-06 7.247053e+01 -1.676001e+02 4.144411e+01 
5.071741e+05 4.188627e+06 8.554827e+02 -3.882229e-07 -8.820583e-08 1.267938e-06 1.328971e-06 7.256834e+01 -1.671995e+02 4.261175e+01 
5.071750e+05 4.188626e+06 8.554827e+02 -3.862685e-07 -9.108944e-08 1.271142e-06 1.331654e-06 7.266110e+01 -1.667310e+02 4.382116e+01 
5.071754e+05 4.188626e+06 8.554827e+02 -3.847892e-07 -9.244268e-08 1.272818e-06 1.332919e-06 7.272876e+01 -1.664911e+02 4.463619e+01 
5.071764e+05 4.188624e+06 8.554827e+02 -3.820473e-07 -9.601694e-08 1.276998e-06 1.336377e-06 7.285606e+01 -1.658925e+02 4.626456e+01 
5.071769e+05 4.188623e+06 8.554827e+02 -3.798451e-07 -9.822082e-08 1.279819e-06 1.338606e-06 7.295667e+01 -1.655020e+02 4.754309e+01 
5.071772e+05 4.188622e+06 8.554827e+02 -3.782049e-07 -9.955415e-08 1.281701e-06 1.340040e-06 7.303136e+01 -1.652527e+02 4.852256e+01 
5.071780e+05 4.188621e+06 8.554827e+02 -3.760431e-07 -1.026338e-07 1.285451e-06 1.343253e-06 7.313071e+01 -1.647340e+02 4.988900e+01 
5.071782e+05 4.188620e+06 8.554827e+02 -3.744128e-07 -1.037918e-07 1.287310e-06 1.344666e-06 7.320527e+01 -1.645060e+02 5.093505e+01 
5.071791e+05 4.188620e+06 8.554827e+02 -3.732898e-07 -1.067537e-07 1.290524e-06 1.347663e-06 7.325607e+01 -1.640405e+02 5.192119e+01 
5.071796e+05 4.188619e+06 8.554827e+02 -3.719248e-07 -1.088739e-07 1.293162e-06 1.349981e-06 7.331766e+01 -1.636836e+02 5.282486e+01 
5.071802e+05 4.188619e+06 8.554827e+02 -3.709409e-07 -1.108045e-07 1.295435e-06 1.352045e-06 7.336139e+01 -1.633685e+02 5.352931e+01 
5.071806e+05 4.188618e+06 8.554827e+02 -3.698971e-07 -1.124143e-07 1.297488e-06 1.353860e-06 7.340796e+01 -1.630956e+02 5.422936e+01 
5.071814e+05 4.188617e+06 8.554827e+02 -3.683598e-07 -1.156312e-07 1.301278e-06 1.357345e-06 7.347466e+01 -1.625725e+02 5.536027e+01 
5.071822e+05 4.188617e+06 8.554827e+02 -3.668262e-07 -1.185820e-07 1.304885e-06 1.360642e-06 7.354069e+01 -1.620858e+02 5.645437e+01 
5.071828e+05 4.188616e+06 8.554827e+02 -3.657402e-07 -1.210196e-07 1.307762e-06 1.363324e-06 7.358601e+01 -1.616912e+02 5.727498e+01 
