# 1    , 2      , 3      , 4      , 5      , 6      , 7       
# dmeas, Bx_siB0, By_siB0, Bz_siB0, In_siB0, Ic_siB0, Dc_siB0 
0.000000e+00 2.739000e-05 4.847194e-07 3.508020e-05 4.450918e-05 5.201356e+01 1.013855e+00 
1.650468e+00 2.736925e-05 4.726075e-07 3.488023e-05 4.433880e-05 5.187586e+01 9.892754e-01 
2.503941e+00 2.734228e-05 4.636266e-07 3.478078e-05 4.424384e-05 5.182398e+01 9.714370e-01 
3.743976e+00 2.731952e-05 4.610484e-07 3.460861e-05 4.409450e-05 5.170900e+01 9.668405e-01 
4.816273e+00 2.724669e-05 4.698552e-07 3.448571e-05 4.395301e-05 5.168408e+01 9.879385e-01 
6.810512e+00 2.717818e-05 6.266075e-07 3.414973e-05 4.364918e-05 5.147793e+01 1.320751e+00 
7.874717e+00 2.708748e-05 7.914688e-07 3.397917e-05 4.346196e-05 5.142696e+01 1.673648e+00 
8.936297e+00 2.696710e-05 1.035103e-06 3.393518e-05 4.335772e-05 5.150652e+01 2.198157e+00 
1.038421e+01 2.673923e-05 1.336147e-06 3.402528e-05 4.329540e-05 5.180277e+01 2.860665e+00 
1.134580e+01 2.663451e-05 1.503272e-06 3.410941e-05 4.330253e-05 5.197111e+01 3.230389e+00 
1.281772e+01 2.639867e-05 1.718279e-06 3.433192e-05 4.334193e-05 5.238387e+01 3.724105e+00 
1.328312e+01 2.634046e-05 1.764661e-06 3.441109e-05 4.337115e-05 5.250529e+01 3.832765e+00 
1.455065e+01 2.619587e-05 1.807534e-06 3.466094e-05 4.348415e-05 5.285346e+01 3.947196e+00 
1.535769e+01 2.613742e-05 1.808952e-06 3.481701e-05 4.357363e-05 5.303840e+01 3.959087e+00 
1.617860e+01 2.609791e-05 1.788078e-06 3.496221e-05 4.366525e-05 5.319578e+01 3.919452e+00 
1.728776e+01 2.606913e-05 1.758227e-06 3.510587e-05 4.376200e-05 5.334068e+01 3.858459e+00 
1.886375e+01 2.605601e-05 1.739194e-06 3.527302e-05 4.388766e-05 5.348601e+01 3.818731e+00 
1.981264e+01 2.607778e-05 1.748649e-06 3.534799e-05 4.396122e-05 5.352074e+01 3.836235e+00 
2.120635e+01 2.608517e-05 1.780842e-06 3.540128e-05 4.400975e-05 5.355199e+01 3.905538e+00 
2.201346e+01 2.605245e-05 1.787768e-06 3.546077e-05 4.403854e-05 5.363164e+01 3.925589e+00 
2.366982e+01 2.600833e-05 1.744822e-06 3.563980e-05 4.415510e-05 5.381843e+01 3.838053e+00 
2.455453e+01 2.600545e-05 1.678485e-06 3.576219e-05 4.424969e-05 5.391954e+01 3.692953e+00 
2.559228e+01 2.598016e-05 1.568725e-06 3.588666e-05 4.433150e-05 5.404779e+01 3.455419e+00 
2.656489e+01 2.599536e-05 1.475390e-06 3.596131e-05 4.439765e-05 5.409420e+01 3.248389e+00 
2.741550e+01 2.603423e-05 1.422628e-06 3.598010e-05 4.443391e-05 5.407093e+01 3.127788e+00 
2.807810e+01 2.602890e-05 1.368354e-06 3.600339e-05 4.444795e-05 5.409715e+01 3.009301e+00 
2.937698e+01 2.600325e-05 1.273295e-06 3.604380e-05 4.446285e-05 5.415945e+01 2.803351e+00 
3.000018e+01 2.601420e-05 1.250023e-06 3.604767e-05 4.447174e-05 5.415213e+01 2.751037e+00 
3.162608e+01 2.596434e-05 1.095285e-06 3.608746e-05 4.447079e-05 5.424145e+01 2.415544e+00 
3.234234e+01 2.591114e-05 9.679927e-07 3.608366e-05 4.443371e-05 5.429950e+01 2.139470e+00 
3.348504e+01 2.582501e-05 8.106079e-07 3.602426e-05 4.433210e-05 5.435073e+01 1.797838e+00 
3.456125e+01 2.577884e-05 6.582316e-07 3.594038e-05 4.423452e-05 5.434054e+01 1.462661e+00 
3.541553e+01 2.578405e-05 5.911803e-07 3.584914e-05 4.416251e-05 5.426776e+01 1.313456e+00 
3.579182e+01 2.577171e-05 5.726028e-07 3.578233e-05 4.410084e-05 5.423051e+01 1.272804e+00 
3.639982e+01 2.573791e-05 5.434845e-07 3.566912e-05 4.398888e-05 5.418070e+01 1.209684e+00 
3.755832e+01 2.571418e-05 5.348951e-07 3.552275e-05 4.385625e-05 5.409411e+01 1.191670e+00 
3.804826e+01 2.571752e-05 5.584121e-07 3.557408e-05 4.390009e-05 5.412934e+01 1.243885e+00 
3.994679e+01 2.569019e-05 6.542024e-07 3.577387e-05 4.404751e-05 5.430805e+01 1.458726e+00 
4.105490e+01 2.568332e-05 6.272445e-07 3.581513e-05 4.407664e-05 5.434729e+01 1.399014e+00 
4.144411e+01 2.568931e-05 5.958908e-07 3.578481e-05 4.405506e-05 5.431877e+01 1.328798e+00 
4.261175e+01 2.571769e-05 5.345124e-07 3.576420e-05 4.405410e-05 5.427459e+01 1.190655e+00 
4.382116e+01 2.579658e-05 4.707836e-07 3.568566e-05 4.403580e-05 5.413292e+01 1.045523e+00 
4.463619e+01 2.584374e-05 4.544631e-07 3.563891e-05 4.402541e-05 5.404785e+01 1.007445e+00 
4.626456e+01 2.593614e-05 4.705908e-07 3.548866e-05 4.395850e-05 5.383510e+01 1.039473e+00 
4.754309e+01 2.598040e-05 5.104982e-07 3.538406e-05 4.390072e-05 5.370711e+01 1.125680e+00 
4.852256e+01 2.598836e-05 5.593470e-07 3.532658e-05 4.385972e-05 5.365323e+01 1.232986e+00 
4.988900e+01 2.593269e-05 7.038085e-07 3.520868e-05 4.373387e-05 5.361671e+01 1.554616e+00 
5.093505e+01 2.585346e-05 8.274886e-07 3.523268e-05 4.370844e-05 5.371508e+01 1.833233e+00 
5.192119e+01 2.573227e-05 9.476577e-07 3.523518e-05 4.364134e-05 5.384083e+01 2.109112e+00 
5.282486e+01 2.566514e-05 1.038336e-06 3.535351e-05 4.369952e-05 5.399968e+01 2.316756e+00 
5.352931e+01 2.564227e-05 1.085963e-06 3.542492e-05 4.374506e-05 5.407678e+01 2.425056e+00 
5.422936e+01 2.564504e-05 1.125925e-06 3.548438e-05 4.379585e-05 5.411766e+01 2.513912e+00 
5.536027e+01 2.562032e-05 1.183413e-06 3.554068e-05 4.382854e-05 5.418422e+01 2.644635e+00 
5.645437e+01 2.559977e-05 1.240077e-06 3.560845e-05 4.387308e-05 5.425490e+01 2.773293e+00 
5.727498e+01 2.557646e-05 1.276814e-06 3.567131e-05 4.391160e-05 5.432556e+01 2.857915e+00 
