# 1      , 2      , 3      , 4    , 5     , 6      , 7      , 8      ,                    9              , 10  , 11  , 12  , 13    , 14      
# IGRF_In, IGRF_Ic, IGRF_Dc, dmeas, height, In_siB0, Ic_siB0, Dc_siB0,                    height m (-poh), In_m, Ic_m, Dc_m, min hP, max hP  
4.523725e-05 5.359193e+01 3.342151e+00 0.000000e+00 8.525195e+02 4.450918e-05 5.201356e+01 1.013855e+00 8.551000e+02 4.567175e+01 5.578613e+01 1.048038e-01 8.507912e+02 8.562919e+02 
4.523725e-05 5.359193e+01 3.342151e+00 1.650468e+00 8.520623e+02 4.433880e-05 5.187586e+01 9.892754e-01 8.541000e+02 4.636495e+01 5.714293e+01 -9.486531e-01 8.507912e+02 8.562919e+02 
4.523725e-05 5.359193e+01 3.342151e+00 2.503941e+00 8.518791e+02 4.424384e-05 5.182398e+01 9.714370e-01 8.539000e+02 4.610607e+01 5.610073e+01 -6.506349e+00 8.507912e+02 8.562919e+02 
4.523725e-05 5.359193e+01 3.342151e+00 3.743976e+00 8.515730e+02 4.409450e-05 5.170900e+01 9.668405e-01 8.535000e+02 4.646755e+01 5.482306e+01 -6.086381e+00 8.507912e+02 8.562919e+02 
4.523725e-05 5.359193e+01 3.342151e+00 4.816273e+00 8.515289e+02 4.395301e-05 5.168408e+01 9.879385e-01 8.532000e+02 4.630623e+01 5.347398e+01 -6.127240e+00 8.507912e+02 8.562919e+02 
4.523725e-05 5.359193e+01 3.342151e+00 6.810512e+00 8.509722e+02 4.364918e-05 5.147793e+01 1.320751e+00 8.519000e+02 4.584637e+01 5.328785e+01 -5.624444e+00 8.507912e+02 8.562919e+02 
4.523725e-05 5.359193e+01 3.342151e+00 7.874717e+00 8.507912e+02 4.346196e-05 5.142696e+01 1.673648e+00 8.515000e+02 4.584112e+01 5.195315e+01 -6.309194e+00 8.507912e+02 8.562919e+02 
4.523725e-05 5.359193e+01 3.342151e+00 8.936297e+00 8.508886e+02 4.335772e-05 5.150652e+01 2.198157e+00 8.513000e+02 4.554178e+01 5.186861e+01 -6.083321e+00 8.507912e+02 8.562919e+02 
4.523725e-05 5.359193e+01 3.342151e+00 1.038421e+01 8.511944e+02 4.329540e-05 5.180277e+01 2.860665e+00 8.506000e+02 4.551566e+01 5.123036e+01 -5.972443e+00 8.507912e+02 8.562919e+02 
4.523725e-05 5.359193e+01 3.342151e+00 1.134580e+01 8.515364e+02 4.330253e-05 5.197111e+01 3.230389e+00 8.502000e+02 4.543361e+01 5.017672e+01 -6.136413e+00 8.507912e+02 8.562919e+02 
4.523725e-05 5.359193e+01 3.342151e+00 1.281772e+01 8.520526e+02 4.334193e-05 5.238387e+01 3.724105e+00 8.492000e+02 4.544401e+01 4.818373e+01 nan 8.507912e+02 8.562919e+02 
4.523725e-05 5.359193e+01 3.342151e+00 1.328312e+01 8.522535e+02 4.337115e-05 5.250529e+01 3.832765e+00 8.486000e+02 4.595076e+01 5.034436e+01 nan 8.507912e+02 8.562919e+02 
4.523725e-05 5.359193e+01 3.342151e+00 1.455065e+01 8.525648e+02 4.348415e-05 5.285346e+01 3.947196e+00 8.487000e+02 4.343402e+01 4.699056e+01 nan 8.507912e+02 8.562919e+02 
4.523725e-05 5.359193e+01 3.342151e+00 1.535769e+01 8.528600e+02 4.357363e-05 5.303840e+01 3.959087e+00 8.486000e+02 4.269530e+01 4.776427e+01 -9.916812e-01 8.507912e+02 8.562919e+02 
4.523725e-05 5.359193e+01 3.342151e+00 1.617860e+01 8.531203e+02 4.366525e-05 5.319578e+01 3.919452e+00 8.488000e+02 4.372109e+01 4.902389e+01 1.493363e+00 8.507912e+02 8.562919e+02 
4.523725e-05 5.359193e+01 3.342151e+00 1.728776e+01 8.534249e+02 4.376200e-05 5.334068e+01 3.858459e+00 8.497000e+02 4.437007e+01 5.050700e+01 6.310629e-01 8.507912e+02 8.562919e+02 
4.523725e-05 5.359193e+01 3.342151e+00 1.886375e+01 8.538419e+02 4.388766e-05 5.348601e+01 3.818731e+00 8.501000e+02 4.371848e+01 5.011806e+01 1.603637e-01 8.507912e+02 8.562919e+02 
4.523725e-05 5.359193e+01 3.342151e+00 1.981264e+01 8.540642e+02 4.396122e-05 5.352074e+01 3.836235e+00 8.506000e+02 4.322489e+01 5.063663e+01 1.138904e+00 8.507912e+02 8.562919e+02 
4.523725e-05 5.359193e+01 3.342151e+00 2.120635e+01 8.544228e+02 4.400975e-05 5.355199e+01 3.905538e+00 8.510000e+02 4.377859e+01 5.079915e+01 2.098190e+00 8.507912e+02 8.562919e+02 
4.523725e-05 5.359193e+01 3.342151e+00 2.201346e+01 8.546433e+02 4.403854e-05 5.363164e+01 3.925589e+00 8.508000e+02 4.376748e+01 5.085733e+01 1.196182e+00 8.507912e+02 8.562919e+02 
4.523725e-05 5.359193e+01 3.342151e+00 2.366982e+01 8.550708e+02 4.415510e-05 5.381843e+01 3.838053e+00 8.501000e+02 4.349146e+01 5.052424e+01 3.587370e+00 8.507912e+02 8.562919e+02 
4.523725e-05 5.359193e+01 3.342151e+00 2.455453e+01 8.552235e+02 4.424969e-05 5.391954e+01 3.692953e+00 8.506000e+02 4.377273e+01 5.163707e+01 1.411592e+00 8.507912e+02 8.562919e+02 
4.523725e-05 5.359193e+01 3.342151e+00 2.559228e+01 8.552071e+02 4.433150e-05 5.404779e+01 3.455419e+00 8.509000e+02 4.420457e+01 5.260003e+01 3.996587e+00 8.507912e+02 8.562919e+02 
4.523725e-05 5.359193e+01 3.342151e+00 2.656489e+01 8.552914e+02 4.439765e-05 5.409420e+01 3.248389e+00 8.512000e+02 4.434435e+01 5.248104e+01 3.067637e-01 8.507912e+02 8.562919e+02 
4.523725e-05 5.359193e+01 3.342151e+00 2.741550e+01 8.553941e+02 4.443391e-05 5.407093e+01 3.127788e+00 8.521000e+02 4.395387e+01 5.095630e+01 2.174441e-01 8.507912e+02 8.562919e+02 
4.523725e-05 5.359193e+01 3.342151e+00 2.807810e+01 8.554270e+02 4.444795e-05 5.409715e+01 3.009301e+00 8.526000e+02 4.368828e+01 5.016099e+01 7.858698e-01 8.507912e+02 8.562919e+02 
4.523725e-05 5.359193e+01 3.342151e+00 2.937698e+01 8.555320e+02 4.446285e-05 5.415945e+01 2.803351e+00 8.531000e+02 4.280692e+01 4.966951e+01 1.788185e+00 8.507912e+02 8.562919e+02 
4.523725e-05 5.359193e+01 3.342151e+00 3.000018e+01 8.556110e+02 4.447174e-05 5.415213e+01 2.751037e+00 8.539000e+02 4.267636e+01 5.116343e+01 nan 8.507912e+02 8.562919e+02 
4.523725e-05 5.359193e+01 3.342151e+00 3.162608e+01 8.556820e+02 4.447079e-05 5.424145e+01 2.415544e+00 8.544000e+02 4.214333e+01 5.181485e+01 nan 8.507912e+02 8.562919e+02 
4.523725e-05 5.359193e+01 3.342151e+00 3.234234e+01 8.556665e+02 4.443371e-05 5.429950e+01 2.139470e+00 8.549000e+02 4.239339e+01 5.147577e+01 5.287355e+00 8.507912e+02 8.562919e+02 
4.523725e-05 5.359193e+01 3.342151e+00 3.348504e+01 8.556034e+02 4.433210e-05 5.435073e+01 1.797838e+00 8.556000e+02 4.272900e+01 5.109769e+01 4.513490e+00 8.507912e+02 8.562919e+02 
4.523725e-05 5.359193e+01 3.342151e+00 3.456125e+01 8.555700e+02 4.423452e-05 5.434054e+01 1.462661e+00 8.560000e+02 4.424594e+01 5.378317e+01 5.378347e+00 8.507912e+02 8.562919e+02 
4.523725e-05 5.359193e+01 3.342151e+00 3.541553e+01 8.554887e+02 4.416251e-05 5.426776e+01 1.313456e+00 8.569000e+02 4.504275e+01 5.811509e+01 4.754355e+00 8.507912e+02 8.562919e+02 
4.523725e-05 5.359193e+01 3.342151e+00 3.579182e+01 8.554243e+02 4.410084e-05 5.423051e+01 1.272804e+00 8.571000e+02 4.589399e+01 5.870220e+01 2.611037e+00 8.507912e+02 8.562919e+02 
4.523725e-05 5.359193e+01 3.342151e+00 3.639982e+01 8.552694e+02 4.398888e-05 5.418070e+01 1.209684e+00 8.574000e+02 4.791597e+01 5.770026e+01 -3.930662e+00 8.507912e+02 8.562919e+02 
4.523725e-05 5.359193e+01 3.342151e+00 3.755832e+01 8.550559e+02 4.385625e-05 5.409411e+01 1.191670e+00 8.558000e+02 4.590353e+01 5.329088e+01 -5.249218e+00 8.507912e+02 8.562919e+02 
4.523725e-05 5.359193e+01 3.342151e+00 3.804826e+01 8.552221e+02 4.390009e-05 5.412934e+01 1.243885e+00 8.555000e+02 4.541139e+01 5.453742e+01 -3.422087e+00 8.507912e+02 8.562919e+02 
4.523725e-05 5.359193e+01 3.342151e+00 3.994679e+01 8.559318e+02 4.404751e-05 5.430805e+01 1.458726e+00 8.549000e+02 4.728037e+01 5.263101e+01 -6.321223e+00 8.507912e+02 8.562919e+02 
4.523725e-05 5.359193e+01 3.342151e+00 4.105490e+01 8.561507e+02 4.407664e-05 5.434729e+01 1.399014e+00 8.537000e+02 4.490947e+01 4.985154e+01 -5.136039e+00 8.507912e+02 8.562919e+02 
4.523725e-05 5.359193e+01 3.342151e+00 4.144411e+01 8.560871e+02 4.405506e-05 5.431877e+01 1.328798e+00 8.532000e+02 4.402503e+01 4.849269e+01 -2.683975e+00 8.507912e+02 8.562919e+02 
4.523725e-05 5.359193e+01 3.342151e+00 4.261175e+01 8.560794e+02 4.405410e-05 5.427459e+01 1.190655e+00 8.530000e+02 4.569529e+01 4.926456e+01 -2.515946e+00 8.507912e+02 8.562919e+02 
4.523725e-05 5.359193e+01 3.342151e+00 4.382116e+01 8.558862e+02 4.403580e-05 5.413292e+01 1.045523e+00 8.533000e+02 4.337913e+01 5.224347e+01 5.243230e-01 8.507912e+02 8.562919e+02 
4.523725e-05 5.359193e+01 3.342151e+00 4.463619e+01 8.558790e+02 4.402541e-05 5.404785e+01 1.007445e+00 8.540000e+02 4.356256e+01 5.348402e+01 5.154367e-01 8.507912e+02 8.562919e+02 
4.523725e-05 5.359193e+01 3.342151e+00 4.626456e+01 8.556496e+02 4.395850e-05 5.383510e+01 1.039473e+00 8.542000e+02 4.373090e+01 5.461939e+01 9.311561e-01 8.507912e+02 8.562919e+02 
4.523725e-05 5.359193e+01 3.342151e+00 4.754309e+01 8.556186e+02 4.390072e-05 5.370711e+01 1.125680e+00 8.547000e+02 4.442304e+01 5.511157e+01 9.199906e-01 8.507912e+02 8.562919e+02 
4.523725e-05 5.359193e+01 3.342151e+00 4.852256e+01 8.556721e+02 4.385972e-05 5.365323e+01 1.232986e+00 8.557000e+02 4.509311e+01 5.512712e+01 7.836831e-01 8.507912e+02 8.562919e+02 
4.523725e-05 5.359193e+01 3.342151e+00 4.988900e+01 8.556023e+02 4.373387e-05 5.361671e+01 1.554616e+00 8.559000e+02 4.596190e+01 5.423310e+01 -3.141345e-01 8.507912e+02 8.562919e+02 
4.523725e-05 5.359193e+01 3.342151e+00 5.093505e+01 8.558069e+02 4.370844e-05 5.371508e+01 1.833233e+00 8.560000e+02 4.564005e+01 5.341714e+01 -1.337112e+00 8.507912e+02 8.562919e+02 
4.523725e-05 5.359193e+01 3.342151e+00 5.192119e+01 8.557475e+02 4.364134e-05 5.384083e+01 2.109112e+00 8.555000e+02 4.537855e+01 5.302442e+01 -2.179881e+00 8.507912e+02 8.562919e+02 
4.523725e-05 5.359193e+01 3.342151e+00 5.282486e+01 8.558943e+02 4.369952e-05 5.399968e+01 2.316756e+00 8.548000e+02 4.475342e+01 5.214364e+01 -2.505696e+00 8.507912e+02 8.562919e+02 
4.523725e-05 5.359193e+01 3.342151e+00 5.352931e+01 8.559495e+02 4.374506e-05 5.407678e+01 2.425056e+00 8.545000e+02 4.422193e+01 5.204977e+01 -2.291292e+00 8.507912e+02 8.562919e+02 
4.523725e-05 5.359193e+01 3.342151e+00 5.422936e+01 8.560389e+02 4.379585e-05 5.411766e+01 2.513912e+00 8.537000e+02 4.383296e+01 5.205744e+01 -7.299207e-01 8.507912e+02 8.562919e+02 
4.523725e-05 5.359193e+01 3.342151e+00 5.536027e+01 8.561080e+02 4.382854e-05 5.418422e+01 2.644635e+00 8.533000e+02 4.410733e+01 5.289749e+01 1.575810e-01 8.507912e+02 8.562919e+02 
4.523725e-05 5.359193e+01 3.342151e+00 5.645437e+01 8.562236e+02 4.387308e-05 5.425490e+01 2.773293e+00 8.536000e+02 4.377849e+01 5.342943e+01 -2.649866e-01 8.507912e+02 8.562919e+02 
4.523725e-05 5.359193e+01 3.342151e+00 5.727498e+01 8.562919e+02 4.391160e-05 5.432556e+01 2.857915e+00 8.537000e+02 4.414917e+01 5.359233e+01 2.868064e-01 8.507912e+02 8.562919e+02 
