# 1, 2, 3, 4   , 5   , 6   , 7   , 8   , 9   , 10  
# x, y, z, Bx_si, By_si, Bz_si, In_si, Ic_si, Dc_si, dmeas 
5.017023e+05 4.171114e+06 1.618827e+03 -6.116348e-08 1.290336e-08 1.948812e-07 2.046611e-07 7.221593e+01 1.680873e+02 0.000000e+00 
5.017025e+05 4.171115e+06 1.618827e+03 -6.168881e-08 1.266654e-08 1.943812e-07 2.043282e-07 7.204867e+01 1.683968e+02 1.462917e+00 
5.017017e+05 4.171116e+06 1.618827e+03 -6.214739e-08 1.291586e-08 1.942407e-07 2.043491e-07 7.190328e+01 1.682596e+02 3.141891e+00 
5.017033e+05 4.171118e+06 1.618827e+03 -6.268020e-08 1.209393e-08 1.934480e-07 2.037086e-07 7.173753e+01 1.690792e+02 5.068891e+00 
5.017051e+05 4.171118e+06 1.618827e+03 -6.292297e-08 1.130018e-08 1.928514e-07 2.031715e-07 7.165981e+01 1.698189e+02 6.850777e+00 
5.017057e+05 4.171119e+06 1.618827e+03 -6.330338e-08 1.097841e-08 1.924626e-07 2.029032e-07 7.153985e+01 1.701613e+02 7.898114e+00 
5.017070e+05 4.171120e+06 1.618827e+03 -6.399826e-08 1.029862e-08 1.917284e-07 2.023897e-07 7.132008e+01 1.708583e+02 9.905640e+00 
5.017086e+05 4.171121e+06 1.618827e+03 -6.454310e-08 9.605107e-09 1.910865e-07 2.019211e-07 7.114554e+01 1.715355e+02 1.175228e+01 
5.017102e+05 4.171123e+06 1.618827e+03 -6.536526e-08 8.843782e-09 1.903194e-07 2.014257e-07 7.088473e+01 1.722948e+02 1.408905e+01 
5.017116e+05 4.171124e+06 1.618827e+03 -6.613521e-08 8.208698e-09 1.896842e-07 2.010506e-07 7.064184e+01 1.729246e+02 1.616467e+01 
5.017146e+05 4.171125e+06 1.618827e+03 -6.645948e-08 7.106252e-09 1.889960e-07 2.004666e-07 7.052389e+01 1.738968e+02 1.914335e+01 
5.017166e+05 4.171124e+06 1.618827e+03 -6.626776e-08 6.418143e-09 1.887440e-07 2.001422e-07 7.057014e+01 1.744681e+02 2.129784e+01 
5.017177e+05 4.171125e+06 1.618827e+03 -6.686971e-08 5.965004e-09 1.883178e-07 1.999269e-07 7.037887e+01 1.749025e+02 2.294425e+01 
5.017198e+05 4.171127e+06 1.618827e+03 -6.759227e-08 5.190210e-09 1.877444e-07 1.996086e-07 7.014622e+01 1.756090e+02 2.543644e+01 
5.017208e+05 4.171126e+06 1.618827e+03 -6.740805e-08 4.889030e-09 1.876903e-07 1.994878e-07 7.019663e+01 1.758517e+02 2.651729e+01 
5.017222e+05 4.171126e+06 1.618827e+03 -6.745284e-08 4.437643e-09 1.875120e-07 1.993247e-07 7.017561e+01 1.762360e+02 2.789295e+01 
5.017238e+05 4.171127e+06 1.618827e+03 -6.807843e-08 3.871116e-09 1.871117e-07 1.991493e-07 6.997694e+01 1.767455e+02 2.990289e+01 
5.017247e+05 4.171127e+06 1.618827e+03 -6.819535e-08 3.568103e-09 1.869816e-07 1.990614e-07 6.993701e+01 1.770049e+02 3.085429e+01 
5.017260e+05 4.171129e+06 1.618827e+03 -6.890318e-08 3.135477e-09 1.866403e-07 1.989775e-07 6.971778e+01 1.773945e+02 3.269822e+01 
5.017273e+05 4.171130e+06 1.618827e+03 -6.960609e-08 2.713354e-09 1.863348e-07 1.989298e-07 6.950237e+01 1.777677e+02 3.451545e+01 
5.017274e+05 4.171132e+06 1.618827e+03 -7.061101e-08 2.634665e-09 1.860686e-07 1.990336e-07 6.920557e+01 1.778631e+02 3.640440e+01 
5.017271e+05 4.171134e+06 1.618827e+03 -7.149568e-08 2.672532e-09 1.858939e-07 1.991867e-07 6.894962e+01 1.778593e+02 3.803504e+01 
5.017275e+05 4.171135e+06 1.618827e+03 -7.204427e-08 2.532288e-09 1.857572e-07 1.992549e-07 6.878973e+01 1.779869e+02 3.905805e+01 
5.017300e+05 4.171135e+06 1.618827e+03 -7.249839e-08 1.797020e-09 1.855173e-07 1.991882e-07 6.864895e+01 1.785801e+02 4.164617e+01 
5.017300e+05 4.171136e+06 1.618827e+03 -7.318015e-08 1.759091e-09 1.854027e-07 1.993304e-07 6.845475e+01 1.786230e+02 4.279082e+01 
5.017292e+05 4.171139e+06 1.618827e+03 -7.460380e-08 1.941975e-09 1.852572e-07 1.997241e-07 6.805843e+01 1.785089e+02 4.524777e+01 
5.017304e+05 4.171140e+06 1.618827e+03 -7.570831e-08 1.596529e-09 1.850777e-07 1.999701e-07 6.774792e+01 1.787919e+02 4.726816e+01 
5.017319e+05 4.171141e+06 1.618827e+03 -7.643956e-08 1.180287e-09 1.849482e-07 2.001255e-07 6.754216e+01 1.791154e+02 4.909311e+01 
5.017329e+05 4.171142e+06 1.618827e+03 -7.687843e-08 8.926594e-10 1.848794e-07 2.002286e-07 6.741962e+01 1.793348e+02 5.032032e+01 
5.017342e+05 4.171142e+06 1.618827e+03 -7.713508e-08 5.582467e-10 1.848316e-07 2.002819e-07 6.734740e+01 1.795853e+02 5.163004e+01 
5.017351e+05 4.171143e+06 1.618827e+03 -7.759189e-08 3.248895e-10 1.847899e-07 2.004193e-07 6.722265e+01 1.797601e+02 5.272181e+01 
5.017360e+05 4.171145e+06 1.618827e+03 -7.879581e-08 7.604644e-11 1.847236e-07 2.008273e-07 6.689881e+01 1.799447e+02 5.463879e+01 
5.017364e+05 4.171146e+06 1.618827e+03 -7.958225e-08 -2.916414e-11 1.846957e-07 2.011115e-07 6.668960e+01 -1.799790e+02 5.577126e+01 
5.017370e+05 4.171147e+06 1.618827e+03 -8.043140e-08 -1.710889e-10 1.846770e-07 2.014319e-07 6.646563e+01 -1.798781e+02 5.702038e+01 
5.017386e+05 4.171148e+06 1.618827e+03 -8.100685e-08 -5.539414e-10 1.846881e-07 2.016733e-07 6.631656e+01 -1.796082e+02 5.874908e+01 
5.017396e+05 4.171148e+06 1.618827e+03 -8.136844e-08 -7.995826e-10 1.847090e-07 2.018387e-07 6.622442e+01 -1.794370e+02 5.986494e+01 
5.017405e+05 4.171149e+06 1.618827e+03 -8.171484e-08 -1.012975e-09 1.847359e-07 2.020042e-07 6.613697e+01 -1.792898e+02 6.085990e+01 
5.017417e+05 4.171149e+06 1.618827e+03 -8.172321e-08 -1.319709e-09 1.847888e-07 2.020577e-07 6.613973e+01 -1.790748e+02 6.211224e+01 
5.017438e+05 4.171149e+06 1.618827e+03 -8.240672e-08 -1.815585e-09 1.849079e-07 2.024477e-07 6.597403e+01 -1.787379e+02 6.438260e+01 
