# 1      , 2      , 3      , 4    , 5     , 6      , 7      , 8      ,                    9              , 10  , 11  , 12  , 13    , 14      
# IGRF_In, IGRF_Ic, IGRF_Dc, dmeas, height, In_siB0, Ic_siB0, Dc_siB0,                    height m (-poh), In_m, Ic_m, Dc_m, min hP, max hP  
4.515490e-05 5.338396e+01 3.320776e+00 0.000000e+00 1.618170e+03 4.505615e-05 5.336505e+01 2.989064e+00 1.618200e+03 4.512688e+01 5.734835e+01 -5.014028e-01 1.614880e+03 1.619894e+03 
4.515490e-05 5.338396e+01 3.320776e+00 1.462917e+00 1.617876e+03 4.504378e-05 5.332356e+01 3.020083e+00 1.617500e+03 4.395462e+01 5.644628e+01 2.832817e-01 1.614880e+03 1.619894e+03 
4.515490e-05 5.338396e+01 3.320776e+00 3.141891e+00 1.617986e+03 4.504619e-05 5.329466e+01 3.036138e+00 1.616600e+03 4.285185e+01 5.445528e+01 1.212275e+00 1.614880e+03 1.619894e+03 
4.515490e-05 5.338396e+01 3.320776e+00 5.068891e+00 1.617294e+03 4.503957e-05 5.325593e+01 3.051049e+00 1.616100e+03 4.356360e+01 5.366400e+01 8.842551e-01 1.614880e+03 1.619894e+03 
4.515490e-05 5.338396e+01 3.320776e+00 6.850777e+00 1.616634e+03 4.502012e-05 5.323725e+01 3.069995e+00 1.615600e+03 4.366848e+01 5.436744e+01 -4.159297e-01 1.614880e+03 1.619894e+03 
4.515490e-05 5.338396e+01 3.320776e+00 7.898114e+00 1.616332e+03 4.501238e-05 5.320994e+01 3.083997e+00 1.615000e+03 4.361484e+01 5.383399e+01 2.539456e-01 1.614880e+03 1.619894e+03 
4.515490e-05 5.338396e+01 3.320776e+00 9.905640e+00 1.615742e+03 4.499885e-05 5.315643e+01 3.134451e+00 1.615200e+03 4.390633e+01 5.353076e+01 -2.788915e-01 1.614880e+03 1.619894e+03 
4.515490e-05 5.338396e+01 3.320776e+00 1.175228e+01 1.615105e+03 4.498442e-05 5.309995e+01 3.220625e+00 1.614500e+03 4.341071e+01 5.286854e+01 -8.125821e-01 1.614880e+03 1.619894e+03 
4.515490e-05 5.338396e+01 3.320776e+00 1.408905e+01 1.614880e+03 4.503498e-05 5.301630e+01 3.331842e+00 1.613000e+03 4.299787e+01 5.236421e+01 1.028947e+00 1.614880e+03 1.619894e+03 
4.515490e-05 5.338396e+01 3.320776e+00 1.616467e+01 1.615514e+03 4.515976e-05 5.301022e+01 3.347593e+00 1.613300e+03 4.267101e+01 5.165917e+01 3.401041e-01 1.614880e+03 1.619894e+03 
4.515490e-05 5.338396e+01 3.320776e+00 1.914335e+01 1.615862e+03 4.524330e-05 5.305300e+01 3.307002e+00 1.613500e+03 4.329734e+01 5.253257e+01 4.027359e+00 1.614880e+03 1.619894e+03 
4.515490e-05 5.338396e+01 3.320776e+00 2.129784e+01 1.615636e+03 4.524392e-05 5.310364e+01 3.299858e+00 1.613300e+03 4.332295e+01 5.205669e+01 2.739215e+00 1.614880e+03 1.619894e+03 
4.515490e-05 5.338396e+01 3.320776e+00 2.294425e+01 1.616363e+03 4.529336e-05 5.317739e+01 3.186050e+00 1.613200e+03 4.392894e+01 5.136204e+01 2.961996e+00 1.614880e+03 1.619894e+03 
4.515490e-05 5.338396e+01 3.320776e+00 2.543644e+01 1.616661e+03 4.527911e-05 5.325718e+01 3.016286e+00 1.613800e+03 4.467428e+01 5.180661e+01 6.120830e+00 1.614880e+03 1.619894e+03 
4.515490e-05 5.338396e+01 3.320776e+00 2.651729e+01 1.616180e+03 4.524313e-05 5.324481e+01 3.006876e+00 1.615100e+03 4.522401e+01 5.240837e+01 3.259048e+00 1.614880e+03 1.619894e+03 
4.515490e-05 5.338396e+01 3.320776e+00 2.789295e+01 1.615752e+03 4.519314e-05 5.324909e+01 3.025154e+00 1.615100e+03 4.557778e+01 5.331225e+01 2.814648e+00 1.614880e+03 1.619894e+03 
4.515490e-05 5.338396e+01 3.320776e+00 2.990289e+01 1.615463e+03 4.514702e-05 5.326219e+01 3.074931e+00 1.614700e+03 4.530444e+01 5.340551e+01 -9.415508e-01 1.614880e+03 1.619894e+03 
4.515490e-05 5.338396e+01 3.320776e+00 3.085429e+01 1.615374e+03 4.514215e-05 5.326750e+01 3.120048e+00 1.614400e+03 4.468424e+01 5.303881e+01 -7.871670e-01 1.614880e+03 1.619894e+03 
4.515490e-05 5.338396e+01 3.320776e+00 3.269822e+01 1.615365e+03 4.513372e-05 5.326636e+01 3.153869e+00 1.614200e+03 4.461770e+01 5.367143e+01 -6.985970e-01 1.614880e+03 1.619894e+03 
4.515490e-05 5.338396e+01 3.320776e+00 3.451545e+01 1.615339e+03 4.513826e-05 5.325478e+01 3.175139e+00 1.614400e+03 4.464994e+01 5.332784e+01 -6.710090e-01 1.614880e+03 1.619894e+03 
4.515490e-05 5.338396e+01 3.320776e+00 3.640440e+01 1.615552e+03 4.514205e-05 5.323592e+01 3.183519e+00 1.614700e+03 4.484232e+01 5.399804e+01 -3.772879e-02 1.614880e+03 1.619894e+03 
4.515490e-05 5.338396e+01 3.320776e+00 3.803504e+01 1.615797e+03 4.515540e-05 5.321509e+01 3.164715e+00 1.614900e+03 4.463657e+01 5.362991e+01 -7.089642e-01 1.614880e+03 1.619894e+03 
4.515490e-05 5.338396e+01 3.320776e+00 3.905805e+01 1.615999e+03 4.516337e-05 5.322618e+01 3.137087e+00 1.614300e+03 4.440615e+01 5.348960e+01 4.315544e-01 1.614880e+03 1.619894e+03 
4.515490e-05 5.338396e+01 3.320776e+00 4.164617e+01 1.615708e+03 4.514997e-05 5.323351e+01 3.169745e+00 1.613200e+03 4.485111e+01 5.344340e+01 9.013794e-01 1.614880e+03 1.619894e+03 
4.515490e-05 5.338396e+01 3.320776e+00 4.279082e+01 1.615915e+03 4.514820e-05 5.323419e+01 3.182223e+00 1.613300e+03 4.509406e+01 5.216403e+01 nan 1.614880e+03 1.619894e+03 
4.515490e-05 5.338396e+01 3.320776e+00 4.524777e+01 1.616452e+03 4.514118e-05 5.324054e+01 3.165901e+00 1.614900e+03 4.543660e+01 5.433327e+01 -8.227240e-01 1.614880e+03 1.619894e+03 
4.515490e-05 5.338396e+01 3.320776e+00 4.726816e+01 1.616632e+03 4.514475e-05 5.323611e+01 3.215577e+00 1.615500e+03 4.507020e+01 5.541482e+01 -3.832664e-01 1.614880e+03 1.619894e+03 
4.515490e-05 5.338396e+01 3.320776e+00 4.909311e+01 1.616584e+03 4.513642e-05 5.321393e+01 3.256389e+00 1.614300e+03 4.318558e+01 5.366140e+01 nan 1.614880e+03 1.619894e+03 
4.515490e-05 5.338396e+01 3.320776e+00 5.032032e+01 1.616498e+03 4.512697e-05 5.318141e+01 3.302088e+00 1.614300e+03 4.387436e+01 5.201117e+01 nan 1.614880e+03 1.619894e+03 
4.515490e-05 5.338396e+01 3.320776e+00 5.163004e+01 1.616453e+03 4.513372e-05 5.315006e+01 3.379738e+00 1.615200e+03 4.523039e+01 5.308611e+01 nan 1.614880e+03 1.619894e+03 
4.515490e-05 5.338396e+01 3.320776e+00 5.272181e+01 1.616749e+03 4.517855e-05 5.313115e+01 3.424578e+00 1.615000e+03 4.552137e+01 5.269957e+01 nan 1.614880e+03 1.619894e+03 
4.515490e-05 5.338396e+01 3.320776e+00 5.463879e+01 1.617856e+03 4.528886e-05 5.316613e+01 3.401192e+00 1.615400e+03 4.529151e+01 5.342410e+01 nan 1.614880e+03 1.619894e+03 
4.515490e-05 5.338396e+01 3.320776e+00 5.577126e+01 1.618549e+03 4.533527e-05 5.322033e+01 3.354625e+00 1.615600e+03 4.482296e+01 5.254019e+01 nan 1.614880e+03 1.619894e+03 
4.515490e-05 5.338396e+01 3.320776e+00 5.702038e+01 1.619246e+03 4.536201e-05 5.329792e+01 3.307575e+00 1.615800e+03 4.482325e+01 5.144452e+01 nan 1.614880e+03 1.619894e+03 
4.515490e-05 5.338396e+01 3.320776e+00 5.874908e+01 1.619736e+03 4.534809e-05 5.338031e+01 3.251910e+00 1.617300e+03 4.659160e+01 5.444346e+01 nan 1.614880e+03 1.619894e+03 
4.515490e-05 5.338396e+01 3.320776e+00 5.986494e+01 1.619887e+03 4.532264e-05 5.341625e+01 3.208868e+00 1.618500e+03 4.670509e+01 5.460439e+01 nan 1.614880e+03 1.619894e+03 
4.515490e-05 5.338396e+01 3.320776e+00 6.085990e+01 1.619894e+03 4.529556e-05 5.343356e+01 3.180911e+00 1.619100e+03 4.662606e+01 5.522972e+01 2.790895e+00 1.614880e+03 1.619894e+03 
4.515490e-05 5.338396e+01 3.320776e+00 6.211224e+01 1.619725e+03 4.527189e-05 5.343786e+01 3.170502e+00 1.619900e+03 4.641214e+01 5.582490e+01 1.317295e+00 1.614880e+03 1.619894e+03 
4.515490e-05 5.338396e+01 3.320776e+00 6.438260e+01 1.619484e+03 4.522813e-05 5.344005e+01 3.172913e+00 1.619900e+03 4.642373e+01 5.581759e+01 1.604701e+00 1.614880e+03 1.619894e+03 
