# 1, 2, 3, 4   , 5   , 6   , 7   , 8   , 9   , 10  
# x, y, z, Bx_si, By_si, Bz_si, In_si, Ic_si, Dc_si, dmeas 
5.017023e+05 4.171114e+06 1.618170e+03 -1.581381e-07 -3.832215e-08 8.812647e-08 1.850474e-07 -2.843994e+01 -1.036221e+02 0.000000e+00 
5.017025e+05 4.171115e+06 1.617876e+03 -1.426127e-07 -2.032029e-08 1.175288e-07 1.859148e-07 -3.921001e+01 -9.810925e+01 1.462917e+00 
5.017017e+05 4.171116e+06 1.617986e+03 -1.340432e-07 -1.089857e-09 1.291670e-07 1.861528e-07 -4.393772e+01 -9.046584e+01 3.141891e+00 
5.017033e+05 4.171118e+06 1.617294e+03 -1.259578e-07 1.895624e-08 1.526820e-07 1.988379e-07 -5.016317e+01 -8.144140e+01 5.068891e+00 
5.017051e+05 4.171118e+06 1.616634e+03 -1.170543e-07 1.860011e-08 1.770551e-07 2.130638e-07 -5.620116e+01 -8.097110e+01 6.850777e+00 
5.017057e+05 4.171119e+06 1.616332e+03 -1.098037e-07 3.078161e-08 1.960990e-07 2.268462e-07 -5.982090e+01 -7.434006e+01 7.898114e+00 
5.017070e+05 4.171120e+06 1.615742e+03 -8.470383e-08 5.500106e-08 2.321173e-07 2.531369e-07 -6.648612e+01 -5.700298e+01 9.905640e+00 
5.017086e+05 4.171121e+06 1.615105e+03 -4.267678e-08 7.952428e-08 2.702727e-07 2.849434e-07 -7.153432e+01 -2.822027e+01 1.175228e+01 
5.017102e+05 4.171123e+06 1.614880e+03 1.448454e-08 1.592980e-07 2.693583e-07 3.132723e-07 -5.929656e+01 5.195465e+00 1.408905e+01 
5.017116e+05 4.171124e+06 1.615514e+03 2.652658e-08 2.376240e-07 1.725700e-07 2.948715e-07 -3.581979e+01 6.369703e+00 1.616467e+01 
5.017146e+05 4.171125e+06 1.615862e+03 8.652336e-09 2.619810e-07 8.552022e-08 2.757220e-07 -1.806937e+01 1.891596e+00 1.914335e+01 
5.017166e+05 4.171124e+06 1.615636e+03 3.448504e-09 2.306309e-07 6.100784e-08 2.385885e-07 -1.481526e+01 8.566501e-01 2.129784e+01 
5.017177e+05 4.171125e+06 1.616363e+03 -5.136292e-08 2.167370e-07 -1.350252e-08 2.231488e-07 3.469033e+00 -1.333216e+01 2.294425e+01 
5.017198e+05 4.171127e+06 1.616661e+03 -1.347840e-07 1.621334e-07 -3.985286e-08 2.145745e-07 1.070368e+01 -3.973729e+01 2.543644e+01 
5.017208e+05 4.171126e+06 1.616180e+03 -1.399450e-07 1.486875e-07 -5.182924e-09 2.042534e-07 1.454035e+00 -4.326509e+01 2.651729e+01 
5.017222e+05 4.171126e+06 1.615752e+03 -1.330416e-07 1.156608e-07 3.284989e-08 1.793226e-07 -1.055555e+01 -4.899766e+01 2.789295e+01 
5.017238e+05 4.171127e+06 1.615463e+03 -1.115070e-07 7.859239e-08 6.363436e-08 1.505320e-07 -2.500704e+01 -5.482304e+01 2.990289e+01 
5.017247e+05 4.171127e+06 1.615374e+03 -9.061397e-08 7.119171e-08 6.503454e-08 1.323202e-07 -2.943880e+01 -5.184472e+01 3.085429e+01 
5.017260e+05 4.171129e+06 1.615365e+03 -7.493893e-08 6.599956e-08 7.232840e-08 1.233012e-07 -3.591606e+01 -4.862926e+01 3.269822e+01 
5.017273e+05 4.171130e+06 1.615339e+03 -6.437819e-08 7.545561e-08 7.414456e-08 1.238367e-07 -3.677890e+01 -4.047057e+01 3.451545e+01 
5.017274e+05 4.171132e+06 1.615552e+03 -5.964682e-08 8.939426e-08 7.999873e-08 1.339734e-07 -3.666419e+01 -3.371254e+01 3.640440e+01 
5.017271e+05 4.171134e+06 1.615797e+03 -6.733391e-08 1.109873e-07 7.912928e-08 1.520312e-07 -3.136450e+01 -3.124440e+01 3.803504e+01 
5.017275e+05 4.171135e+06 1.615999e+03 -8.047435e-08 1.094799e-07 6.750985e-08 1.517220e-07 -2.642063e+01 -3.631814e+01 3.905805e+01 
5.017300e+05 4.171135e+06 1.615708e+03 -6.578652e-08 9.599961e-08 7.478948e-08 1.383375e-07 -3.272658e+01 -3.442202e+01 4.164617e+01 
5.017300e+05 4.171136e+06 1.615915e+03 -5.999254e-08 9.418759e-08 7.588785e-08 1.350162e-07 -3.419871e+01 -3.249499e+01 4.279082e+01 
5.017292e+05 4.171139e+06 1.616452e+03 -6.813216e-08 8.641854e-08 7.852226e-08 1.351884e-07 -3.550935e+01 -3.825216e+01 4.524777e+01 
5.017304e+05 4.171140e+06 1.616632e+03 -4.446933e-08 9.004490e-08 7.774639e-08 1.270044e-07 -3.774551e+01 -2.628280e+01 4.726816e+01 
5.017319e+05 4.171141e+06 1.616584e+03 -2.474192e-08 9.795211e-08 9.487709e-08 1.385945e-07 -4.320148e+01 -1.417593e+01 4.909311e+01 
5.017329e+05 4.171142e+06 1.616498e+03 -2.363684e-09 1.115408e-07 1.177944e-07 1.622419e-07 -4.655556e+01 -1.213985e+00 5.032032e+01 
5.017342e+05 4.171142e+06 1.616453e+03 3.562900e-08 1.331769e-07 1.271895e-07 1.875705e-07 -4.269450e+01 1.497766e+01 5.163004e+01 
5.017351e+05 4.171143e+06 1.616749e+03 5.909349e-08 1.706668e-07 1.002672e-07 2.065738e-07 -2.903750e+01 1.909844e+01 5.272181e+01 
5.017360e+05 4.171145e+06 1.617856e+03 5.066322e-08 2.153058e-07 -4.562740e-09 2.212333e-07 1.181758e+00 1.324128e+01 5.463879e+01 
5.017364e+05 4.171146e+06 1.618549e+03 2.825376e-08 2.101013e-07 -6.740823e-08 2.224516e-07 1.763934e+01 7.659009e+00 5.577126e+01 
5.017370e+05 4.171147e+06 1.619246e+03 4.085033e-09 1.782396e-07 -1.255733e-07 2.180704e-07 3.515836e+01 1.312919e+00 5.702038e+01 
5.017386e+05 4.171148e+06 1.619736e+03 -2.565008e-08 1.192124e-07 -1.533503e-07 1.959231e-07 5.150907e+01 -1.214279e+01 5.874908e+01 
5.017396e+05 4.171148e+06 1.619887e+03 -4.806594e-08 8.241203e-08 -1.498675e-07 1.776580e-07 5.751941e+01 -3.025242e+01 5.986494e+01 
5.017405e+05 4.171149e+06 1.619894e+03 -6.273139e-08 5.605826e-08 -1.362828e-07 1.601586e-07 5.831236e+01 -4.821527e+01 6.085990e+01 
5.017417e+05 4.171149e+06 1.619725e+03 -6.855705e-08 3.952662e-08 -1.192967e-07 1.431577e-07 5.644170e+01 -6.003437e+01 6.211224e+01 
5.017438e+05 4.171149e+06 1.619484e+03 -6.894384e-08 1.204881e-08 -8.517176e-08 1.102391e-07 5.058880e+01 -8.008695e+01 6.438260e+01 
