# 1    , 2      , 3      , 4      , 5      , 6      , 7       
# dmeas, Bx_siB0, By_siB0, Bz_siB0, In_siB0, Ic_siB0, Dc_siB0 
0.000000e+00 2.684908e-05 1.401962e-06 3.615547e-05 4.505615e-05 5.336505e+01 2.989064e+00 
1.462917e+00 2.686708e-05 1.417487e-06 3.612607e-05 4.504378e-05 5.332356e+01 3.020083e+00 
3.141891e+00 2.688631e-05 1.426057e-06 3.611443e-05 4.504619e-05 5.329466e+01 3.036138e+00 
5.068891e+00 2.690636e-05 1.434142e-06 3.609092e-05 4.503957e-05 5.325593e+01 3.051049e+00 
6.850777e+00 2.690600e-05 1.443046e-06 3.606654e-05 4.502012e-05 5.323725e+01 3.069995e+00 
7.898114e+00 2.691818e-05 1.450296e-06 3.604750e-05 4.501238e-05 5.320994e+01 3.083997e+00 
9.905640e+00 2.694240e-05 1.475396e-06 3.601148e-05 4.499885e-05 5.315643e+01 3.134451e+00 
1.175228e+01 2.696692e-05 1.517423e-06 3.597333e-05 4.498442e-05 5.309995e+01 3.220625e+00 
1.408905e+01 2.704670e-05 1.574585e-06 3.597424e-05 4.503498e-05 5.301630e+01 3.331842e+00 
1.616467e+01 2.712502e-05 1.586627e-06 3.607103e-05 4.515976e-05 5.301022e+01 3.347593e+00 
1.914335e+01 2.714938e-05 1.568752e-06 3.615808e-05 4.524330e-05 5.305300e+01 3.307002e+00 
2.129784e+01 2.711803e-05 1.563549e-06 3.618259e-05 4.524392e-05 5.310364e+01 3.299858e+00 
2.294425e+01 2.710414e-05 1.508737e-06 3.625710e-05 4.529336e-05 5.317739e+01 3.186050e+00 
2.543644e+01 2.704953e-05 1.425316e-06 3.628345e-05 4.527911e-05 5.325718e+01 3.016286e+00 
2.651729e+01 2.703609e-05 1.420155e-06 3.624878e-05 4.524313e-05 5.324481e+01 3.006876e+00 
2.789295e+01 2.700306e-05 1.427058e-06 3.621075e-05 4.519314e-05 5.324909e+01 3.025154e+00 
2.990289e+01 2.696599e-05 1.448593e-06 3.617997e-05 4.514702e-05 5.326219e+01 3.074931e+00 
3.085429e+01 2.695859e-05 1.469486e-06 3.617857e-05 4.514215e-05 5.326750e+01 3.120048e+00 
3.269822e+01 2.695340e-05 1.485161e-06 3.617127e-05 4.513372e-05 5.326636e+01 3.153869e+00 
3.451545e+01 2.696286e-05 1.495722e-06 3.616946e-05 4.513826e-05 5.325478e+01 3.175139e+00 
3.640440e+01 2.697679e-05 1.500453e-06 3.616360e-05 4.514205e-05 5.323592e+01 3.183519e+00 
3.803504e+01 2.699839e-05 1.492766e-06 3.616447e-05 4.515540e-05 5.321509e+01 3.164715e+00 
3.905805e+01 2.699688e-05 1.479626e-06 3.617609e-05 4.516337e-05 5.322618e+01 3.137087e+00 
4.164617e+01 2.698340e-05 1.494313e-06 3.616881e-05 4.514997e-05 5.323351e+01 3.169745e+00 
4.279082e+01 2.698159e-05 1.500107e-06 3.616771e-05 4.514820e-05 5.323419e+01 3.182223e+00 
4.524777e+01 2.697382e-05 1.491968e-06 3.616508e-05 4.514118e-05 5.324054e+01 3.165901e+00 
4.726816e+01 2.697744e-05 1.515631e-06 3.616585e-05 4.514475e-05 5.323611e+01 3.215577e+00 
4.909311e+01 2.698535e-05 1.535358e-06 3.614872e-05 4.513642e-05 5.321393e+01 3.256389e+00 
5.032032e+01 2.699894e-05 1.557736e-06 3.612581e-05 4.512697e-05 5.318141e+01 3.302088e+00 
5.163004e+01 2.702058e-05 1.595729e-06 3.611641e-05 4.513372e-05 5.315006e+01 3.379738e+00 
5.272181e+01 2.705807e-05 1.619193e-06 3.614333e-05 4.517855e-05 5.313115e+01 3.424578e+00 
5.463879e+01 2.710271e-05 1.610763e-06 3.624816e-05 4.528886e-05 5.316613e+01 3.401192e+00 
5.577126e+01 2.709750e-05 1.588354e-06 3.631101e-05 4.533527e-05 5.322033e+01 3.354625e+00 
5.702038e+01 2.706564e-05 1.564185e-06 3.636917e-05 4.536201e-05 5.329792e+01 3.307575e+00 
5.874908e+01 2.700661e-05 1.534450e-06 3.639695e-05 4.534809e-05 5.338031e+01 3.251910e+00 
5.986494e+01 2.696981e-05 1.512034e-06 3.639347e-05 4.532264e-05 5.341625e+01 3.208868e+00 
6.085990e+01 2.694346e-05 1.497369e-06 3.637988e-05 4.529556e-05 5.343356e+01 3.180911e+00 
6.211224e+01 2.692693e-05 1.491543e-06 3.636290e-05 4.527189e-05 5.343786e+01 3.170502e+00 
6.438260e+01 2.689945e-05 1.491156e-06 3.632877e-05 4.522813e-05 5.344005e+01 3.172913e+00 
