# 1,2,3, 4    , 5    , 6    , 7    , 8    , 9     
# x,y,z, Bx_si, By_si, Bz_si, Bx_th, By_th, Bz_th 
-2.477000e+01 -2.210000e-01 1.201000e+03 3.599068e-07 -1.246350e-06 -3.897991e-06 0.000000e+00 0.000000e+00 0.000000e+00 
-2.370565e+01 -2.210000e-01 1.201000e+03 3.438132e-07 -1.247683e-06 -3.898056e-06 0.000000e+00 0.000000e+00 0.000000e+00 
-2.264130e+01 -2.210000e-01 1.201000e+03 3.278044e-07 -1.248957e-06 -3.898118e-06 0.000000e+00 0.000000e+00 0.000000e+00 
-2.157696e+01 -2.210000e-01 1.201000e+03 3.118763e-07 -1.250173e-06 -3.898176e-06 0.000000e+00 0.000000e+00 0.000000e+00 
-2.051261e+01 -2.210000e-01 1.201000e+03 2.960246e-07 -1.251330e-06 -3.898232e-06 0.000000e+00 0.000000e+00 0.000000e+00 
-1.944826e+01 -2.210000e-01 1.201000e+03 2.802450e-07 -1.252429e-06 -3.898284e-06 0.000000e+00 0.000000e+00 0.000000e+00 
-1.838391e+01 -2.210000e-01 1.201000e+03 2.645337e-07 -1.253470e-06 -3.898333e-06 0.000000e+00 0.000000e+00 0.000000e+00 
-1.731957e+01 -2.210000e-01 1.201000e+03 2.488864e-07 -1.254452e-06 -3.898379e-06 0.000000e+00 0.000000e+00 0.000000e+00 
-1.625522e+01 -2.210000e-01 1.201000e+03 2.332993e-07 -1.255375e-06 -3.898423e-06 0.000000e+00 0.000000e+00 0.000000e+00 
-1.519087e+01 -2.210000e-01 1.201000e+03 2.177683e-07 -1.256240e-06 -3.898463e-06 0.000000e+00 0.000000e+00 0.000000e+00 
-1.412652e+01 -2.210000e-01 1.201000e+03 2.022897e-07 -1.257046e-06 -3.898500e-06 0.000000e+00 0.000000e+00 0.000000e+00 
-1.306217e+01 -2.210000e-01 1.201000e+03 1.868595e-07 -1.257794e-06 -3.898535e-06 0.000000e+00 0.000000e+00 0.000000e+00 
-1.199783e+01 -2.210000e-01 1.201000e+03 1.714740e-07 -1.258483e-06 -3.898566e-06 0.000000e+00 0.000000e+00 0.000000e+00 
-1.093348e+01 -2.210000e-01 1.201000e+03 1.561294e-07 -1.259114e-06 -3.898595e-06 0.000000e+00 0.000000e+00 0.000000e+00 
-9.869130e+00 -2.210000e-01 1.201000e+03 1.408220e-07 -1.259686e-06 -3.898621e-06 0.000000e+00 0.000000e+00 0.000000e+00 
-8.804783e+00 -2.210000e-01 1.201000e+03 1.255481e-07 -1.260200e-06 -3.898645e-06 0.000000e+00 0.000000e+00 0.000000e+00 
-7.740435e+00 -2.210000e-01 1.201000e+03 1.103039e-07 -1.260655e-06 -3.898665e-06 0.000000e+00 0.000000e+00 0.000000e+00 
-6.676087e+00 -2.210000e-01 1.201000e+03 9.508586e-08 -1.261051e-06 -3.898683e-06 0.000000e+00 0.000000e+00 0.000000e+00 
-5.611739e+00 -2.210000e-01 1.201000e+03 7.989032e-08 -1.261389e-06 -3.898698e-06 0.000000e+00 0.000000e+00 0.000000e+00 
-4.547391e+00 -2.210000e-01 1.201000e+03 6.471366e-08 -1.261669e-06 -3.898711e-06 0.000000e+00 0.000000e+00 0.000000e+00 
-3.483043e+00 -2.210000e-01 1.201000e+03 4.955229e-08 -1.261889e-06 -3.898721e-06 0.000000e+00 0.000000e+00 0.000000e+00 
-2.418696e+00 -2.210000e-01 1.201000e+03 3.440261e-08 -1.262052e-06 -3.898728e-06 0.000000e+00 0.000000e+00 0.000000e+00 
-1.354348e+00 -2.210000e-01 1.201000e+03 1.926105e-08 -1.262156e-06 -3.898733e-06 0.000000e+00 0.000000e+00 0.000000e+00 
-2.900000e-01 -2.210000e-01 1.201000e+03 4.124025e-09 -1.262201e-06 -3.898735e-06 0.000000e+00 0.000000e+00 0.000000e+00 
7.743478e-01 -2.210000e-01 1.201000e+03 -1.101202e-08 -1.262187e-06 -3.898734e-06 0.000000e+00 0.000000e+00 0.000000e+00 
1.838696e+00 -2.210000e-01 1.201000e+03 -2.615067e-08 -1.262116e-06 -3.898731e-06 0.000000e+00 0.000000e+00 0.000000e+00 
2.903043e+00 -2.210000e-01 1.201000e+03 -4.129548e-08 -1.261985e-06 -3.898725e-06 0.000000e+00 0.000000e+00 0.000000e+00 
3.967391e+00 -2.210000e-01 1.201000e+03 -5.645004e-08 -1.261796e-06 -3.898717e-06 0.000000e+00 0.000000e+00 0.000000e+00 
5.031739e+00 -2.210000e-01 1.201000e+03 -7.161792e-08 -1.261549e-06 -3.898706e-06 0.000000e+00 0.000000e+00 0.000000e+00 
6.096087e+00 -2.210000e-01 1.201000e+03 -8.680272e-08 -1.261243e-06 -3.898692e-06 0.000000e+00 0.000000e+00 0.000000e+00 
7.160435e+00 -2.210000e-01 1.201000e+03 -1.020081e-07 -1.260878e-06 -3.898675e-06 0.000000e+00 0.000000e+00 0.000000e+00 
8.224783e+00 -2.210000e-01 1.201000e+03 -1.172375e-07 -1.260455e-06 -3.898656e-06 0.000000e+00 0.000000e+00 0.000000e+00 
9.289130e+00 -2.210000e-01 1.201000e+03 -1.324948e-07 -1.259973e-06 -3.898634e-06 0.000000e+00 0.000000e+00 0.000000e+00 
1.035348e+01 -2.210000e-01 1.201000e+03 -1.477835e-07 -1.259433e-06 -3.898610e-06 0.000000e+00 0.000000e+00 0.000000e+00 
1.141783e+01 -2.210000e-01 1.201000e+03 -1.631074e-07 -1.258834e-06 -3.898582e-06 0.000000e+00 0.000000e+00 0.000000e+00 
1.248217e+01 -2.210000e-01 1.201000e+03 -1.784701e-07 -1.258177e-06 -3.898552e-06 0.000000e+00 0.000000e+00 0.000000e+00 
1.354652e+01 -2.210000e-01 1.201000e+03 -1.938755e-07 -1.257461e-06 -3.898519e-06 0.000000e+00 0.000000e+00 0.000000e+00 
1.461087e+01 -2.210000e-01 1.201000e+03 -2.093272e-07 -1.256686e-06 -3.898484e-06 0.000000e+00 0.000000e+00 0.000000e+00 
1.567522e+01 -2.210000e-01 1.201000e+03 -2.248292e-07 -1.255853e-06 -3.898445e-06 0.000000e+00 0.000000e+00 0.000000e+00 
1.673957e+01 -2.210000e-01 1.201000e+03 -2.403852e-07 -1.254962e-06 -3.898403e-06 0.000000e+00 0.000000e+00 0.000000e+00 
1.780391e+01 -2.210000e-01 1.201000e+03 -2.559992e-07 -1.254012e-06 -3.898359e-06 0.000000e+00 0.000000e+00 0.000000e+00 
1.886826e+01 -2.210000e-01 1.201000e+03 -2.716752e-07 -1.253003e-06 -3.898311e-06 0.000000e+00 0.000000e+00 0.000000e+00 
1.993261e+01 -2.210000e-01 1.201000e+03 -2.874171e-07 -1.251936e-06 -3.898261e-06 0.000000e+00 0.000000e+00 0.000000e+00 
2.099696e+01 -2.210000e-01 1.201000e+03 -3.032289e-07 -1.250811e-06 -3.898207e-06 0.000000e+00 0.000000e+00 0.000000e+00 
2.206130e+01 -2.210000e-01 1.201000e+03 -3.191149e-07 -1.249627e-06 -3.898150e-06 0.000000e+00 0.000000e+00 0.000000e+00 
2.312565e+01 -2.210000e-01 1.201000e+03 -3.350792e-07 -1.248385e-06 -3.898090e-06 0.000000e+00 0.000000e+00 0.000000e+00 
2.419000e+01 -2.210000e-01 1.201000e+03 -3.511261e-07 -1.247084e-06 -3.898027e-06 0.000000e+00 0.000000e+00 0.000000e+00 
