# 1,2,3, 4    , 5    , 6    , 7    , 8    , 9     
# x,y,z, Bx_si, By_si, Bz_si, In_si, Ic_si, Dc_si 
1.247790e+02 1.002300e+02 1.207864e+00 4.017157e-07 2.889161e-06 1.984306e-07 2.923696e-06 -3.891644e+00 7.915788e+00 
1.247790e+02 1.012943e+02 2.255164e+00 4.813368e-07 2.707183e-06 -6.091363e-07 2.816305e-06 1.249117e+01 1.008182e+01 
1.247790e+02 1.023587e+02 3.211530e+00 5.637810e-07 2.242546e-06 -1.439408e-06 2.723739e-06 3.190198e+01 1.411184e+01 
1.247790e+02 1.034230e+02 4.008937e+00 6.305380e-07 1.434168e-06 -2.113458e-06 2.630802e-06 5.345131e+01 2.373290e+01 
1.247790e+02 1.044874e+02 4.590665e+00 6.591176e-07 3.795314e-07 -2.415006e-06 2.531943e-06 7.251877e+01 6.006591e+01 
1.247790e+02 1.055517e+02 4.915335e+00 6.417733e-07 -6.898060e-07 -2.268714e-06 2.456577e-06 6.744723e+01 1.370659e+02 
1.247790e+02 1.066161e+02 4.959853e+00 5.861464e-07 -1.606318e-06 -1.746404e-06 2.444127e-06 4.560478e+01 1.599530e+02 
1.247790e+02 1.076804e+02 4.721053e+00 4.992458e-07 -2.274237e-06 -9.146911e-07 2.501612e-06 2.144702e+01 1.676187e+02 
1.247790e+02 1.087448e+02 4.215920e+00 3.903570e-07 -2.563596e-06 1.373457e-07 2.596780e-06 -3.031833e+00 1.713421e+02 
1.247790e+02 1.098091e+02 3.480385e+00 2.818829e-07 -2.397198e-06 1.195059e-06 2.693359e-06 -2.634057e+01 1.732935e+02 
1.247790e+02 1.108735e+02 2.566767e+00 1.966814e-07 -1.886317e-06 2.038801e-06 2.784527e-06 -4.707027e+01 1.740474e+02 
1.247790e+02 1.119378e+02 1.540052e+00 1.407565e-07 -1.231126e-06 2.608748e-06 2.888087e-06 -6.459244e+01 1.734776e+02 
1.247790e+02 1.130022e+02 4.732709e-01 1.085738e-07 -5.661450e-07 2.954506e-06 3.010219e-06 -7.895956e+01 1.691438e+02 
1.247790e+02 1.140665e+02 -5.576963e-01 9.247686e-08 4.679895e-08 3.145737e-06 3.147444e-06 -8.811293e+01 6.315780e+01 
1.247790e+02 1.151309e+02 -1.479516e+00 8.711629e-08 5.899560e-07 3.230251e-06 3.284838e-06 -7.954010e+01 8.399921e+00 
1.247790e+02 1.161952e+02 -2.226619e+00 8.929298e-08 1.058870e-06 3.235724e-06 3.405743e-06 -7.181956e+01 4.820267e+00 
1.247790e+02 1.172596e+02 -2.745863e+00 9.764586e-08 1.459751e-06 3.172874e-06 3.493928e-06 -6.524556e+01 3.826936e+00 
1.247790e+02 1.183239e+02 -3.000315e+00 1.117471e-07 1.800105e-06 3.044230e-06 3.538390e-06 -5.935515e+01 3.552254e+00 
1.247790e+02 1.193883e+02 -2.971874e+00 1.319194e-07 2.089586e-06 2.845983e-06 3.533185e-06 -5.365866e+01 3.612393e+00 
1.247790e+02 1.204526e+02 -2.662564e+00 1.588227e-07 2.337452e-06 2.571968e-06 3.479069e-06 -4.766918e+01 3.887099e+00 
1.247790e+02 1.215170e+02 -2.094387e+00 1.933348e-07 2.549619e-06 2.214792e-06 3.382786e-06 -4.089875e+01 4.336377e+00 
1.247790e+02 1.225813e+02 -1.307757e+00 2.365789e-07 2.726752e-06 1.765501e-06 3.257014e-06 -3.282406e+01 4.958688e+00 
1.247790e+02 1.236457e+02 -3.586271e-01 2.895845e-07 2.856308e-06 1.216683e-06 3.118120e-06 -2.296679e+01 5.789105e+00 
1.247790e+02 1.247100e+02 6.854902e-01 3.537037e-07 2.908737e-06 5.583248e-07 2.982882e-06 -1.078804e+01 6.933151e+00 
1.247790e+02 1.257743e+02 1.750327e+00 4.289372e-07 2.823802e-06 -2.064708e-07 2.863647e-06 4.134651e+00 8.637236e+00 
1.247790e+02 1.268387e+02 2.760140e+00 5.117217e-07 2.509751e-06 -1.040665e-06 2.764723e-06 2.211138e+01 1.152427e+01 
1.247790e+02 1.279030e+02 3.643101e+00 5.891180e-07 1.868104e-06 -1.818221e-06 2.672602e-06 4.286856e+01 1.750299e+01 
1.247790e+02 1.289674e+02 4.336405e+00 6.387546e-07 9.082271e-07 -2.323768e-06 2.575418e-06 6.446039e+01 3.511866e+01 
1.247790e+02 1.300317e+02 4.790737e+00 6.434925e-07 -1.829887e-07 -2.392292e-06 2.484075e-06 7.437634e+01 1.058741e+02 
1.247790e+02 1.310961e+02 4.973780e+00 6.054337e-07 -1.187730e-06 -2.042543e-06 2.439105e-06 5.686814e+01 1.529902e+02 
1.247790e+02 1.321604e+02 4.872513e+00 5.331561e-07 -1.989966e-06 -1.355651e-06 2.466173e-06 3.334630e+01 1.650014e+02 
1.247790e+02 1.332248e+02 4.494141e+00 4.330644e-07 -2.481574e-06 -3.928563e-07 2.549528e-06 8.864014e+00 1.701009e+02 
1.247790e+02 1.342891e+02 3.865577e+00 3.209850e-07 -2.535486e-06 6.941824e-07 2.648322e-06 -1.519599e+01 1.727849e+02 
1.247790e+02 1.353535e+02 3.031531e+00 2.224066e-07 -2.167547e-06 1.661172e-06 2.739930e-06 -3.732119e+01 1.741415e+02 
1.247790e+02 1.364178e+02 2.051329e+00 1.524946e-07 -1.559756e-06 2.361436e-06 2.834162e-06 -5.642932e+01 1.744160e+02 
1.247790e+02 1.374822e+02 9.946926e-01 1.096681e-07 -8.863339e-07 2.807190e-06 2.945833e-06 -7.235180e+01 1.729465e+02 
1.247790e+02 1.385465e+02 -6.321798e-02 8.656258e-08 -2.428000e-07 3.065418e-06 3.076237e-06 -8.519334e+01 1.603779e+02 
1.247790e+02 1.396109e+02 -1.047154e+00 7.642301e-08 3.366100e-07 3.197276e-06 3.215855e-06 -8.383824e+01 1.279144e+01 
1.247790e+02 1.406752e+02 -1.887127e+00 7.524982e-08 8.421064e-07 3.237899e-06 3.346461e-06 -7.536600e+01 5.106333e+00 
1.247790e+02 1.417396e+02 -2.523389e+00 8.066718e-08 1.276485e-06 3.207387e-06 3.453006e-06 -6.825904e+01 3.615986e+00 
1.247790e+02 1.428039e+02 -2.910683e+00 9.194317e-08 1.645527e-06 3.110796e-06 3.520407e-06 -6.208545e+01 3.198054e+00 
1.247790e+02 1.438683e+02 -3.021461e+00 1.090700e-07 1.958763e-06 2.947041e-06 3.540297e-06 -5.634893e+01 3.187115e+00 
1.247790e+02 1.449326e+02 -2.847843e+00 1.325503e-07 2.225692e-06 2.711004e-06 3.510102e-06 -5.056479e+01 3.408204e+00 
1.247790e+02 1.459970e+02 -2.402178e+00 1.631922e-07 2.454374e-06 2.395518e-06 3.433524e-06 -4.424155e+01 3.804018e+00 
1.247790e+02 1.470613e+02 -1.716167e+00 2.019107e-07 2.648748e-06 1.993218e-06 3.321077e-06 -3.688223e+01 4.359153e+00 
1.247790e+02 1.481257e+02 -8.386058e-01 2.499206e-07 2.802386e-06 1.494604e-06 3.185855e-06 -2.797832e+01 5.096233e+00 
1.247790e+02 1.491900e+02 1.680840e-01 3.083721e-07 2.897237e-06 8.913585e-07 3.046900e-06 -1.701045e+01 6.075494e+00 
