# 1 , 2 , 3 , 4      , 5      , 6      , 7      , 8      , 9        
# xm, ym, zm, IGRF_In, IGRF_Ic, IGRF_Dc, In_siB0, Ic_siB0, Dc_siB0  
1.247790e+02 1.002300e+02 1.207864e+00 4.518274e-05 5.346856e+01 3.327694e+00 4.681905e-05 5.046257e+01 3.776258e+00 
1.247790e+02 1.012943e+02 2.255164e+00 4.518274e-05 5.346856e+01 3.327694e+00 4.733415e-05 5.124935e+01 3.953076e+00 
1.247790e+02 1.023587e+02 3.211530e+00 4.518274e-05 5.346856e+01 3.327694e+00 4.770327e-05 5.230227e+01 4.177543e+00 
1.247790e+02 1.034230e+02 4.008937e+00 4.518274e-05 5.346856e+01 3.327694e+00 4.775821e-05 5.355731e+01 4.430944e+00 
1.247790e+02 1.044874e+02 4.590665e+00 4.518274e-05 5.346856e+01 3.327694e+00 4.738868e-05 5.479432e+01 4.661579e+00 
1.247790e+02 1.055517e+02 4.915335e+00 4.518274e-05 5.346856e+01 3.327694e+00 4.666058e-05 5.576147e+01 4.813517e+00 
1.247790e+02 1.066161e+02 4.959853e+00 4.518274e-05 5.346856e+01 3.327694e+00 4.571468e-05 5.634426e+01 4.862086e+00 
1.247790e+02 1.076804e+02 4.721053e+00 4.518274e-05 5.346856e+01 3.327694e+00 4.464959e-05 5.647149e+01 4.792444e+00 
1.247790e+02 1.087448e+02 4.215920e+00 4.518274e-05 5.346856e+01 3.327694e+00 4.360966e-05 5.603363e+01 4.594129e+00 
1.247790e+02 1.098091e+02 3.480385e+00 4.518274e-05 5.346856e+01 3.327694e+00 4.282649e-05 5.506825e+01 4.310356e+00 
1.247790e+02 1.108735e+02 2.566767e+00 4.518274e-05 5.346856e+01 3.327694e+00 4.243243e-05 5.385860e+01 4.027931e+00 
1.247790e+02 1.119378e+02 1.540052e+00 4.518274e-05 5.346856e+01 3.327694e+00 4.236418e-05 5.269414e+01 3.800741e+00 
1.247790e+02 1.130022e+02 4.732709e-01 4.518274e-05 5.346856e+01 3.327694e+00 4.249644e-05 5.170216e+01 3.634988e+00 
1.247790e+02 1.140665e+02 -5.576963e-01 4.518274e-05 5.346856e+01 3.327694e+00 4.272905e-05 5.090050e+01 3.518208e+00 
1.247790e+02 1.151309e+02 -1.479516e+00 4.518274e-05 5.346856e+01 3.327694e+00 4.300779e-05 5.026930e+01 3.437585e+00 
1.247790e+02 1.161952e+02 -2.226619e+00 4.518274e-05 5.346856e+01 3.327694e+00 4.330438e-05 4.978824e+01 3.384417e+00 
1.247790e+02 1.172596e+02 -2.745863e+00 4.518274e-05 5.346856e+01 3.327694e+00 4.361187e-05 4.943956e+01 3.353449e+00 
1.247790e+02 1.183239e+02 -3.000315e+00 4.518274e-05 5.346856e+01 3.327694e+00 4.393142e-05 4.921118e+01 3.341806e+00 
1.247790e+02 1.193883e+02 -2.971874e+00 4.518274e-05 5.346856e+01 3.327694e+00 4.427117e-05 4.909447e+01 3.348256e+00 
1.247790e+02 1.204526e+02 -2.662564e+00 4.518274e-05 5.346856e+01 3.327694e+00 4.464133e-05 4.908320e+01 3.372517e+00 
1.247790e+02 1.215170e+02 -2.094387e+00 4.518274e-05 5.346856e+01 3.327694e+00 4.505134e-05 4.917522e+01 3.415259e+00 
1.247790e+02 1.225813e+02 -1.307757e+00 4.518274e-05 5.346856e+01 3.327694e+00 4.550889e-05 4.937409e+01 3.478324e+00 
1.247790e+02 1.236457e+02 -3.586271e-01 4.518274e-05 5.346856e+01 3.327694e+00 4.601247e-05 4.969377e+01 3.565040e+00 
1.247790e+02 1.247100e+02 6.854902e-01 4.518274e-05 5.346856e+01 3.327694e+00 4.655257e-05 5.016502e+01 3.681734e+00 
1.247790e+02 1.257743e+02 1.750327e+00 4.518274e-05 5.346856e+01 3.327694e+00 4.709195e-05 5.083567e+01 3.836880e+00 
1.247790e+02 1.268387e+02 2.760140e+00 4.518274e-05 5.346856e+01 3.327694e+00 4.755061e-05 5.175791e+01 4.038580e+00 
1.247790e+02 1.279030e+02 3.643101e+00 4.518274e-05 5.346856e+01 3.327694e+00 4.777870e-05 5.293262e+01 4.282086e+00 
1.247790e+02 1.289674e+02 4.336405e+00 4.518274e-05 5.346856e+01 3.327694e+00 4.761944e-05 5.421452e+01 4.531408e+00 
1.247790e+02 1.300317e+02 4.790737e+00 4.518274e-05 5.346856e+01 3.327694e+00 4.704828e-05 5.533751e+01 4.726122e+00 
1.247790e+02 1.310961e+02 4.973780e+00 4.518274e-05 5.346856e+01 3.327694e+00 4.619361e-05 5.611553e+01 4.825910e+00 
1.247790e+02 1.321604e+02 4.872513e+00 4.518274e-05 5.346856e+01 3.327694e+00 4.517521e-05 5.647790e+01 4.815506e+00 
1.247790e+02 1.332248e+02 4.494141e+00 4.518274e-05 5.346856e+01 3.327694e+00 4.409757e-05 5.632670e+01 4.678491e+00 
1.247790e+02 1.342891e+02 3.865577e+00 4.518274e-05 5.346856e+01 3.327694e+00 4.316171e-05 5.559579e+01 4.426381e+00 
1.247790e+02 1.353535e+02 3.031531e+00 4.518274e-05 5.346856e+01 3.327694e+00 4.257538e-05 5.446120e+01 4.133081e+00 
1.247790e+02 1.364178e+02 2.051329e+00 4.518274e-05 5.346856e+01 3.327694e+00 4.236462e-05 5.324875e+01 3.876453e+00 
1.247790e+02 1.374822e+02 9.946926e-01 4.518274e-05 5.346856e+01 3.327694e+00 4.241544e-05 5.216417e+01 3.682098e+00 
1.247790e+02 1.385465e+02 -6.321798e-02 4.518274e-05 5.346856e+01 3.327694e+00 4.260975e-05 5.127063e+01 3.543716e+00 
1.247790e+02 1.396109e+02 -1.047154e+00 4.518274e-05 5.346856e+01 3.327694e+00 4.287164e-05 5.055805e+01 3.447087e+00 
1.247790e+02 1.406752e+02 -1.887127e+00 4.518274e-05 5.346856e+01 3.327694e+00 4.316279e-05 5.000657e+01 3.381893e+00 
1.247790e+02 1.417396e+02 -2.523389e+00 4.518274e-05 5.346856e+01 3.327694e+00 4.346619e-05 4.959419e+01 3.340781e+00 
1.247790e+02 1.428039e+02 -2.910683e+00 4.518274e-05 5.346856e+01 3.327694e+00 4.377952e-05 4.930832e+01 3.320208e+00 
1.247790e+02 1.438683e+02 -3.021461e+00 4.518274e-05 5.346856e+01 3.327694e+00 4.410841e-05 4.913803e+01 3.318137e+00 
1.247790e+02 1.449326e+02 -2.847843e+00 4.518274e-05 5.346856e+01 3.327694e+00 4.446218e-05 4.907600e+01 3.333857e+00 
1.247790e+02 1.459970e+02 -2.402178e+00 4.518274e-05 5.346856e+01 3.327694e+00 4.485129e-05 4.911792e+01 3.367606e+00 
1.247790e+02 1.470613e+02 -1.716167e+00 4.518274e-05 5.346856e+01 3.327694e+00 4.528409e-05 4.926326e+01 3.420408e+00 
1.247790e+02 1.481257e+02 -8.386058e-01 4.518274e-05 5.346856e+01 3.327694e+00 4.576434e-05 4.952241e+01 3.495158e+00 
1.247790e+02 1.491900e+02 1.680840e-01 4.518274e-05 5.346856e+01 3.327694e+00 4.628809e-05 4.991460e+01 3.596193e+00 
