# 1    , 2      , 3      , 4      , 5      , 6      , 7       
# dmeas, Bx_siB0, By_siB0, Bz_siB0, In_siB0, Ic_siB0, Dc_siB0 
0.000000e+00 2.973946e-05 1.962916e-06 3.610727e-05 4.681905e-05 5.046257e+01 3.776258e+00 
0.000000e+00 2.955748e-05 2.042537e-06 3.691484e-05 4.733415e-05 5.124935e+01 3.953076e+00 
0.000000e+00 2.909285e-05 2.124981e-06 3.774511e-05 4.770327e-05 5.230227e+01 4.177543e+00 
0.000000e+00 2.828447e-05 2.191738e-06 3.841916e-05 4.775821e-05 5.355731e+01 4.430944e+00 
0.000000e+00 2.722983e-05 2.220318e-06 3.872071e-05 4.738868e-05 5.479432e+01 4.661579e+00 
0.000000e+00 2.616049e-05 2.202973e-06 3.857441e-05 4.666058e-05 5.576147e+01 4.813517e+00 
0.000000e+00 2.524398e-05 2.147346e-06 3.805210e-05 4.571468e-05 5.634426e+01 4.862086e+00 
0.000000e+00 2.457606e-05 2.060446e-06 3.722039e-05 4.464959e-05 5.647149e+01 4.792444e+00 
0.000000e+00 2.428670e-05 1.951557e-06 3.616835e-05 4.360966e-05 5.603363e+01 4.594129e+00 
0.000000e+00 2.445310e-05 1.843083e-06 3.511064e-05 4.282649e-05 5.506825e+01 4.310356e+00 
0.000000e+00 2.496398e-05 1.757881e-06 3.426690e-05 4.243243e-05 5.385860e+01 4.027931e+00 
0.000000e+00 2.561917e-05 1.701957e-06 3.369695e-05 4.236418e-05 5.269414e+01 3.800741e+00 
0.000000e+00 2.628415e-05 1.669774e-06 3.335119e-05 4.249644e-05 5.170216e+01 3.634988e+00 
0.000000e+00 2.689710e-05 1.653677e-06 3.315996e-05 4.272905e-05 5.090050e+01 3.518208e+00 
0.000000e+00 2.744026e-05 1.648316e-06 3.307545e-05 4.300779e-05 5.026930e+01 3.437585e+00 
0.000000e+00 2.790917e-05 1.650493e-06 3.306998e-05 4.330438e-05 4.978824e+01 3.384417e+00 
0.000000e+00 2.831005e-05 1.658846e-06 3.313283e-05 4.361187e-05 4.943956e+01 3.353449e+00 
0.000000e+00 2.865041e-05 1.672947e-06 3.326147e-05 4.393142e-05 4.921118e+01 3.341806e+00 
0.000000e+00 2.893989e-05 1.693119e-06 3.345972e-05 4.427117e-05 4.909447e+01 3.348256e+00 
0.000000e+00 2.918775e-05 1.720023e-06 3.373373e-05 4.464133e-05 4.908320e+01 3.372517e+00 
0.000000e+00 2.939992e-05 1.754535e-06 3.409091e-05 4.505134e-05 4.917522e+01 3.415259e+00 
0.000000e+00 2.957705e-05 1.797779e-06 3.454020e-05 4.550889e-05 4.937409e+01 3.478324e+00 
0.000000e+00 2.970661e-05 1.850784e-06 3.508902e-05 4.601247e-05 4.969377e+01 3.565040e+00 
0.000000e+00 2.975904e-05 1.914904e-06 3.574738e-05 4.655257e-05 5.016502e+01 3.681734e+00 
0.000000e+00 2.967410e-05 1.990137e-06 3.651217e-05 4.709195e-05 5.083567e+01 3.836880e+00 
0.000000e+00 2.936005e-05 2.072922e-06 3.734636e-05 4.755061e-05 5.175791e+01 4.038580e+00 
0.000000e+00 2.871840e-05 2.150318e-06 3.812392e-05 4.777870e-05 5.293262e+01 4.282086e+00 
0.000000e+00 2.775853e-05 2.199955e-06 3.862947e-05 4.761944e-05 5.421452e+01 4.531408e+00 
0.000000e+00 2.666731e-05 2.204693e-06 3.869799e-05 4.704828e-05 5.533751e+01 4.726122e+00 
0.000000e+00 2.566257e-05 2.166634e-06 3.834824e-05 4.619361e-05 5.611553e+01 4.825910e+00 
0.000000e+00 2.486033e-05 2.094356e-06 3.766135e-05 4.517521e-05 5.647790e+01 4.815506e+00 
0.000000e+00 2.436873e-05 1.994264e-06 3.669856e-05 4.409757e-05 5.632670e+01 4.678491e+00 
0.000000e+00 2.431481e-05 1.882185e-06 3.561152e-05 4.316171e-05 5.559579e+01 4.426381e+00 
0.000000e+00 2.468275e-05 1.783607e-06 3.464453e-05 4.257538e-05 5.446120e+01 4.133081e+00 
0.000000e+00 2.529054e-05 1.713695e-06 3.394426e-05 4.236462e-05 5.324875e+01 3.876453e+00 
0.000000e+00 2.596397e-05 1.670868e-06 3.349851e-05 4.241544e-05 5.216417e+01 3.682098e+00 
0.000000e+00 2.660750e-05 1.647763e-06 3.324028e-05 4.260975e-05 5.127063e+01 3.543716e+00 
0.000000e+00 2.718691e-05 1.637623e-06 3.310842e-05 4.287164e-05 5.055805e+01 3.447087e+00 
0.000000e+00 2.769241e-05 1.636450e-06 3.306780e-05 4.316279e-05 5.000657e+01 3.381893e+00 
0.000000e+00 2.812678e-05 1.641867e-06 3.309831e-05 4.346619e-05 4.959419e+01 3.340781e+00 
0.000000e+00 2.849583e-05 1.653143e-06 3.319490e-05 4.377952e-05 4.930832e+01 3.320208e+00 
0.000000e+00 2.880906e-05 1.670270e-06 3.335866e-05 4.410841e-05 4.913803e+01 3.318137e+00 
0.000000e+00 2.907599e-05 1.693750e-06 3.359470e-05 4.446218e-05 4.907600e+01 3.333857e+00 
0.000000e+00 2.930467e-05 1.724392e-06 3.391018e-05 4.485129e-05 4.911792e+01 3.367606e+00 
0.000000e+00 2.949905e-05 1.763111e-06 3.431248e-05 4.528409e-05 4.926326e+01 3.420408e+00 
0.000000e+00 2.965269e-05 1.811121e-06 3.481110e-05 4.576434e-05 4.952241e+01 3.495158e+00 
0.000000e+00 2.974754e-05 1.869572e-06 3.541434e-05 4.628809e-05 4.991460e+01 3.596193e+00 
