# 1    , 2      , 3      , 4      , 5      , 6      , 7       
# dmeas, Bx_siB0, By_siB0, Bz_siB0, In_siB0, Ic_siB0, Dc_siB0 
0.000000e+00 2.568737e-05 4.362385e-07 3.655429e-05 4.467938e-05 5.489970e+01 9.729383e-01 
2.157064e+00 2.571960e-05 6.848902e-07 3.571091e-05 4.401404e-05 5.422830e+01 1.525375e+00 
4.009790e+00 2.581135e-05 6.816115e-07 3.675103e-05 4.491468e-05 5.490909e+01 1.512683e+00 
6.432482e+00 2.582901e-05 6.738553e-07 3.678196e-05 4.495002e-05 5.491356e+01 1.494456e+00 
1.060382e+01 2.503640e-05 1.158803e-06 3.658556e-05 4.434712e-05 5.558663e+01 2.650028e+00 
1.279858e+01 2.484508e-05 1.389380e-06 3.520290e-05 4.310977e-05 5.474463e+01 3.200745e+00 
1.570972e+01 2.577434e-05 1.794315e-06 3.527807e-05 4.372732e-05 5.378194e+01 3.982296e+00 
1.871373e+01 2.578801e-05 1.649059e-06 3.555274e-05 4.395154e-05 5.398934e+01 3.658897e+00 
2.378995e+01 2.656394e-05 1.738095e-06 3.555422e-05 4.441584e-05 5.317647e+01 3.743562e+00 
2.482539e+01 2.654907e-05 1.516383e-06 3.473254e-05 4.374359e-05 5.256118e+01 3.268967e+00 
2.569447e+01 2.677766e-05 1.502106e-06 3.483203e-05 4.396100e-05 5.240467e+01 3.210669e+00 
2.920594e+01 2.679295e-05 1.668791e-06 3.506042e-05 4.415745e-05 5.255964e+01 3.564046e+00 
3.250502e+01 2.678881e-05 1.501444e-06 3.538262e-05 4.440523e-05 5.282674e+01 3.207924e+00 
3.440177e+01 2.676926e-05 1.405720e-06 3.522395e-05 4.426394e-05 5.272813e+01 3.005982e+00 
3.600708e+01 2.681409e-05 1.297610e-06 3.545253e-05 4.446978e-05 5.286615e+01 2.770543e+00 
3.806029e+01 2.702521e-05 1.291301e-06 3.517742e-05 4.437883e-05 5.243500e+01 2.735588e+00 
4.012339e+01 2.692563e-05 1.337479e-06 3.503388e-05 4.420579e-05 5.242145e+01 2.843720e+00 
4.206202e+01 2.699765e-05 1.062950e-06 3.548619e-05 4.460126e-05 5.271498e+01 2.254681e+00 
4.396952e+01 2.740144e-05 1.311363e-06 3.531113e-05 4.471504e-05 5.215679e+01 2.739939e+00 
4.625121e+01 2.716677e-05 3.184368e-07 3.542467e-05 4.464350e-05 5.251392e+01 6.715650e-01 
4.892883e+01 2.753684e-05 1.305878e-06 3.517211e-05 4.468848e-05 5.191076e+01 2.715101e+00 
5.087570e+01 2.761668e-05 1.171887e-06 3.510296e-05 4.467967e-05 5.178163e+01 2.429833e+00 
5.302838e+01 2.768814e-05 1.083424e-06 3.555405e-05 4.507657e-05 5.206865e+01 2.240815e+00 
5.487540e+01 2.825022e-05 1.333920e-06 3.570905e-05 4.555207e-05 5.162065e+01 2.703386e+00 
5.719304e+01 2.803719e-05 1.415635e-06 3.667258e-05 4.618405e-05 5.256590e+01 2.890486e+00 
5.955443e+01 2.724576e-05 1.377380e-06 3.715315e-05 4.609322e-05 5.371116e+01 2.894062e+00 
6.111958e+01 2.632276e-05 1.312944e-06 3.678324e-05 4.525061e-05 5.437810e+01 2.855470e+00 
6.319502e+01 2.587587e-05 2.072835e-06 3.650961e-05 4.479742e-05 5.458673e+01 4.580006e+00 
6.455714e+01 2.645231e-05 1.294439e-06 3.610850e-05 4.477973e-05 5.374163e+01 2.801523e+00 
6.593101e+01 2.608256e-05 1.445374e-06 3.589073e-05 4.439069e-05 5.395151e+01 3.171821e+00 
6.749700e+01 2.643971e-05 1.511330e-06 3.479943e-05 4.373034e-05 5.272834e+01 3.271546e+00 
6.929172e+01 2.672330e-05 1.528905e-06 3.502490e-05 4.408192e-05 5.261193e+01 3.274461e+00 
7.093375e+01 2.664180e-05 1.580368e-06 3.464302e-05 4.373125e-05 5.238971e+01 3.394757e+00 
7.262516e+01 2.718680e-05 1.672854e-06 3.475787e-05 4.415914e-05 5.191576e+01 3.521076e+00 
7.492696e+01 2.698048e-05 1.612568e-06 3.567886e-05 4.476079e-05 5.285415e+01 3.420383e+00 
7.718037e+01 2.711607e-05 1.132616e-06 3.622316e-05 4.526236e-05 5.315811e+01 2.391808e+00 
7.948909e+01 2.709280e-05 1.782880e-06 3.539032e-05 4.460575e-05 5.250463e+01 3.765002e+00 
8.102207e+01 2.682106e-05 1.294158e-06 3.540532e-05 4.443626e-05 5.282243e+01 2.762469e+00 
8.324161e+01 2.722782e-05 9.708016e-07 3.524956e-05 4.455141e-05 5.229881e+01 2.042003e+00 
8.494116e+01 2.674898e-05 1.586103e-06 3.610427e-05 4.496156e-05 5.341783e+01 3.393427e+00 
8.694708e+01 2.708733e-05 1.031770e-06 3.504327e-05 4.430371e-05 5.227702e+01 2.181371e+00 
8.905913e+01 2.836473e-05 4.806586e-07 3.788035e-05 4.732557e-05 5.317026e+01 9.708209e-01 
9.124541e+01 2.742072e-05 7.976542e-07 3.587945e-05 4.516489e-05 5.259959e+01 1.666234e+00 
9.347366e+01 2.745017e-05 1.045631e-06 3.561287e-05 4.497645e-05 5.235511e+01 2.181454e+00 
9.565355e+01 2.712081e-05 7.244561e-07 3.678569e-05 4.570832e-05 5.359018e+01 1.530132e+00 
9.679860e+01 2.722300e-05 1.160810e-06 3.641744e-05 4.548263e-05 5.319596e+01 2.441658e+00 
9.879789e+01 2.670268e-05 1.607724e-06 3.582286e-05 4.470900e-05 5.324914e+01 3.445524e+00 
1.007518e+02 2.692483e-05 1.808728e-06 3.565075e-05 4.471234e-05 5.287643e+01 3.843181e+00 
1.035650e+02 2.706166e-05 1.897661e-06 3.628653e-05 4.530615e-05 5.321790e+01 4.011221e+00 
1.056521e+02 2.769102e-05 1.978672e-06 3.625640e-05 4.566436e-05 5.255862e+01 4.087145e+00 
1.073063e+02 2.804838e-05 1.795058e-06 3.658526e-05 4.613475e-05 5.246758e+01 3.661857e+00 
1.086161e+02 2.774198e-05 1.407557e-06 3.607041e-05 4.552662e-05 5.240029e+01 2.904550e+00 
1.106090e+02 2.782665e-05 9.932792e-07 3.724255e-05 4.650072e-05 5.321639e+01 2.044319e+00 
1.117330e+02 2.829134e-05 1.433756e-06 3.645621e-05 4.616829e-05 5.215165e+01 2.901169e+00 
1.133783e+02 2.846878e-05 9.285006e-07 3.698350e-05 4.668097e-05 5.239729e+01 1.868023e+00 
1.164429e+02 2.757385e-05 9.659003e-07 3.685520e-05 4.603864e-05 5.318051e+01 2.006226e+00 
1.182755e+02 2.773253e-05 6.002315e-07 3.736555e-05 4.653642e-05 5.341095e+01 1.239893e+00 
1.200628e+02 2.760636e-05 5.327917e-07 3.748803e-05 4.655907e-05 5.362680e+01 1.105648e+00 
1.217589e+02 2.613321e-05 8.068442e-07 3.665732e-05 4.502616e-05 5.450181e+01 1.768404e+00 
1.236359e+02 2.653664e-05 1.004102e-06 3.660491e-05 4.522301e-05 5.404037e+01 2.166942e+00 
1.259096e+02 2.640127e-05 7.908376e-07 3.664452e-05 4.517160e-05 5.421621e+01 1.715755e+00 
1.277039e+02 2.582900e-05 7.097884e-07 3.643336e-05 4.466576e-05 5.465551e+01 1.574108e+00 
1.303288e+02 2.646840e-05 5.603870e-07 3.589267e-05 4.460016e-05 5.358762e+01 1.212881e+00 
1.319264e+02 2.547442e-05 3.312252e-07 3.623525e-05 4.429503e-05 5.488941e+01 7.449330e-01 
1.337913e+02 2.602295e-05 6.829020e-07 3.554424e-05 4.405739e-05 5.378168e+01 1.503228e+00 
1.352497e+02 2.642889e-05 9.950855e-07 3.507082e-05 4.392538e-05 5.297931e+01 2.156249e+00 
1.369434e+02 2.633263e-05 1.004530e-06 3.525766e-05 4.401726e-05 5.322535e+01 2.184644e+00 
1.385889e+02 2.671102e-05 1.144269e-06 3.508486e-05 4.411049e-05 5.269172e+01 2.452985e+00 
1.402659e+02 2.713169e-05 7.725389e-07 3.647963e-05 4.546965e-05 5.334890e+01 1.630981e+00 
1.425849e+02 2.713576e-05 1.430737e-06 3.472217e-05 4.409111e-05 5.195338e+01 3.018134e+00 
1.441713e+02 2.774138e-05 1.816772e-06 3.433337e-05 4.417766e-05 5.100182e+01 3.746927e+00 
1.459531e+02 2.841913e-05 1.061721e-06 3.535091e-05 4.537026e-05 5.118416e+01 2.139540e+00 
1.469585e+02 2.832788e-05 2.021168e-06 3.538846e-05 4.537507e-05 5.125232e+01 4.081086e+00 
1.487142e+02 2.882403e-05 1.653982e-06 3.526949e-05 4.557957e-05 5.069640e+01 3.284147e+00 
1.508990e+02 2.866264e-05 1.741110e-06 3.610788e-05 4.613412e-05 5.150586e+01 3.476157e+00 
1.547376e+02 2.861196e-05 1.891188e-06 3.698863e-05 4.680149e-05 5.221638e+01 3.781625e+00 
1.563237e+02 2.877236e-05 1.630992e-06 3.700691e-05 4.690437e-05 5.209089e+01 3.244402e+00 
1.580484e+02 2.820872e-05 1.502417e-06 3.776233e-05 4.715912e-05 5.320110e+01 3.048735e+00 
1.597138e+02 2.806682e-05 8.566520e-07 3.813257e-05 4.735581e-05 5.363298e+01 1.748232e+00 
1.614858e+02 2.769520e-05 5.462692e-07 3.725075e-05 4.642134e-05 5.336459e+01 1.129974e+00 
1.637563e+02 2.810742e-05 -2.100028e-08 3.780611e-05 4.710976e-05 5.337058e+01 -4.280816e-02 
1.660495e+02 2.809655e-05 -1.700028e-07 3.848363e-05 4.764908e-05 5.386666e+01 -3.466733e-01 
1.681422e+02 2.730561e-05 -3.335883e-07 4.044479e-05 4.880050e-05 5.597343e+01 -6.999386e-01 
1.682044e+02 2.758795e-05 -2.509638e-07 3.985304e-05 4.847085e-05 5.530628e+01 -5.211974e-01 
1.696096e+02 2.580235e-05 9.394929e-09 3.950493e-05 4.718475e-05 5.684974e+01 2.086204e-02 
1.731167e+02 2.444425e-05 7.678439e-07 3.791310e-05 4.511667e-05 5.717547e+01 1.799186e+00 
1.760754e+02 2.440183e-05 2.423756e-07 3.619242e-05 4.365088e-05 5.600986e+01 5.690820e-01 
1.773472e+02 2.473290e-05 7.556785e-07 3.479585e-05 4.269706e-05 5.458215e+01 1.750046e+00 
1.796748e+02 2.508765e-05 2.968087e-07 3.486637e-05 4.295511e-05 5.426168e+01 6.778273e-01 
1.814633e+02 2.576701e-05 6.338514e-07 3.449478e-05 4.306078e-05 5.323258e+01 1.409154e+00 
1.829765e+02 2.687138e-05 5.160480e-07 3.417330e-05 4.347587e-05 5.181595e+01 1.100194e+00 
1.847136e+02 2.707668e-05 6.343002e-07 3.443621e-05 4.381097e-05 5.181492e+01 1.341970e+00 
1.863904e+02 2.700096e-05 7.331167e-07 3.459977e-05 4.389458e-05 5.202200e+01 1.555284e+00 
1.884935e+02 2.720911e-05 1.175283e-06 3.407237e-05 4.361930e-05 5.136421e+01 2.473324e+00 
1.899643e+02 2.738181e-05 1.498311e-06 3.416211e-05 4.380706e-05 5.124513e+01 3.132056e+00 
1.916195e+02 2.829510e-05 1.760555e-06 3.556106e-05 4.547858e-05 5.143761e+01 3.560422e+00 
1.933386e+02 2.787959e-05 1.624365e-06 3.481160e-05 4.462911e-05 5.126240e+01 3.334488e+00 
1.948557e+02 2.694396e-05 1.450905e-06 3.576527e-05 4.480219e-05 5.296738e+01 3.082341e+00 
1.970284e+02 2.804491e-05 2.063427e-06 3.554207e-05 4.532123e-05 5.164912e+01 4.208000e+00 
1.997555e+02 2.791506e-05 1.266374e-06 3.585251e-05 4.545609e-05 5.206683e+01 2.597458e+00 
2.025419e+02 2.727423e-05 1.198337e-06 3.667049e-05 4.571700e-05 5.333295e+01 2.515764e+00 
2.043886e+02 2.728490e-05 5.882530e-07 3.705067e-05 4.601699e-05 5.362492e+01 1.235086e+00 
2.062066e+02 2.683892e-05 5.397764e-07 3.652720e-05 4.533052e-05 5.368732e+01 1.152160e+00 
2.080318e+02 2.721396e-05 8.139954e-07 3.635247e-05 4.541766e-05 5.316868e+01 1.713261e+00 
2.100417e+02 2.701610e-05 1.116542e-06 3.630086e-05 4.526444e-05 5.331894e+01 2.366617e+00 
2.122547e+02 2.721986e-05 8.474439e-07 3.582486e-05 4.500066e-05 5.275893e+01 1.783230e+00 
2.145339e+02 2.708224e-05 1.029107e-06 3.605851e-05 4.510790e-05 5.307127e+01 2.176155e+00 
2.168454e+02 2.709818e-05 1.152081e-06 3.602217e-05 4.509142e-05 5.302232e+01 2.434468e+00 
2.191083e+02 2.712495e-05 1.633403e-06 3.570631e-05 4.487061e-05 5.272725e+01 3.446060e+00 
2.211803e+02 2.712102e-05 1.736244e-06 3.595674e-05 4.507162e-05 5.291757e+01 3.662986e+00 
2.232723e+02 2.735761e-05 1.864608e-06 3.576093e-05 4.506395e-05 5.251941e+01 3.899070e+00 
2.250348e+02 2.768012e-05 1.835293e-06 3.555783e-05 4.509896e-05 5.203997e+01 3.793367e+00 
2.268908e+02 2.900707e-05 1.499602e-06 3.667198e-05 4.678134e-05 5.161924e+01 2.959431e+00 
2.295877e+02 2.883967e-05 1.415359e-06 3.818579e-05 4.787363e-05 5.290506e+01 2.809639e+00 
2.318938e+02 2.767829e-05 6.559498e-07 3.911724e-05 4.792365e-05 5.471024e+01 1.357603e+00 
2.335234e+02 2.718671e-05 1.103955e-07 3.923924e-05 4.773727e-05 5.528382e+01 2.326564e-01 
2.353038e+02 2.532575e-05 -4.033663e-07 3.802564e-05 4.568923e-05 5.633233e+01 -9.124795e-01 
2.363412e+02 2.502370e-05 -1.234701e-07 3.752966e-05 4.510739e-05 5.630547e+01 -2.827023e-01 
2.382151e+02 2.500148e-05 3.163753e-08 3.653863e-05 4.427354e-05 5.561818e+01 7.250356e-02 
2.394675e+02 2.458441e-05 6.211305e-08 3.622731e-05 4.378145e-05 5.583849e+01 1.447587e-01 
2.412849e+02 2.428528e-05 2.834492e-07 3.523529e-05 4.279463e-05 5.542233e+01 6.687057e-01 
2.428526e+02 2.484555e-05 5.103502e-07 3.413633e-05 4.222382e-05 5.394588e+01 1.176742e+00 
2.439705e+02 2.500459e-05 8.664936e-07 3.413415e-05 4.232163e-05 5.375938e+01 1.984698e+00 
2.455183e+02 2.494786e-05 1.039152e-06 3.380589e-05 4.202753e-05 5.354992e+01 2.385160e+00 
2.469844e+02 2.532589e-05 1.034235e-06 3.376751e-05 4.222221e-05 5.310691e+01 2.338492e+00 
2.481270e+02 2.574593e-05 1.086457e-06 3.381449e-05 4.251415e-05 5.269024e+01 2.416402e+00 
2.491184e+02 2.612608e-05 1.245773e-06 3.390639e-05 4.282251e-05 5.235301e+01 2.729973e+00 
2.503611e+02 2.619527e-05 1.294084e-06 3.398316e-05 4.292694e-05 5.234009e+01 2.828195e+00 
2.535700e+02 2.648313e-05 1.380028e-06 3.378393e-05 4.294898e-05 5.186948e+01 2.982967e+00 
2.559534e+02 2.671917e-05 1.505119e-06 3.453592e-05 4.369106e-05 5.222827e+01 3.224124e+00 
2.586392e+02 2.660350e-05 1.161730e-06 3.435616e-05 4.346771e-05 5.222137e+01 2.500422e+00 
2.888399e+02 2.768759e-05 9.863212e-07 3.450957e-05 4.425478e-05 5.124162e+01 2.040198e+00 
2.931717e+02 2.720052e-05 7.815456e-07 3.416536e-05 4.367780e-05 5.146367e+01 1.645812e+00 
2.949700e+02 2.721176e-05 5.831276e-07 3.431170e-05 4.379626e-05 5.157653e+01 1.227618e+00 
2.980614e+02 2.696713e-05 6.088345e-07 3.389987e-05 4.332203e-05 5.149086e+01 1.293342e+00 
2.998929e+02 2.630611e-05 4.490856e-07 3.416852e-05 4.312425e-05 5.240353e+01 9.780315e-01 
3.017394e+02 2.607808e-05 2.259368e-07 3.416193e-05 4.297854e-05 5.264206e+01 4.963902e-01 
3.036463e+02 2.593746e-05 2.211964e-07 3.496773e-05 4.353783e-05 5.343267e+01 4.886105e-01 
3.057892e+02 2.594979e-05 -7.785894e-09 3.458320e-05 4.323643e-05 5.311697e+01 -1.719085e-02 
3.075387e+02 2.552226e-05 -9.437526e-08 3.501880e-05 4.333256e-05 5.391465e+01 -2.118652e-01 
3.088919e+02 2.502388e-05 4.521179e-10 3.515501e-05 4.315171e-05 5.455615e+01 1.035189e-03 
3.099811e+02 2.488605e-05 -1.277145e-07 3.539758e-05 4.327032e-05 5.489075e+01 -2.940377e-01 
3.119751e+02 2.475375e-05 1.946070e-07 3.515349e-05 4.299481e-05 5.484742e+01 4.504340e-01 
3.137316e+02 2.421713e-05 3.531825e-07 3.537241e-05 4.286959e-05 5.560032e+01 8.355419e-01 
3.158266e+02 2.396619e-05 3.094492e-07 3.584379e-05 4.311903e-05 5.622997e+01 7.397567e-01 
3.179838e+02 2.412172e-05 2.492654e-07 3.600043e-05 4.333532e-05 5.617493e+01 5.920536e-01 
3.204795e+02 2.438000e-05 1.006031e-07 3.633482e-05 4.375630e-05 5.613888e+01 2.364274e-01 
