# 1, 2, 3, 4   , 5   , 6   , 7   , 8   , 9   , 10  
# x, y, z, Bx_si, By_si, Bz_si, In_si, Ic_si, Dc_si, dmeas 
5.053600e+05 4.183132e+06 1.556266e+03 -1.126661e-06 -1.136732e-06 -2.059872e-07 1.613678e-06 7.333858e+00 -1.352549e+02 0.000000e+00 
5.053607e+05 4.183134e+06 1.555682e+03 -8.780098e-07 -1.104499e-06 6.373895e-07 1.548252e-06 -2.431062e+01 -1.415174e+02 2.157064e+00 
5.053605e+05 4.183136e+06 1.555524e+03 -8.812885e-07 -1.012751e-06 -4.027302e-07 1.401615e-06 1.669835e+01 -1.389704e+02 4.009790e+00 
5.053603e+05 4.183139e+06 1.555228e+03 -8.890447e-07 -9.950910e-07 -4.336629e-07 1.403093e-06 1.800358e+01 -1.382214e+02 6.432482e+00 
5.053594e+05 4.183143e+06 1.554987e+03 -4.040974e-07 -1.787704e-06 -2.372565e-07 1.848100e-06 7.375908e+00 -1.672628e+02 1.060382e+01 
5.053599e+05 4.183145e+06 1.553799e+03 -1.735201e-07 -1.979019e-06 1.145399e-06 2.293156e-06 -2.996599e+01 -1.749891e+02 1.279858e+01 
5.053622e+05 4.183147e+06 1.552447e+03 2.314147e-07 -1.049757e-06 1.070228e-06 1.516882e-06 -4.487356e+01 1.675682e+02 1.570972e+01 
5.053634e+05 4.183149e+06 1.551012e+03 8.615944e-08 -1.036092e-06 7.955624e-07 1.309133e-06 -3.742350e+01 1.752463e+02 1.871373e+01 
5.053652e+05 4.183154e+06 1.548554e+03 1.751949e-07 -2.601603e-07 7.940768e-07 8.537767e-07 -6.844659e+01 1.460432e+02 2.378995e+01 
5.053655e+05 4.183155e+06 1.548130e+03 -4.651743e-08 -2.750334e-07 1.615760e-06 1.639661e-06 -8.020519e+01 -1.704002e+02 2.482539e+01 
5.053652e+05 4.183156e+06 1.547834e+03 -6.079447e-08 -4.644041e-08 1.516267e-06 1.518196e-06 -8.711161e+01 -1.273759e+02 2.569447e+01 
5.053662e+05 4.183159e+06 1.546610e+03 1.058910e-07 -3.114815e-08 1.287876e-06 1.292597e-06 -8.510145e+01 1.063914e+02 2.920594e+01 
5.053677e+05 4.183162e+06 1.545895e+03 -6.145647e-08 -3.529089e-08 9.656842e-07 9.682811e-07 -8.580277e+01 -1.198663e+02 3.250502e+01 
5.053688e+05 4.183164e+06 1.545507e+03 -1.571800e-07 -5.484269e-08 1.124347e-06 1.136604e-06 -8.157786e+01 -1.092347e+02 3.440177e+01 
5.053695e+05 4.183165e+06 1.545133e+03 -2.652905e-07 -1.000668e-08 8.957745e-07 9.342865e-07 -7.349185e+01 -9.216016e+01 3.600708e+01 
5.053702e+05 4.183167e+06 1.544676e+03 -2.715994e-07 2.011128e-07 1.170881e-06 1.218678e-06 -7.390018e+01 -5.348094e+01 3.806029e+01 
5.053715e+05 4.183169e+06 1.544287e+03 -2.254210e-07 1.015331e-07 1.314417e-06 1.337466e-06 -7.934755e+01 -6.575248e+01 4.012339e+01 
5.053725e+05 4.183170e+06 1.544040e+03 -4.999504e-07 1.735487e-07 8.621150e-07 1.011589e-06 -5.845599e+01 -7.085648e+01 4.206202e+01 
5.053731e+05 4.183172e+06 1.543803e+03 -2.515371e-07 5.773438e-07 1.037167e-06 1.213389e-06 -5.873422e+01 -2.354179e+01 4.396952e+01 
5.053732e+05 4.183175e+06 1.543597e+03 -1.244463e-06 3.426655e-07 9.236276e-07 1.587198e-06 -3.558595e+01 -7.460500e+01 4.625121e+01 
5.053734e+05 4.183177e+06 1.543383e+03 -2.570219e-07 7.127391e-07 1.176192e-06 1.399101e-06 -5.721164e+01 -1.982988e+01 4.892883e+01 
5.053739e+05 4.183179e+06 1.543261e+03 -3.910126e-07 7.925837e-07 1.245338e-06 1.527071e-06 -5.463757e+01 -2.625893e+01 5.087570e+01 
5.053738e+05 4.183181e+06 1.543507e+03 -4.794755e-07 8.640368e-07 7.942505e-07 1.267790e-06 -3.879123e+01 -2.902698e+01 5.302838e+01 
5.053744e+05 4.183183e+06 1.543641e+03 -2.289803e-07 1.426119e-06 6.392472e-07 1.579520e-06 -2.387294e+01 -9.121664e+00 5.487540e+01 
5.053749e+05 4.183185e+06 1.544288e+03 -1.472650e-07 1.213089e-06 -3.242825e-07 1.264291e-06 1.486211e+01 -6.921650e+00 5.719304e+01 
5.053746e+05 4.183188e+06 1.545109e+03 -1.855201e-07 4.216628e-07 -8.048454e-07 9.273582e-07 6.021442e+01 -2.374818e+01 5.955443e+01 
5.053744e+05 4.183189e+06 1.545241e+03 -2.499565e-07 -5.013438e-07 -4.349383e-07 7.092215e-07 3.782571e+01 -1.535004e+02 6.111958e+01 
5.053745e+05 4.183191e+06 1.544877e+03 5.099347e-07 -9.482340e-07 -1.613114e-07 1.088670e-06 8.521060e+00 1.517298e+02 6.319502e+01 
5.053749e+05 4.183193e+06 1.544620e+03 -2.684612e-07 -3.717898e-07 2.398013e-07 5.174975e-07 -2.760584e+01 -1.441678e+02 6.455714e+01 
5.053752e+05 4.183194e+06 1.544292e+03 -1.175261e-07 -7.415395e-07 4.575712e-07 8.792409e-07 -3.136017e+01 -1.709941e+02 6.593101e+01 
5.053762e+05 4.183195e+06 1.543874e+03 -5.156956e-08 -3.843909e-07 1.548869e-06 1.596688e-06 -7.594226e+01 -1.723589e+02 6.749700e+01 
5.053759e+05 4.183197e+06 1.543386e+03 -3.399536e-08 -1.007999e-07 1.323404e-06 1.327673e-06 -8.540432e+01 -1.613630e+02 6.929172e+01 
5.053759e+05 4.183198e+06 1.542951e+03 1.746784e-08 -1.823002e-07 1.705277e-06 1.715082e-06 -8.387032e+01 1.745267e+02 7.093375e+01 
5.053764e+05 4.183200e+06 1.542931e+03 1.099540e-07 3.627003e-07 1.590431e-06 1.634966e-06 -7.659637e+01 1.686489e+01 7.262516e+01 
5.053772e+05 4.183202e+06 1.542915e+03 4.966815e-08 1.563765e-07 6.694352e-07 6.892489e-07 -7.622860e+01 1.762084e+01 7.492696e+01 
5.053775e+05 4.183204e+06 1.542831e+03 -4.302838e-07 2.919676e-07 1.251412e-07 5.348360e-07 -1.353154e+01 -5.584128e+01 7.718037e+01 
5.053783e+05 4.183207e+06 1.542659e+03 2.199803e-07 2.686997e-07 9.579842e-07 1.018982e-06 -7.007481e+01 3.930667e+01 7.948909e+01 
5.053792e+05 4.183208e+06 1.542506e+03 -2.687417e-07 -3.044117e-09 9.429773e-07 9.805292e-07 -7.409186e+01 -9.064898e+01 8.102207e+01 
5.053796e+05 4.183210e+06 1.542444e+03 -5.920984e-07 4.037222e-07 1.098744e-06 1.311796e-06 -5.688618e+01 -5.571188e+01 8.324161e+01 
5.053800e+05 4.183212e+06 1.542390e+03 2.320272e-08 -7.511768e-08 2.440343e-07 2.563860e-07 -7.214283e+01 1.628349e+02 8.494116e+01 
5.053812e+05 4.183213e+06 1.542215e+03 -5.311298e-07 2.632319e-07 1.305029e-06 1.433349e-06 -6.557109e+01 -6.363664e+01 8.694708e+01 
5.053813e+05 4.183215e+06 1.542490e+03 -1.082241e-06 1.540629e-06 -1.532045e-06 2.427333e-06 3.913605e+01 -3.508679e+01 8.905913e+01 
5.053809e+05 4.183218e+06 1.542880e+03 -7.652458e-07 5.966192e-07 4.688525e-07 1.077673e-06 -2.578913e+01 -5.205846e+01 9.124541e+01 
5.053820e+05 4.183220e+06 1.543012e+03 -5.172693e-07 6.260680e-07 7.354335e-07 1.095624e-06 -4.216334e+01 -3.956417e+01 9.347366e+01 
5.053823e+05 4.183222e+06 1.543457e+03 -8.384439e-07 2.967073e-07 -4.373912e-07 9.911279e-07 2.618727e+01 -7.051222e+01 9.565355e+01 
5.053829e+05 4.183223e+06 1.543570e+03 -4.020900e-07 3.988978e-07 -6.914430e-08 5.705933e-07 6.960188e+00 -4.522834e+01 9.679860e+01 
5.053828e+05 4.183225e+06 1.543560e+03 4.482354e-08 -1.214244e-07 5.254429e-07 5.411499e-07 -7.616172e+01 1.597385e+02 9.879789e+01 
5.053840e+05 4.183226e+06 1.543365e+03 2.458277e-07 1.007297e-07 6.975535e-07 7.464306e-07 -6.915056e+01 6.771829e+01 1.007518e+02 
5.053867e+05 4.183227e+06 1.543354e+03 3.347613e-07 2.375591e-07 6.176867e-08 4.151082e-07 -8.557471e+00 5.463906e+01 1.035650e+02 
5.053884e+05 4.183228e+06 1.543513e+03 4.157722e-07 8.669178e-07 9.190465e-08 9.658465e-07 -5.460213e+00 2.562229e+01 1.056521e+02 
5.053895e+05 4.183229e+06 1.543841e+03 2.321576e-07 1.224279e-06 -2.369588e-07 1.268427e-06 1.076686e+01 1.073739e+01 1.073063e+02 
5.053907e+05 4.183230e+06 1.543947e+03 -1.553429e-07 9.178824e-07 2.778875e-07 9.715250e-07 -1.662056e+01 -9.605746e+00 1.086161e+02 
5.053924e+05 4.183231e+06 1.544195e+03 -5.696208e-07 1.002555e-06 -8.942468e-07 1.459199e-06 3.779471e+01 -2.960390e+01 1.106090e+02 
5.053927e+05 4.183232e+06 1.544448e+03 -1.291440e-07 1.467237e-06 -1.079118e-07 1.476858e-06 4.190254e+00 -5.030125e+00 1.117330e+02 
5.053928e+05 4.183234e+06 1.544864e+03 -6.343994e-07 1.644676e-06 -6.352018e-07 1.873740e-06 1.981609e+01 -2.109308e+01 1.133783e+02 
5.053956e+05 4.183235e+06 1.545085e+03 -5.969997e-07 7.497548e-07 -5.069018e-07 1.084200e-06 2.787442e+01 -3.852891e+01 1.164429e+02 
5.053947e+05 4.183236e+06 1.545647e+03 -9.626685e-07 9.084342e-07 -1.017249e-06 1.669365e-06 3.754346e+01 -4.666027e+01 1.182755e+02 
5.053957e+05 4.183238e+06 1.545878e+03 -1.030108e-06 7.822589e-07 -1.139728e-06 1.723958e-06 4.138467e+01 -5.278715e+01 1.200628e+02 
5.053971e+05 4.183239e+06 1.545694e+03 -7.560558e-07 -6.908858e-07 -3.090205e-07 1.069784e-06 1.678987e+01 -1.324211e+02 1.217589e+02 
5.053976e+05 4.183241e+06 1.545508e+03 -5.587982e-07 -2.874585e-07 -2.566052e-07 6.787739e-07 2.221246e+01 -1.172223e+02 1.236359e+02 
5.053998e+05 4.183241e+06 1.545113e+03 -7.720624e-07 -4.228336e-07 -2.962194e-07 9.287704e-07 1.859866e+01 -1.187081e+02 1.259096e+02 
5.054001e+05 4.183243e+06 1.545001e+03 -8.531116e-07 -9.950999e-07 -8.505697e-08 1.313491e-06 3.712868e+00 -1.393931e+02 1.277039e+02 
5.054007e+05 4.183245e+06 1.544738e+03 -1.002513e-06 -3.556965e-07 4.556254e-07 1.157215e-06 -2.318653e+01 -1.095349e+02 1.303288e+02 
5.054011e+05 4.183247e+06 1.544486e+03 -1.231675e-06 -1.349679e-06 1.130455e-07 1.830693e-06 -3.540273e+00 -1.376174e+02 1.319264e+02 
5.054014e+05 4.183249e+06 1.544235e+03 -8.799980e-07 -8.011503e-07 8.040567e-07 1.436226e-06 -3.404473e+01 -1.323147e+02 1.337913e+02 
5.054015e+05 4.183250e+06 1.543927e+03 -5.678145e-07 -3.952061e-07 1.277485e-06 1.452780e-06 -6.156265e+01 -1.248384e+02 1.352497e+02 
5.054019e+05 4.183252e+06 1.543481e+03 -5.583704e-07 -4.914742e-07 1.090638e-06 1.320157e-06 -5.570448e+01 -1.313540e+02 1.369434e+02 
5.054018e+05 4.183253e+06 1.543222e+03 -4.186310e-07 -1.130798e-07 1.263436e-06 1.335781e-06 -7.105683e+01 -1.051159e+02 1.385889e+02 
5.054013e+05 4.183255e+06 1.543092e+03 -7.903611e-07 3.075869e-07 -1.313332e-07 8.582126e-07 8.802621e+00 -6.873537e+01 1.402659e+02 
5.054023e+05 4.183257e+06 1.542552e+03 -1.321629e-07 3.116638e-07 1.626132e-06 1.660996e-06 -7.824013e+01 -2.297966e+01 1.425849e+02 
5.054023e+05 4.183259e+06 1.542437e+03 2.538721e-07 9.172810e-07 2.014928e-06 2.228406e-06 -6.471599e+01 1.547028e+01 1.441713e+02 
5.054034e+05 4.183260e+06 1.542767e+03 -5.011789e-07 1.595031e-06 9.973950e-07 1.946818e-06 -3.081852e+01 -1.744338e+01 1.459531e+02 
5.054041e+05 4.183261e+06 1.542986e+03 4.582682e-07 1.503776e-06 9.598409e-07 1.841914e-06 -3.140678e+01 1.694834e+01 1.469585e+02 
5.054049e+05 4.183262e+06 1.543562e+03 9.108151e-08 1.999928e-06 1.078810e-06 2.274168e-06 -2.831872e+01 2.607586e+00 1.487142e+02 
5.054068e+05 4.183263e+06 1.544059e+03 1.782104e-07 1.838541e-06 2.404220e-07 1.862738e-06 -7.415804e+00 5.536402e+00 1.508990e+02 
5.054097e+05 4.183266e+06 1.545427e+03 3.282881e-07 1.787857e-06 -6.403302e-07 1.927234e-06 1.940561e+01 1.040480e+01 1.547376e+02 
5.054110e+05 4.183267e+06 1.546035e+03 6.809235e-08 1.948257e-06 -6.586109e-07 2.057695e-06 1.866729e+01 2.001696e+00 1.563237e+02 
5.054118e+05 4.183268e+06 1.546950e+03 -6.048261e-08 1.384621e-06 -1.414029e-06 1.979978e-06 4.557474e+01 -2.501188e+00 1.580484e+02 
5.054119e+05 4.183270e+06 1.547545e+03 -7.062480e-07 1.242715e-06 -1.784266e-06 2.286205e-06 5.130170e+01 -2.961002e+01 1.597138e+02 
5.054125e+05 4.183272e+06 1.547979e+03 -1.016631e-06 8.710982e-07 -9.024450e-07 1.614545e-06 3.398299e+01 -4.940844e+01 1.614858e+02 
5.054120e+05 4.183274e+06 1.548948e+03 -1.583900e-06 1.283323e-06 -1.457810e-06 2.506166e-06 3.556945e+01 -5.098459e+01 1.637563e+02 
5.054100e+05 4.183275e+06 1.550463e+03 -1.732903e-06 1.272450e-06 -2.135334e-06 3.030138e-06 4.480521e+01 -5.371059e+01 1.660495e+02 
5.054102e+05 4.183277e+06 1.551664e+03 -1.896488e-06 4.815123e-07 -4.096492e-06 4.539798e-06 6.446885e+01 -7.575382e+01 1.681422e+02 
5.054102e+05 4.183277e+06 1.551653e+03 -1.813864e-06 7.638522e-07 -3.504742e-06 4.019551e-06 6.068298e+01 -6.716313e+01 1.682044e+02 
5.054098e+05 4.183278e+06 1.552655e+03 -1.553505e-06 -1.021750e-06 -3.156630e-06 3.663559e-06 5.950003e+01 -1.233332e+02 1.696096e+02 
5.054083e+05 4.183281e+06 1.551894e+03 -7.950561e-07 -2.379854e-06 -1.564801e-06 2.957097e-06 3.194925e+01 -1.615267e+02 1.731167e+02 
5.054108e+05 4.183283e+06 1.550315e+03 -1.320524e-06 -2.422269e-06 1.558766e-07 2.763235e-06 -3.233824e+00 -1.514025e+02 1.760754e+02 
5.054117e+05 4.183284e+06 1.549118e+03 -8.072215e-07 -2.091200e-06 1.552450e-06 2.726688e-06 -3.470518e+01 -1.588930e+02 1.773472e+02 
5.054096e+05 4.183285e+06 1.549316e+03 -1.266091e-06 -1.736453e-06 1.481933e-06 2.610437e-06 -3.458967e+01 -1.439033e+02 1.796748e+02 
5.054101e+05 4.183287e+06 1.547402e+03 -9.290486e-07 -1.057085e-06 1.853520e-06 2.327251e-06 -5.279165e+01 -1.386885e+02 1.814633e+02 
5.054103e+05 4.183288e+06 1.545898e+03 -1.046852e-06 4.727572e-08 2.175000e-06 2.414283e-06 -6.427515e+01 -8.741429e+01 1.829765e+02 
5.054108e+05 4.183290e+06 1.544850e+03 -9.285998e-07 2.525768e-07 1.912087e-06 2.140600e-06 -6.328428e+01 -7.478381e+01 1.847136e+02 
5.054119e+05 4.183291e+06 1.543783e+03 -8.297833e-07 1.768634e-07 1.748528e-06 1.943494e-06 -6.411636e+01 -7.796779e+01 1.863904e+02 
5.054140e+05 4.183291e+06 1.542529e+03 -3.876167e-07 3.850120e-07 2.275930e-06 2.340585e-06 -7.650163e+01 -4.519315e+01 1.884935e+02 
5.054143e+05 4.183293e+06 1.541948e+03 -6.458895e-08 5.577090e-07 2.186189e-06 2.257130e-06 -7.559708e+01 -6.606064e+00 1.899643e+02 
5.054152e+05 4.183294e+06 1.541606e+03 1.976550e-07 1.471003e-06 7.872422e-07 1.680079e-06 -2.794180e+01 7.652856e+00 1.916195e+02 
5.054163e+05 4.183296e+06 1.541451e+03 6.146484e-08 1.055490e-06 1.536703e-06 1.865287e-06 -5.547136e+01 3.332767e+00 1.933386e+02 
5.054171e+05 4.183297e+06 1.541429e+03 -1.119954e-07 1.198638e-07 5.830335e-07 6.056718e-07 -7.428541e+01 -4.305637e+01 1.948557e+02 
5.054186e+05 4.183298e+06 1.541433e+03 5.005269e-07 1.220815e-06 8.062277e-07 1.546260e-06 -3.142655e+01 2.229334e+01 1.970284e+02 
5.054201e+05 4.183301e+06 1.542100e+03 -2.965258e-07 1.090956e-06 4.957934e-07 1.234473e-06 -2.367970e+01 -1.520584e+01 1.997555e+02 
5.054212e+05 4.183303e+06 1.542595e+03 -3.645631e-07 4.501305e-07 -3.221874e-07 6.628186e-07 2.908371e+01 -3.900419e+01 2.025419e+02 
5.054223e+05 4.183305e+06 1.542510e+03 -9.746470e-07 4.607966e-07 -7.023656e-07 1.286696e-06 3.308396e+01 -6.469601e+01 2.043886e+02 
5.054229e+05 4.183306e+06 1.542486e+03 -1.023124e-06 1.481896e-08 -1.789047e-07 1.038753e-06 9.917513e+00 -8.917018e+01 2.062066e+02 
5.054238e+05 4.183308e+06 1.542419e+03 -7.489046e-07 3.898557e-07 -4.168657e-09 8.443121e-07 2.828900e-01 -6.249996e+01 2.080318e+02 
5.054246e+05 4.183310e+06 1.542389e+03 -4.463580e-07 1.920029e-07 4.743590e-08 4.882118e-07 -5.575800e+00 -6.672482e+01 2.100417e+02 
5.054255e+05 4.183312e+06 1.542302e+03 -7.154561e-07 3.957570e-07 5.234385e-07 9.708187e-07 -3.262731e+01 -6.105067e+01 2.122547e+02 
5.054265e+05 4.183314e+06 1.542153e+03 -5.337930e-07 2.581373e-07 2.897882e-07 6.599599e-07 -2.604646e+01 -6.419202e+01 2.145339e+02 
5.054278e+05 4.183316e+06 1.541989e+03 -4.108187e-07 2.740846e-07 3.261277e-07 5.918223e-07 -3.343954e+01 -5.629010e+01 2.168454e+02 
5.054288e+05 4.183318e+06 1.541925e+03 7.050278e-08 3.008503e-07 6.419918e-07 7.124851e-07 -6.429775e+01 1.318899e+01 2.191083e+02 
5.054300e+05 4.183320e+06 1.542058e+03 1.733443e-07 2.969161e-07 3.915606e-07 5.210826e-07 -4.871498e+01 3.027706e+01 2.211803e+02 
5.054312e+05 4.183321e+06 1.542257e+03 3.017084e-07 5.335100e-07 5.873721e-07 8.489210e-07 -4.378104e+01 2.948885e+01 2.232723e+02 
5.054319e+05 4.183323e+06 1.542438e+03 2.723932e-07 8.560199e-07 7.904702e-07 1.196583e-06 -4.134612e+01 1.765154e+01 2.250348e+02 
5.054328e+05 4.183325e+06 1.543451e+03 -6.329849e-08 2.182970e-06 -3.236839e-07 2.207745e-06 8.430691e+00 -1.660912e+00 2.268908e+02 
5.054348e+05 4.183326e+06 1.544963e+03 -1.475411e-07 2.015575e-06 -1.837485e-06 2.731421e-06 4.227745e+01 -4.186615e+00 2.295877e+02 
5.054368e+05 4.183327e+06 1.545680e+03 -9.069502e-07 8.541864e-07 -2.768937e-06 3.036315e-06 6.577486e+01 -4.671607e+01 2.318938e+02 
5.054384e+05 4.183328e+06 1.545818e+03 -1.452505e-06 3.626054e-07 -2.890935e-06 3.255574e-06 6.262246e+01 -7.598309e+01 2.335234e+02 
5.054392e+05 4.183329e+06 1.546016e+03 -1.966266e-06 -1.498347e-06 -1.677341e-06 2.987427e-06 3.415729e+01 -1.273084e+02 2.353038e+02 
5.054397e+05 4.183330e+06 1.545638e+03 -1.686370e-06 -1.800403e-06 -1.181364e-06 2.735126e-06 2.558967e+01 -1.368732e+02 2.363412e+02 
5.054408e+05 4.183332e+06 1.544869e+03 -1.531262e-06 -1.822624e-06 -1.903299e-07 2.388085e-06 4.571310e+00 -1.399650e+02 2.382151e+02 
5.054413e+05 4.183333e+06 1.544364e+03 -1.500787e-06 -2.239687e-06 1.209924e-07 2.698740e-06 -2.569599e+00 -1.461744e+02 2.394675e+02 
5.054428e+05 4.183334e+06 1.543205e+03 -1.279451e-06 -2.538819e-06 1.113013e-06 3.053095e-06 -2.138003e+01 -1.532539e+02 2.412849e+02 
5.054442e+05 4.183335e+06 1.542146e+03 -1.052550e-06 -1.978546e-06 2.211967e-06 3.148857e-06 -4.462524e+01 -1.519878e+02 2.428526e+02 
5.054451e+05 4.183335e+06 1.541329e+03 -6.964064e-07 -1.819510e-06 2.214153e-06 2.949250e-06 -4.865550e+01 -1.590560e+02 2.439705e+02 
5.054462e+05 4.183336e+06 1.540195e+03 -5.237478e-07 -1.876243e-06 2.542414e-06 3.202884e-06 -5.254102e+01 -1.644031e+02 2.455183e+02 
5.054477e+05 4.183337e+06 1.539574e+03 -5.286648e-07 -1.498209e-06 2.580790e-06 3.030609e-06 -5.838335e+01 -1.605639e+02 2.469844e+02 
5.054488e+05 4.183337e+06 1.539101e+03 -4.764425e-07 -1.078169e-06 2.533809e-06 2.794573e-06 -6.505178e+01 -1.561594e+02 2.481270e+02 
5.054496e+05 4.183337e+06 1.538405e+03 -3.171274e-07 -6.980179e-07 2.441908e-06 2.559436e-06 -7.256939e+01 -1.555665e+02 2.491184e+02 
5.054507e+05 4.183338e+06 1.537565e+03 -2.688158e-07 -6.288319e-07 2.365139e-06 2.462027e-06 -7.387278e+01 -1.568540e+02 2.503611e+02 
5.054538e+05 4.183339e+06 1.536082e+03 -1.828723e-07 -3.409700e-07 2.564368e-06 2.593393e-06 -8.141987e+01 -1.517940e+02 2.535700e+02 
5.054561e+05 4.183338e+06 1.535933e+03 -5.778122e-08 -1.049331e-07 1.812382e-06 1.816336e-06 -8.621852e+01 -1.511607e+02 2.559534e+02 
5.054583e+05 4.183340e+06 1.535078e+03 -4.011699e-07 -2.205984e-07 1.992138e-06 2.044068e-06 -7.705734e+01 -1.188059e+02 2.586392e+02 
5.054332e+05 4.183356e+06 1.537898e+03 -5.765788e-07 8.634918e-07 1.838733e-06 2.111634e-06 -6.054741e+01 -3.373220e+01 2.888399e+02 
5.054311e+05 4.183353e+06 1.538783e+03 -7.813544e-07 3.764181e-07 2.182943e-06 2.348925e-06 -6.833175e+01 -6.427752e+01 2.931717e+02 
5.054309e+05 4.183351e+06 1.539160e+03 -9.797724e-07 3.876582e-07 2.036601e-06 2.293028e-06 -6.264432e+01 -6.841320e+01 2.949700e+02 
5.054304e+05 4.183348e+06 1.540133e+03 -9.540655e-07 1.430339e-07 2.448433e-06 2.631639e-06 -6.849464e+01 -8.147369e+01 2.980614e+02 
5.054304e+05 4.183346e+06 1.540980e+03 -1.113814e-06 -5.179852e-07 2.179780e-06 2.502066e-06 -6.059748e+01 -1.149410e+02 2.998929e+02 
5.054298e+05 4.183344e+06 1.542138e+03 -1.336963e-06 -7.460215e-07 2.186368e-06 2.669124e-06 -5.499811e+01 -1.191614e+02 3.017394e+02 
5.054291e+05 4.183342e+06 1.543301e+03 -1.341704e-06 -8.866432e-07 1.380573e-06 2.119502e-06 -4.064475e+01 -1.234581e+02 3.036463e+02 
5.054297e+05 4.183340e+06 1.543837e+03 -1.570686e-06 -8.743121e-07 1.765100e-06 2.519336e-06 -4.447686e+01 -1.191022e+02 3.057892e+02 
5.054293e+05 4.183339e+06 1.544754e+03 -1.657275e-06 -1.301841e-06 1.329502e-06 2.491772e-06 -3.224609e+01 -1.281507e+02 3.075387e+02 
5.054293e+05 4.183337e+06 1.545582e+03 -1.562448e-06 -1.800219e-06 1.193286e-06 2.665701e-06 -2.659265e+01 -1.390446e+02 3.088919e+02 
5.054297e+05 4.183336e+06 1.546107e+03 -1.690614e-06 -1.938054e-06 9.507200e-07 2.741915e-06 -2.028779e+01 -1.389010e+02 3.099811e+02 
5.054315e+05 4.183336e+06 1.545924e+03 -1.368293e-06 -2.070353e-06 1.194806e-06 2.754296e-06 -2.570879e+01 -1.465393e+02 3.119751e+02 
5.054332e+05 4.183335e+06 1.545710e+03 -1.209718e-06 -2.606965e-06 9.758871e-07 3.035134e-06 -1.875548e+01 -1.551072e+02 3.137316e+02 
5.054352e+05 4.183334e+06 1.545423e+03 -1.253451e-06 -2.857915e-06 5.045140e-07 3.161226e-06 -9.183355e+00 -1.563183e+02 3.158266e+02 
5.054372e+05 4.183334e+06 1.545492e+03 -1.313635e-06 -2.702383e-06 3.478713e-07 3.024818e-06 -6.603952e+00 -1.540755e+02 3.179838e+02 
5.054397e+05 4.183333e+06 1.544774e+03 -1.462297e-06 -2.444099e-06 1.348235e-08 2.848177e-06 -2.712207e-01 -1.491080e+02 3.204795e+02 
