1.0 165.07503625698934 224.59641746688425 0.0 0.0 0.0 0.0 0.0
2.0 166.26086219708586 224.4737636198127 0.0 0.0 0.0 0.0 1.1921523083932053
3.0 167.44668813718238 224.35110977274115 0.0 0.0 0.0 0.0 2.3843046167864106
4.0 168.6325140772789 224.2284559256696 0.0 0.0 0.0 0.0 3.576456925179616
5.0 169.81834001737542 224.10580207859806 0.0 0.0 0.0 0.0 4.768609233572821
6.0 171.00416595747194 223.98314823152649 0.0 0.0 0.0 0.0 5.960761541966029
7.0 172.18999189756846 223.86049438445494 0.0 0.0 0.0 0.0 7.152913850359234
8.0 173.37581783766498 223.73784053738336 0.0 0.0 0.0 0.0 8.345066158752443
9.0 174.5616437777615 223.61518669031182 0.0 0.0 0.0 0.0 9.53721846714565
10.0 175.74746971785802 223.49253284324027 0.0 0.0 0.0 0.0 10.729370775538854
11.0 176.93329565795455 223.36987899616872 0.0 0.0 0.0 0.0 11.921523083932058
12.0 178.11912159805107 223.24722514909718 0.0 0.0 0.0 0.0 13.113675392325263
13.0 179.3049475381476 223.12457130202563 0.0 0.0 0.0 0.0 14.305827700718467
14.0 180.4907734782441 223.00191745495408 0.0 0.0 0.0 0.0 15.497980009111672
15.0 181.67659941834063 222.87926360788254 0.0 0.0 0.0 0.0 16.690132317504876
16.0 182.86242535843715 222.75660976081096 0.0 0.0 0.0 0.0 17.882284625898084
17.0 184.04825129853367 222.6339559137394 0.0 0.0 0.0 0.0 19.07443693429129
18.0 185.2340772386302 222.51130206666787 0.0 0.0 0.0 0.0 20.266589242684493
19.0 186.4199031787267 222.3886482195963 0.0 0.0 0.0 0.0 21.4587415510777
20.0 187.60572911882323 222.26599437252474 0.0 0.0 0.0 0.0 22.650893859470905
