# 1,2,3, 4    , 5    , 6    , 7    , 8    , 9     
# x,y,z, Bx_si, By_si, Bz_si, In_si, Ic_si, Dc_si 
1.002300e+02 1.247790e+02 1.207864e+00 2.100046e-06 2.735677e-07 1.301803e-06 2.485905e-06 -3.157900e+01 8.257802e+01 
1.012943e+02 1.247790e+02 2.255164e+00 2.360801e-06 3.424633e-07 6.138272e-07 2.463218e-06 -1.443001e+01 8.174611e+01 
1.023587e+02 1.247790e+02 3.211530e+00 2.420945e-06 4.280037e-07 -2.290783e-07 2.469138e-06 5.323365e+00 7.997416e+01 
1.034230e+02 1.247790e+02 4.008937e+00 2.146732e-06 5.194607e-07 -1.122982e-06 2.477778e-06 2.695056e+01 7.639719e+01 
1.044874e+02 1.247790e+02 4.590665e+00 1.504799e-06 5.950093e-07 -1.858806e-06 2.464470e-06 4.895914e+01 6.842577e+01 
1.055517e+02 1.247790e+02 4.915335e+00 6.315118e-07 6.370074e-07 -2.267724e-06 2.438680e-06 6.841898e+01 4.475178e+01 
1.066161e+02 1.247790e+02 4.959853e+00 -3.123420e-07 6.426105e-07 -2.322165e-06 2.429600e-06 7.289762e+01 -2.592215e+01 
1.076804e+02 1.247790e+02 4.721053e+00 -1.222267e-06 6.121727e-07 -2.025439e-06 2.443583e-06 5.598396e+01 -6.339600e+01 
1.087448e+02 1.247790e+02 4.215920e+00 -1.957102e-06 5.460087e-07 -1.380938e-06 2.456698e-06 3.420193e+01 -7.441152e+01 
1.098091e+02 1.247790e+02 3.480385e+00 -2.353453e-06 4.569560e-07 -5.116496e-07 2.451394e-06 1.204722e+01 -7.901194e+01 
1.108735e+02 1.247790e+02 2.566767e+00 -2.386605e-06 3.678235e-07 3.641071e-07 2.442079e-06 -8.574610e+00 -8.123851e+01 
1.119378e+02 1.247790e+02 1.540052e+00 -2.177015e-06 2.933327e-07 1.104524e-06 2.458742e-06 -2.669385e+01 -8.232614e+01 
1.130022e+02 1.247790e+02 4.732709e-01 -1.849794e-06 2.361937e-07 1.681701e-06 2.511104e-06 -4.204437e+01 -8.272348e+01 
1.140665e+02 1.247790e+02 -5.576963e-01 -1.485478e-06 1.937951e-07 2.118107e-06 2.594336e-06 -5.472951e+01 -8.256718e+01 
1.151309e+02 1.247790e+02 -1.479516e+00 -1.120864e-06 1.629867e-07 2.441246e-06 2.691205e-06 -6.511036e+01 -8.172651e+01 
1.161952e+02 1.247790e+02 -2.226619e+00 -7.729051e-07 1.415418e-07 2.669958e-06 2.783180e-06 -7.360105e+01 -7.962244e+01 
1.172596e+02 1.247790e+02 -2.745863e+00 -4.422370e-07 1.280673e-07 2.815502e-06 2.852898e-06 -8.071286e+01 -7.384952e+01 
1.183239e+02 1.247790e+02 -3.000315e+00 -1.245066e-07 1.218151e-07 2.883562e-06 2.888818e-06 -8.654316e+01 -4.562603e+01 
1.193883e+02 1.247790e+02 -2.971874e+00 1.893611e-07 1.225099e-07 2.876043e-06 2.884872e-06 -8.551611e+01 5.709858e+01 
1.204526e+02 1.247790e+02 -2.662564e+00 5.093097e-07 1.301739e-07 2.792818e-06 2.841861e-06 -7.934015e+01 7.566277e+01 
1.215170e+02 1.247790e+02 -2.094387e+00 8.433862e-07 1.451878e-07 2.631144e-06 2.766821e-06 -7.198264e+01 8.023235e+01 
1.225813e+02 1.247790e+02 -1.307757e+00 1.196481e-06 1.684043e-07 2.384478e-06 2.673137e-06 -6.312753e+01 8.198827e+01 
1.236457e+02 1.247790e+02 -3.586271e-01 1.562844e-06 2.012916e-07 2.040937e-06 2.578454e-06 -5.232921e+01 8.266081e+01 
1.247100e+02 1.247790e+02 6.854902e-01 1.925273e-06 2.464303e-07 1.578358e-06 2.501723e-06 -3.911717e+01 8.270594e+01 
1.257743e+02 1.247790e+02 1.750327e+00 2.237137e-06 3.069500e-07 9.694245e-07 2.457394e-06 -2.323435e+01 8.218742e+01 
1.268387e+02 1.247790e+02 2.760140e+00 2.411520e-06 3.849092e-07 1.968829e-07 2.449969e-06 -4.609338e+00 8.093136e+01 
1.279030e+02 1.247790e+02 3.643101e+00 2.312700e-06 4.756742e-07 -6.931423e-07 2.460751e-06 1.636045e+01 7.837754e+01 
1.289674e+02 1.247790e+02 4.336405e+00 1.841795e-06 5.620218e-07 -1.535135e-06 2.462665e-06 3.856217e+01 7.303049e+01 
1.300317e+02 1.247790e+02 4.790737e+00 1.057632e-06 6.215647e-07 -2.114891e-06 2.444932e-06 5.988387e+01 5.955748e+01 
1.310961e+02 1.247790e+02 4.973780e+00 1.325641e-07 6.447417e-07 -2.340694e-06 2.431483e-06 7.429343e+01 1.161856e+01 
1.321604e+02 1.247790e+02 4.872513e+00 -8.066024e-07 6.320465e-07 -2.216945e-06 2.442322e-06 6.519219e+01 -5.191807e+01 
1.332248e+02 1.247790e+02 4.494141e+00 -1.648760e-06 5.827523e-07 -1.736887e-06 2.464708e-06 4.480555e+01 -7.053410e+01 
1.342891e+02 1.247790e+02 3.865577e+00 -2.224149e-06 5.022218e-07 -9.521469e-07 2.470961e-06 2.266452e+01 -7.727577e+01 
1.353535e+02 1.247790e+02 3.031531e+00 -2.424487e-06 4.103568e-07 -5.314407e-08 2.459543e-06 1.238103e+00 -8.039344e+01 
1.364178e+02 1.247790e+02 2.051329e+00 -2.313935e-06 3.278135e-07 7.620717e-07 2.458152e-06 -1.806032e+01 -8.193661e+01 
1.374822e+02 1.247790e+02 9.946926e-01 -2.028975e-06 2.622959e-07 1.418272e-06 2.489384e-06 -3.473126e+01 -8.263393e+01 
1.385465e+02 1.247790e+02 -6.321798e-02 -1.674095e-06 2.131373e-07 1.919537e-06 2.555904e-06 -4.867887e+01 -8.274443e+01 
1.396109e+02 1.247790e+02 -1.047154e+00 -1.305044e-06 1.769790e-07 2.295373e-06 2.646356e-06 -6.015458e+01 -8.227715e+01 
1.406752e+02 1.247790e+02 -1.887127e+00 -9.464800e-07 1.512658e-07 2.567649e-06 2.740716e-06 -6.952963e+01 -8.091982e+01 
1.417396e+02 1.247790e+02 -2.523389e+00 -6.062510e-07 1.340129e-07 2.753036e-06 2.822182e-06 -7.729084e+01 -7.753511e+01 
1.428039e+02 1.247790e+02 -2.910683e+00 -2.825749e-07 1.243219e-07 2.858329e-06 2.874952e-06 -8.383566e+01 -6.625238e+01 
1.438683e+02 1.247790e+02 -3.021461e+00 3.216926e-08 1.216626e-07 2.887465e-06 2.890206e-06 -8.750447e+01 1.481084e+01 
1.449326e+02 1.247790e+02 -2.847843e+00 3.475747e-07 1.259124e-07 2.841276e-06 2.865224e-06 -8.258689e+01 7.008658e+01 
1.459970e+02 1.247790e+02 -2.402178e+00 6.731922e-07 1.372773e-07 2.718281e-06 2.803763e-06 -7.581554e+01 7.847428e+01 
1.470613e+02 1.247790e+02 -1.716167e+00 1.015603e-06 1.562772e-07 2.514769e-06 2.716604e-06 -6.777466e+01 8.125215e+01 
1.481257e+02 1.247790e+02 -8.386058e-01 1.374699e-06 1.842035e-07 2.220311e-06 2.617921e-06 -5.800777e+01 8.236809e+01 
1.491900e+02 1.247790e+02 1.680840e-01 1.741101e-06 2.229005e-07 1.819634e-06 2.528277e-06 -4.603079e+01 8.270452e+01 
