# 1 , 2 , 3 , 4      , 5      , 6      , 7      , 8      , 9      , 10 (pm), 11 (pm), 12 (pm)  
# xm, ym, zm, IGRF_In, IGRF_Ic, IGRF_Dc, In_siB0, Ic_siB0, Dc_siB0, Bx_siB0, By_siB0, Bz_siB0  
1.002300e+02 1.247790e+02 1.207864e+00 4.518274e-05 5.346856e+01 3.327694e+00 4.443402e-05 5.197784e+01 7.687459e+00 2.712387e-05 3.661246e-06 3.500390e-05 
1.012943e+02 1.247790e+02 2.255164e+00 4.518274e-05 5.346856e+01 3.327694e+00 4.504152e-05 5.241240e+01 8.207149e+00 2.719276e-05 3.922001e-06 3.569187e-05 
1.023587e+02 1.247790e+02 3.211530e+00 4.518274e-05 5.346856e+01 3.327694e+00 4.576848e-05 5.296351e+01 8.305494e+00 2.727830e-05 3.982145e-06 3.653478e-05 
1.034230e+02 1.247790e+02 4.008937e+00 4.518274e-05 5.346856e+01 3.327694e+00 4.651622e-05 5.357523e+01 7.715202e+00 2.736976e-05 3.707932e-06 3.742868e-05 
1.044874e+02 1.247790e+02 4.590665e+00 4.518274e-05 5.346856e+01 3.327694e+00 4.710812e-05 5.411031e+01 6.374256e+00 2.744531e-05 3.065999e-06 3.816451e-05 
1.055517e+02 1.247790e+02 4.915335e+00 4.518274e-05 5.346856e+01 3.327694e+00 4.741592e-05 5.444051e+01 4.560929e+00 2.748731e-05 2.192712e-06 3.857342e-05 
1.066161e+02 1.247790e+02 4.959853e+00 4.518274e-05 5.346856e+01 3.327694e+00 4.742923e-05 5.453120e+01 2.600857e+00 2.749291e-05 1.248858e-06 3.862787e-05 
1.076804e+02 1.247790e+02 4.721053e+00 4.518274e-05 5.346856e+01 3.327694e+00 4.715484e-05 5.437810e+01 7.070894e-01 2.746247e-05 3.389326e-07 3.833114e-05 
1.087448e+02 1.247790e+02 4.215920e+00 4.518274e-05 5.346856e+01 3.327694e+00 4.659396e-05 5.398187e+01 -8.279202e-01 2.739631e-05 -3.959024e-07 3.768664e-05 
1.098091e+02 1.247790e+02 3.480385e+00 4.518274e-05 5.346856e+01 3.327694e+00 4.584573e-05 5.342431e+01 -1.661830e+00 2.730726e-05 -7.922528e-07 3.681735e-05 
1.108735e+02 1.247790e+02 2.566767e+00 4.518274e-05 5.346856e+01 3.327694e+00 4.509219e-05 5.285113e+01 -1.736994e+00 2.721812e-05 -8.254047e-07 3.594159e-05 
1.119378e+02 1.247790e+02 1.540052e+00 4.518274e-05 5.346856e+01 3.327694e+00 4.445536e-05 5.235705e+01 -1.299663e+00 2.714363e-05 -6.158155e-07 3.520118e-05 
1.130022e+02 1.247790e+02 4.732709e-01 4.518274e-05 5.346856e+01 3.327694e+00 4.396115e-05 5.196221e+01 -6.104372e-01 2.708649e-05 -2.885942e-07 3.462400e-05 
1.140665e+02 1.247790e+02 -5.576963e-01 4.518274e-05 5.346856e+01 3.327694e+00 4.359106e-05 5.165413e+01 1.604241e-01 2.704410e-05 7.572173e-08 3.418759e-05 
1.151309e+02 1.247790e+02 -1.479516e+00 4.518274e-05 5.346856e+01 3.327694e+00 4.332104e-05 5.141733e+01 9.338793e-01 2.701329e-05 4.403358e-07 3.386445e-05 
1.161952e+02 1.247790e+02 -2.226619e+00 4.518274e-05 5.346856e+01 3.327694e+00 4.313402e-05 5.124191e+01 1.672844e+00 2.699184e-05 7.882949e-07 3.363574e-05 
1.172596e+02 1.247790e+02 -2.745863e+00 4.518274e-05 5.346856e+01 3.327694e+00 4.301950e-05 5.112241e+01 2.375056e+00 2.697837e-05 1.118963e-06 3.349020e-05 
1.183239e+02 1.247790e+02 -3.000315e+00 4.518274e-05 5.346856e+01 3.327694e+00 4.297207e-05 5.105633e+01 3.049028e+00 2.697212e-05 1.436693e-06 3.342214e-05 
1.193883e+02 1.247790e+02 -2.971874e+00 4.518274e-05 5.346856e+01 3.327694e+00 4.298999e-05 5.104272e+01 3.713343e+00 2.697281e-05 1.750561e-06 3.342966e-05 
1.204526e+02 1.247790e+02 -2.662564e+00 4.518274e-05 5.346856e+01 3.327694e+00 4.307373e-05 5.108104e+01 4.388337e+00 2.698047e-05 2.070510e-06 3.351288e-05 
1.215170e+02 1.247790e+02 -2.094387e+00 4.518274e-05 5.346856e+01 3.327694e+00 4.322631e-05 5.117177e+01 5.090110e+00 2.699549e-05 2.404586e-06 3.367456e-05 
1.225813e+02 1.247790e+02 -1.307757e+00 4.518274e-05 5.346856e+01 3.327694e+00 4.345417e-05 5.131744e+01 5.827750e+00 2.701870e-05 2.757681e-06 3.392122e-05 
1.236457e+02 1.247790e+02 -3.586271e-01 4.518274e-05 5.346856e+01 3.327694e+00 4.376782e-05 5.152463e+01 6.587602e+00 2.705159e-05 3.124044e-06 3.426476e-05 
1.247100e+02 1.247790e+02 6.854902e-01 4.518274e-05 5.346856e+01 3.327694e+00 4.418571e-05 5.180776e+01 7.331831e+00 2.709673e-05 3.486473e-06 3.472734e-05 
1.257743e+02 1.247790e+02 1.750327e+00 4.518274e-05 5.346856e+01 3.327694e+00 4.472802e-05 5.218789e+01 7.962000e+00 2.715725e-05 3.798337e-06 3.533628e-05 
1.268387e+02 1.247790e+02 2.760140e+00 4.518274e-05 5.346856e+01 3.327694e+00 4.540249e-05 5.268406e+01 8.299038e+00 2.723521e-05 3.972720e-06 3.610882e-05 
1.279030e+02 1.247790e+02 3.643101e+00 4.518274e-05 5.346856e+01 3.327694e+00 4.615875e-05 5.327899e+01 8.068839e+00 2.732597e-05 3.873900e-06 3.699884e-05 
1.289674e+02 1.247790e+02 4.336405e+00 4.518274e-05 5.346856e+01 3.327694e+00 4.685024e-05 5.387161e+01 7.076555e+00 2.741232e-05 3.402995e-06 3.784084e-05 
1.300317e+02 1.247790e+02 4.790737e+00 4.518274e-05 5.346856e+01 3.327694e+00 4.730437e-05 5.431140e+01 5.445425e+00 2.747186e-05 2.618832e-06 3.842059e-05 
1.310961e+02 1.247790e+02 4.973780e+00 4.518274e-05 5.346856e+01 3.327694e+00 4.745935e-05 5.451872e+01 3.525110e+00 2.749504e-05 1.693764e-06 3.864639e-05 
1.321604e+02 1.247790e+02 4.872513e+00 4.518274e-05 5.346856e+01 3.327694e+00 4.732698e-05 5.448544e+01 1.572806e+00 2.748235e-05 7.545976e-07 3.852265e-05 
1.332248e+02 1.247790e+02 4.494141e+00 4.518274e-05 5.346856e+01 3.327694e+00 4.690222e-05 5.420395e+01 -1.828736e-01 2.743305e-05 -8.755966e-08 3.804259e-05 
1.342891e+02 1.247790e+02 3.865577e+00 4.518274e-05 5.346856e+01 3.327694e+00 4.622496e-05 5.370805e+01 -1.388418e+00 2.735252e-05 -6.629486e-07 3.725785e-05 
1.353535e+02 1.247790e+02 3.031531e+00 4.518274e-05 5.346856e+01 3.327694e+00 4.545167e-05 5.312487e+01 -1.813829e+00 2.726066e-05 -8.632867e-07 3.635884e-05 
1.364178e+02 1.247790e+02 2.051329e+00 4.518274e-05 5.346856e+01 3.327694e+00 4.475004e-05 5.258639e+01 -1.586480e+00 2.717811e-05 -7.527354e-07 3.554363e-05 
1.374822e+02 1.247790e+02 9.946926e-01 4.518274e-05 5.346856e+01 3.327694e+00 4.418647e-05 5.214348e+01 -9.884280e-01 2.711260e-05 -4.677746e-07 3.488743e-05 
1.385465e+02 1.247790e+02 -6.321798e-02 4.518274e-05 5.346856e+01 3.327694e+00 4.375901e-05 5.179544e+01 -2.390087e-01 2.706344e-05 -1.128955e-07 3.438616e-05 
1.396109e+02 1.247790e+02 -1.047154e+00 4.518274e-05 5.346856e+01 3.327694e+00 4.344240e-05 5.152533e+01 5.430140e-01 2.702728e-05 2.561555e-07 3.401033e-05 
1.406752e+02 1.247790e+02 -1.887127e+00 4.518274e-05 5.346856e+01 3.327694e+00 4.321711e-05 5.132143e+01 1.304175e+00 2.700157e-05 6.147200e-07 3.373805e-05 
1.417396e+02 1.247790e+02 -2.523389e+00 4.518274e-05 5.346856e+01 3.327694e+00 4.306793e-05 5.117494e+01 2.026797e+00 2.698431e-05 9.549490e-07 3.355266e-05 
1.428039e+02 1.247790e+02 -2.910683e+00 4.518274e-05 5.346856e+01 3.327694e+00 4.298827e-05 5.108311e+01 2.713848e+00 2.697462e-05 1.278625e-06 3.344737e-05 
1.438683e+02 1.247790e+02 -3.021461e+00 4.518274e-05 5.346856e+01 3.327694e+00 4.297446e-05 5.104411e+01 3.380820e+00 2.697196e-05 1.593369e-06 3.341824e-05 
1.449326e+02 1.247790e+02 -2.847843e+00 4.518274e-05 5.346856e+01 3.327694e+00 4.302589e-05 5.105723e+01 4.047372e+00 2.697621e-05 1.908775e-06 3.346442e-05 
1.459970e+02 1.247790e+02 -2.402178e+00 4.518274e-05 5.346856e+01 3.327694e+00 4.314437e-05 5.112244e+01 4.732916e+00 2.698758e-05 2.234392e-06 3.358742e-05 
1.470613e+02 1.247790e+02 -1.716167e+00 4.518274e-05 5.346856e+01 3.327694e+00 4.333384e-05 5.124057e+01 5.450314e+00 2.700658e-05 2.576803e-06 3.379093e-05 
1.481257e+02 1.247790e+02 -8.386058e-01 4.518274e-05 5.346856e+01 3.327694e+00 4.360387e-05 5.141700e+01 6.197931e+00 2.703450e-05 2.935899e-06 3.408539e-05 
1.491900e+02 1.247790e+02 1.680840e-01 4.518274e-05 5.346856e+01 3.327694e+00 4.396763e-05 5.166072e+01 6.954398e+00 2.707320e-05 3.302301e-06 3.448607e-05 
