# 1    , 2      , 3      , 4      , 5      , 6      , 7       
# dmeas, Bx_siB0, By_siB0, Bz_siB0, In_siB0, Ic_siB0, Dc_siB0 
0.000000e+00 2.668283e-05 1.608896e-06 3.750102e-05 4.605311e-05 5.451815e+01 3.450588e+00 
0.000000e+00 2.668224e-05 1.606540e-06 3.749895e-05 4.605100e-05 5.451740e+01 3.445623e+00 
0.000000e+00 2.668168e-05 1.604227e-06 3.749698e-05 4.604899e-05 5.451668e+01 3.440747e+00 
0.000000e+00 2.668115e-05 1.601954e-06 3.749511e-05 4.604708e-05 5.451601e+01 3.435952e+00 
0.000000e+00 2.668064e-05 1.599719e-06 3.749334e-05 4.604527e-05 5.451538e+01 3.431234e+00 
0.000000e+00 2.668016e-05 1.597519e-06 3.749167e-05 4.604355e-05 5.451479e+01 3.426589e+00 
0.000000e+00 2.667971e-05 1.595353e-06 3.749010e-05 4.604193e-05 5.451425e+01 3.422012e+00 
0.000000e+00 2.667928e-05 1.593218e-06 3.748862e-05 4.604040e-05 5.451374e+01 3.417497e+00 
0.000000e+00 2.667888e-05 1.591111e-06 3.748723e-05 4.603897e-05 5.451327e+01 3.413041e+00 
0.000000e+00 2.667850e-05 1.589032e-06 3.748594e-05 4.603763e-05 5.451284e+01 3.408640e+00 
0.000000e+00 2.667815e-05 1.586978e-06 3.748473e-05 4.603637e-05 5.451245e+01 3.404288e+00 
0.000000e+00 2.667783e-05 1.584947e-06 3.748362e-05 4.603521e-05 5.451210e+01 3.399983e+00 
0.000000e+00 2.667753e-05 1.582937e-06 3.748260e-05 4.603414e-05 5.451178e+01 3.395719e+00 
0.000000e+00 2.667726e-05 1.580947e-06 3.748167e-05 4.603315e-05 5.451150e+01 3.391494e+00 
0.000000e+00 2.667701e-05 1.578974e-06 3.748083e-05 4.603226e-05 5.451126e+01 3.387302e+00 
0.000000e+00 2.667679e-05 1.577016e-06 3.748007e-05 4.603145e-05 5.451106e+01 3.383141e+00 
0.000000e+00 2.667660e-05 1.575073e-06 3.747941e-05 4.603072e-05 5.451089e+01 3.379006e+00 
0.000000e+00 2.667642e-05 1.573142e-06 3.747882e-05 4.603008e-05 5.451076e+01 3.374895e+00 
0.000000e+00 2.667628e-05 1.571221e-06 3.747833e-05 4.602953e-05 5.451066e+01 3.370802e+00 
0.000000e+00 2.667616e-05 1.569309e-06 3.747792e-05 4.602907e-05 5.451060e+01 3.366725e+00 
0.000000e+00 2.667606e-05 1.567404e-06 3.747760e-05 4.602868e-05 5.451058e+01 3.362659e+00 
0.000000e+00 2.667600e-05 1.565505e-06 3.747736e-05 4.602839e-05 5.451059e+01 3.358603e+00 
0.000000e+00 2.667595e-05 1.563609e-06 3.747721e-05 4.602817e-05 5.451064e+01 3.354551e+00 
0.000000e+00 2.667593e-05 1.561716e-06 3.747715e-05 4.602804e-05 5.451072e+01 3.350500e+00 
0.000000e+00 2.667594e-05 1.559823e-06 3.747717e-05 4.602800e-05 5.451084e+01 3.346447e+00 
0.000000e+00 2.667597e-05 1.557928e-06 3.747727e-05 4.602804e-05 5.451100e+01 3.342388e+00 
0.000000e+00 2.667602e-05 1.556031e-06 3.747746e-05 4.602816e-05 5.451119e+01 3.338320e+00 
0.000000e+00 2.667610e-05 1.554130e-06 3.747774e-05 4.602837e-05 5.451142e+01 3.334240e+00 
0.000000e+00 2.667621e-05 1.552222e-06 3.747810e-05 4.602866e-05 5.451169e+01 3.330142e+00 
0.000000e+00 2.667634e-05 1.550306e-06 3.747854e-05 4.602903e-05 5.451199e+01 3.326025e+00 
0.000000e+00 2.667650e-05 1.548381e-06 3.747908e-05 4.602949e-05 5.451233e+01 3.321885e+00 
0.000000e+00 2.667668e-05 1.546444e-06 3.747970e-05 4.603004e-05 5.451271e+01 3.317717e+00 
0.000000e+00 2.667689e-05 1.544495e-06 3.748041e-05 4.603067e-05 5.451312e+01 3.313518e+00 
0.000000e+00 2.667712e-05 1.542530e-06 3.748120e-05 4.603139e-05 5.451358e+01 3.309284e+00 
0.000000e+00 2.667738e-05 1.540550e-06 3.748208e-05 4.603219e-05 5.451407e+01 3.305013e+00 
0.000000e+00 2.667766e-05 1.538551e-06 3.748306e-05 4.603308e-05 5.451460e+01 3.300698e+00 
0.000000e+00 2.667797e-05 1.536531e-06 3.748412e-05 4.603406e-05 5.451517e+01 3.296338e+00 
0.000000e+00 2.667831e-05 1.534490e-06 3.748527e-05 4.603512e-05 5.451579e+01 3.291927e+00 
0.000000e+00 2.667867e-05 1.532425e-06 3.748651e-05 4.603627e-05 5.451644e+01 3.287461e+00 
0.000000e+00 2.667906e-05 1.530334e-06 3.748785e-05 4.603752e-05 5.451713e+01 3.282938e+00 
0.000000e+00 2.667947e-05 1.528215e-06 3.748928e-05 4.603885e-05 5.451787e+01 3.278351e+00 
0.000000e+00 2.667991e-05 1.526065e-06 3.749080e-05 4.604027e-05 5.451865e+01 3.273697e+00 
0.000000e+00 2.668038e-05 1.523884e-06 3.749242e-05 4.604179e-05 5.451947e+01 3.268971e+00 
0.000000e+00 2.668087e-05 1.521669e-06 3.749414e-05 4.604340e-05 5.452034e+01 3.264168e+00 
0.000000e+00 2.668139e-05 1.519417e-06 3.749595e-05 4.604510e-05 5.452126e+01 3.259284e+00 
0.000000e+00 2.668194e-05 1.517126e-06 3.749786e-05 4.604690e-05 5.452222e+01 3.254314e+00 
0.000000e+00 2.668251e-05 1.514793e-06 3.749988e-05 4.604880e-05 5.452323e+01 3.249253e+00 
