# 1 , 2 , 3 , 4      , 5      , 6      , 7      , 8      , 9        
# xm, ym, zm, IGRF_In, IGRF_Ic, IGRF_Dc, In_siB0, Ic_siB0, Dc_siB0  
1.002300e+02 1.247790e+02 9.767720e-01 4.518274e-05 5.346856e+01 3.327694e+00 4.605311e-05 5.451815e+01 3.450588e+00 
1.012943e+02 1.247790e+02 9.767720e-01 4.518274e-05 5.346856e+01 3.327694e+00 4.605100e-05 5.451740e+01 3.445623e+00 
1.023587e+02 1.247790e+02 9.767720e-01 4.518274e-05 5.346856e+01 3.327694e+00 4.604899e-05 5.451668e+01 3.440747e+00 
1.034230e+02 1.247790e+02 9.767720e-01 4.518274e-05 5.346856e+01 3.327694e+00 4.604708e-05 5.451601e+01 3.435952e+00 
1.044874e+02 1.247790e+02 9.767720e-01 4.518274e-05 5.346856e+01 3.327694e+00 4.604527e-05 5.451538e+01 3.431234e+00 
1.055517e+02 1.247790e+02 9.767720e-01 4.518274e-05 5.346856e+01 3.327694e+00 4.604355e-05 5.451479e+01 3.426589e+00 
1.066161e+02 1.247790e+02 9.767720e-01 4.518274e-05 5.346856e+01 3.327694e+00 4.604193e-05 5.451425e+01 3.422012e+00 
1.076804e+02 1.247790e+02 9.767720e-01 4.518274e-05 5.346856e+01 3.327694e+00 4.604040e-05 5.451374e+01 3.417497e+00 
1.087448e+02 1.247790e+02 9.767720e-01 4.518274e-05 5.346856e+01 3.327694e+00 4.603897e-05 5.451327e+01 3.413041e+00 
1.098091e+02 1.247790e+02 9.767720e-01 4.518274e-05 5.346856e+01 3.327694e+00 4.603763e-05 5.451284e+01 3.408640e+00 
1.108735e+02 1.247790e+02 9.767720e-01 4.518274e-05 5.346856e+01 3.327694e+00 4.603637e-05 5.451245e+01 3.404288e+00 
1.119378e+02 1.247790e+02 9.767720e-01 4.518274e-05 5.346856e+01 3.327694e+00 4.603521e-05 5.451210e+01 3.399983e+00 
1.130022e+02 1.247790e+02 9.767720e-01 4.518274e-05 5.346856e+01 3.327694e+00 4.603414e-05 5.451178e+01 3.395719e+00 
1.140665e+02 1.247790e+02 9.767720e-01 4.518274e-05 5.346856e+01 3.327694e+00 4.603315e-05 5.451150e+01 3.391494e+00 
1.151309e+02 1.247790e+02 9.767720e-01 4.518274e-05 5.346856e+01 3.327694e+00 4.603226e-05 5.451126e+01 3.387302e+00 
1.161952e+02 1.247790e+02 9.767720e-01 4.518274e-05 5.346856e+01 3.327694e+00 4.603145e-05 5.451106e+01 3.383141e+00 
1.172596e+02 1.247790e+02 9.767720e-01 4.518274e-05 5.346856e+01 3.327694e+00 4.603072e-05 5.451089e+01 3.379006e+00 
1.183239e+02 1.247790e+02 9.767720e-01 4.518274e-05 5.346856e+01 3.327694e+00 4.603008e-05 5.451076e+01 3.374895e+00 
1.193883e+02 1.247790e+02 9.767720e-01 4.518274e-05 5.346856e+01 3.327694e+00 4.602953e-05 5.451066e+01 3.370802e+00 
1.204526e+02 1.247790e+02 9.767720e-01 4.518274e-05 5.346856e+01 3.327694e+00 4.602907e-05 5.451060e+01 3.366725e+00 
1.215170e+02 1.247790e+02 9.767720e-01 4.518274e-05 5.346856e+01 3.327694e+00 4.602868e-05 5.451058e+01 3.362659e+00 
1.225813e+02 1.247790e+02 9.767720e-01 4.518274e-05 5.346856e+01 3.327694e+00 4.602839e-05 5.451059e+01 3.358603e+00 
1.236457e+02 1.247790e+02 9.767720e-01 4.518274e-05 5.346856e+01 3.327694e+00 4.602817e-05 5.451064e+01 3.354551e+00 
1.247100e+02 1.247790e+02 9.767720e-01 4.518274e-05 5.346856e+01 3.327694e+00 4.602804e-05 5.451072e+01 3.350500e+00 
1.257743e+02 1.247790e+02 9.767720e-01 4.518274e-05 5.346856e+01 3.327694e+00 4.602800e-05 5.451084e+01 3.346447e+00 
1.268387e+02 1.247790e+02 9.767720e-01 4.518274e-05 5.346856e+01 3.327694e+00 4.602804e-05 5.451100e+01 3.342388e+00 
1.279030e+02 1.247790e+02 9.767720e-01 4.518274e-05 5.346856e+01 3.327694e+00 4.602816e-05 5.451119e+01 3.338320e+00 
1.289674e+02 1.247790e+02 9.767720e-01 4.518274e-05 5.346856e+01 3.327694e+00 4.602837e-05 5.451142e+01 3.334240e+00 
1.300317e+02 1.247790e+02 9.767720e-01 4.518274e-05 5.346856e+01 3.327694e+00 4.602866e-05 5.451169e+01 3.330142e+00 
1.310961e+02 1.247790e+02 9.767720e-01 4.518274e-05 5.346856e+01 3.327694e+00 4.602903e-05 5.451199e+01 3.326025e+00 
1.321604e+02 1.247790e+02 9.767720e-01 4.518274e-05 5.346856e+01 3.327694e+00 4.602949e-05 5.451233e+01 3.321885e+00 
1.332248e+02 1.247790e+02 9.767720e-01 4.518274e-05 5.346856e+01 3.327694e+00 4.603004e-05 5.451271e+01 3.317717e+00 
1.342891e+02 1.247790e+02 9.767720e-01 4.518274e-05 5.346856e+01 3.327694e+00 4.603067e-05 5.451312e+01 3.313518e+00 
1.353535e+02 1.247790e+02 9.767720e-01 4.518274e-05 5.346856e+01 3.327694e+00 4.603139e-05 5.451358e+01 3.309284e+00 
1.364178e+02 1.247790e+02 9.767720e-01 4.518274e-05 5.346856e+01 3.327694e+00 4.603219e-05 5.451407e+01 3.305013e+00 
1.374822e+02 1.247790e+02 9.767720e-01 4.518274e-05 5.346856e+01 3.327694e+00 4.603308e-05 5.451460e+01 3.300698e+00 
1.385465e+02 1.247790e+02 9.767720e-01 4.518274e-05 5.346856e+01 3.327694e+00 4.603406e-05 5.451517e+01 3.296338e+00 
1.396109e+02 1.247790e+02 9.767720e-01 4.518274e-05 5.346856e+01 3.327694e+00 4.603512e-05 5.451579e+01 3.291927e+00 
1.406752e+02 1.247790e+02 9.767720e-01 4.518274e-05 5.346856e+01 3.327694e+00 4.603627e-05 5.451644e+01 3.287461e+00 
1.417396e+02 1.247790e+02 9.767720e-01 4.518274e-05 5.346856e+01 3.327694e+00 4.603752e-05 5.451713e+01 3.282938e+00 
1.428039e+02 1.247790e+02 9.767720e-01 4.518274e-05 5.346856e+01 3.327694e+00 4.603885e-05 5.451787e+01 3.278351e+00 
1.438683e+02 1.247790e+02 9.767720e-01 4.518274e-05 5.346856e+01 3.327694e+00 4.604027e-05 5.451865e+01 3.273697e+00 
1.449326e+02 1.247790e+02 9.767720e-01 4.518274e-05 5.346856e+01 3.327694e+00 4.604179e-05 5.451947e+01 3.268971e+00 
1.459970e+02 1.247790e+02 9.767720e-01 4.518274e-05 5.346856e+01 3.327694e+00 4.604340e-05 5.452034e+01 3.264168e+00 
1.470613e+02 1.247790e+02 9.767720e-01 4.518274e-05 5.346856e+01 3.327694e+00 4.604510e-05 5.452126e+01 3.259284e+00 
1.481257e+02 1.247790e+02 9.767720e-01 4.518274e-05 5.346856e+01 3.327694e+00 4.604690e-05 5.452222e+01 3.254314e+00 
1.491900e+02 1.247790e+02 9.767720e-01 4.518274e-05 5.346856e+01 3.327694e+00 4.604880e-05 5.452323e+01 3.249253e+00 
