# 1,2,3, 4    , 5    , 6    , 7    , 8    , 9     
# x,y,z, Bx_si, By_si, Bz_si, In_si, Ic_si, Dc_si 
1.002300e+02 1.247790e+02 9.767720e-01 4.769562e-08 -1.674673e-07 -1.195319e-06 1.207935e-06 8.171180e+01 1.641028e+02 
1.012943e+02 1.247790e+02 9.767720e-01 4.533996e-08 -1.680554e-07 -1.193249e-06 1.205878e-06 8.170057e+01 1.649015e+02 
1.023587e+02 1.247790e+02 9.767720e-01 4.302687e-08 -1.686163e-07 -1.191281e-06 1.203924e-06 8.168915e+01 1.656850e+02 
1.034230e+02 1.247790e+02 9.767720e-01 4.075392e-08 -1.691502e-07 -1.189413e-06 1.202072e-06 8.167765e+01 1.664537e+02 
1.044874e+02 1.247790e+02 9.767720e-01 3.851877e-08 -1.696574e-07 -1.187644e-06 1.200319e-06 8.166615e+01 1.672085e+02 
1.055517e+02 1.247790e+02 9.767720e-01 3.631912e-08 -1.701380e-07 -1.185972e-06 1.198664e-06 8.165475e+01 1.679500e+02 
1.066161e+02 1.247790e+02 9.767720e-01 3.415277e-08 -1.705920e-07 -1.184397e-06 1.197107e-06 8.164353e+01 1.686790e+02 
1.076804e+02 1.247790e+02 9.767720e-01 3.201756e-08 -1.710198e-07 -1.182916e-06 1.195644e-06 8.163256e+01 1.693961e+02 
1.087448e+02 1.247790e+02 9.767720e-01 2.991141e-08 -1.714213e-07 -1.181530e-06 1.194275e-06 8.162192e+01 1.701021e+02 
1.098091e+02 1.247790e+02 9.767720e-01 2.783226e-08 -1.717968e-07 -1.180236e-06 1.192999e-06 8.161166e+01 1.707976e+02 
1.108735e+02 1.247790e+02 9.767720e-01 2.577815e-08 -1.721463e-07 -1.179034e-06 1.191814e-06 8.160185e+01 1.714835e+02 
1.119378e+02 1.247790e+02 9.767720e-01 2.374712e-08 -1.724701e-07 -1.177923e-06 1.190719e-06 8.159254e+01 1.721603e+02 
1.130022e+02 1.247790e+02 9.767720e-01 2.173727e-08 -1.727680e-07 -1.176902e-06 1.189714e-06 8.158379e+01 1.728289e+02 
1.140665e+02 1.247790e+02 9.767720e-01 1.974675e-08 -1.730404e-07 -1.175971e-06 1.188798e-06 8.157563e+01 1.734898e+02 
1.151309e+02 1.247790e+02 9.767720e-01 1.777373e-08 -1.732872e-07 -1.175128e-06 1.187969e-06 8.156810e+01 1.741438e+02 
1.161952e+02 1.247790e+02 9.767720e-01 1.581641e-08 -1.735085e-07 -1.174373e-06 1.187226e-06 8.156125e+01 1.747915e+02 
1.172596e+02 1.247790e+02 9.767720e-01 1.387303e-08 -1.737044e-07 -1.173705e-06 1.186570e-06 8.155510e+01 1.754337e+02 
1.183239e+02 1.247790e+02 9.767720e-01 1.194185e-08 -1.738750e-07 -1.173124e-06 1.186000e-06 8.154969e+01 1.760711e+02 
1.193883e+02 1.247790e+02 9.767720e-01 1.002115e-08 -1.740203e-07 -1.172630e-06 1.185515e-06 8.154503e+01 1.767042e+02 
1.204526e+02 1.247790e+02 9.767720e-01 8.109225e-09 -1.741404e-07 -1.172222e-06 1.185114e-06 8.154115e+01 1.773338e+02 
1.215170e+02 1.247790e+02 9.767720e-01 6.204394e-09 -1.742353e-07 -1.171900e-06 1.184798e-06 8.153807e+01 1.779606e+02 
1.225813e+02 1.247790e+02 9.767720e-01 4.304984e-09 -1.743050e-07 -1.171664e-06 1.184566e-06 8.153579e+01 1.785852e+02 
1.236457e+02 1.247790e+02 9.767720e-01 2.409332e-09 -1.743495e-07 -1.171512e-06 1.184418e-06 8.153433e+01 1.792083e+02 
1.247100e+02 1.247790e+02 9.767720e-01 5.157829e-10 -1.743689e-07 -1.171447e-06 1.184353e-06 8.153369e+01 1.798305e+02 
1.257743e+02 1.247790e+02 9.767720e-01 -1.377316e-09 -1.743632e-07 -1.171466e-06 1.184372e-06 8.153388e+01 -1.795474e+02 
1.268387e+02 1.247790e+02 9.767720e-01 -3.271617e-09 -1.743323e-07 -1.171571e-06 1.184475e-06 8.153489e+01 -1.789249e+02 
1.279030e+02 1.247790e+02 9.767720e-01 -5.168774e-09 -1.742764e-07 -1.171761e-06 1.184661e-06 8.153673e+01 -1.783012e+02 
1.289674e+02 1.247790e+02 9.767720e-01 -7.070444e-09 -1.741952e-07 -1.172036e-06 1.184932e-06 8.153937e+01 -1.776757e+02 
1.300317e+02 1.247790e+02 9.767720e-01 -8.978295e-09 -1.740889e-07 -1.172397e-06 1.185286e-06 8.154282e+01 -1.770477e+02 
1.310961e+02 1.247790e+02 9.767720e-01 -1.089400e-08 -1.739573e-07 -1.172844e-06 1.185725e-06 8.154706e+01 -1.764166e+02 
1.321604e+02 1.247790e+02 9.767720e-01 -1.281926e-08 -1.738005e-07 -1.173378e-06 1.186249e-06 8.155206e+01 -1.757816e+02 
1.332248e+02 1.247790e+02 9.767720e-01 -1.475578e-08 -1.736184e-07 -1.173998e-06 1.186858e-06 8.155781e+01 -1.751421e+02 
1.342891e+02 1.247790e+02 9.767720e-01 -1.670528e-08 -1.734109e-07 -1.174705e-06 1.187553e-06 8.156428e+01 -1.744975e+02 
1.353535e+02 1.247790e+02 9.767720e-01 -1.866953e-08 -1.731780e-07 -1.175500e-06 1.188335e-06 8.157144e+01 -1.738470e+02 
1.364178e+02 1.247790e+02 9.767720e-01 -2.065029e-08 -1.729196e-07 -1.176384e-06 1.189204e-06 8.157926e+01 -1.731899e+02 
1.374822e+02 1.247790e+02 9.767720e-01 -2.264938e-08 -1.726356e-07 -1.177356e-06 1.190161e-06 8.158770e+01 -1.725256e+02 
1.385465e+02 1.247790e+02 9.767720e-01 -2.466863e-08 -1.723259e-07 -1.178418e-06 1.191206e-06 8.159671e+01 -1.718534e+02 
1.396109e+02 1.247790e+02 9.767720e-01 -2.670993e-08 -1.719905e-07 -1.179570e-06 1.192342e-06 8.160625e+01 -1.711725e+02 
1.406752e+02 1.247790e+02 9.767720e-01 -2.877519e-08 -1.716292e-07 -1.180813e-06 1.193568e-06 8.161627e+01 -1.704824e+02 
1.417396e+02 1.247790e+02 9.767720e-01 -3.086637e-08 -1.712418e-07 -1.182149e-06 1.194886e-06 8.162672e+01 -1.697821e+02 
1.428039e+02 1.247790e+02 9.767720e-01 -3.298549e-08 -1.708284e-07 -1.183578e-06 1.196298e-06 8.163752e+01 -1.690712e+02 
1.438683e+02 1.247790e+02 9.767720e-01 -3.513461e-08 -1.703887e-07 -1.185102e-06 1.197804e-06 8.164861e+01 -1.683488e+02 
1.449326e+02 1.247790e+02 9.767720e-01 -3.731584e-08 -1.699226e-07 -1.186721e-06 1.199405e-06 8.165992e+01 -1.676142e+02 
1.459970e+02 1.247790e+02 9.767720e-01 -3.953137e-08 -1.694299e-07 -1.188437e-06 1.201104e-06 8.167138e+01 -1.668667e+02 
1.470613e+02 1.247790e+02 9.767720e-01 -4.178344e-08 -1.689106e-07 -1.190251e-06 1.202902e-06 8.168289e+01 -1.661057e+02 
1.481257e+02 1.247790e+02 9.767720e-01 -4.407435e-08 -1.683644e-07 -1.192164e-06 1.204801e-06 8.169436e+01 -1.653303e+02 
1.491900e+02 1.247790e+02 9.767720e-01 -4.640651e-08 -1.677911e-07 -1.194178e-06 1.206801e-06 8.170571e+01 -1.645400e+02 
