# 1    , 2      , 3      , 4      , 5      , 6      , 7       
# dmeas, Bx_siB0, By_siB0, Bz_siB0, In_siB0, Ic_siB0, Dc_siB0 
0.000000e+00 2.710497e-05 1.585921e-06 3.710230e-05 4.597581e-05 5.380347e+01 3.348578e+00 
0.000000e+00 2.710475e-05 1.584722e-06 3.710111e-05 4.597468e-05 5.380289e+01 3.346080e+00 
0.000000e+00 2.710454e-05 1.583543e-06 3.709998e-05 4.597360e-05 5.380234e+01 3.343621e+00 
0.000000e+00 2.710433e-05 1.582381e-06 3.709891e-05 4.597258e-05 5.380182e+01 3.341198e+00 
0.000000e+00 2.710414e-05 1.581235e-06 3.709789e-05 4.597161e-05 5.380134e+01 3.338809e+00 
0.000000e+00 2.710396e-05 1.580106e-06 3.709694e-05 4.597069e-05 5.380088e+01 3.336452e+00 
0.000000e+00 2.710379e-05 1.578992e-06 3.709604e-05 4.596982e-05 5.380046e+01 3.334125e+00 
0.000000e+00 2.710362e-05 1.577891e-06 3.709519e-05 4.596900e-05 5.380006e+01 3.331826e+00 
0.000000e+00 2.710347e-05 1.576803e-06 3.709440e-05 4.596824e-05 5.379970e+01 3.329554e+00 
0.000000e+00 2.710332e-05 1.575728e-06 3.709366e-05 4.596752e-05 5.379936e+01 3.327305e+00 
0.000000e+00 2.710319e-05 1.574663e-06 3.709298e-05 4.596685e-05 5.379905e+01 3.325079e+00 
0.000000e+00 2.710307e-05 1.573609e-06 3.709234e-05 4.596623e-05 5.379877e+01 3.322873e+00 
0.000000e+00 2.710295e-05 1.572564e-06 3.709176e-05 4.596566e-05 5.379852e+01 3.320686e+00 
0.000000e+00 2.710285e-05 1.571528e-06 3.709123e-05 4.596513e-05 5.379830e+01 3.318516e+00 
0.000000e+00 2.710275e-05 1.570500e-06 3.709075e-05 4.596466e-05 5.379810e+01 3.316361e+00 
0.000000e+00 2.710267e-05 1.569479e-06 3.709032e-05 4.596422e-05 5.379793e+01 3.314220e+00 
0.000000e+00 2.710259e-05 1.568464e-06 3.708994e-05 4.596384e-05 5.379778e+01 3.312091e+00 
0.000000e+00 2.710253e-05 1.567455e-06 3.708962e-05 4.596350e-05 5.379767e+01 3.309972e+00 
0.000000e+00 2.710247e-05 1.566450e-06 3.708933e-05 4.596321e-05 5.379757e+01 3.307862e+00 
0.000000e+00 2.710242e-05 1.565449e-06 3.708910e-05 4.596296e-05 5.379751e+01 3.305759e+00 
0.000000e+00 2.710239e-05 1.564452e-06 3.708892e-05 4.596276e-05 5.379747e+01 3.303662e+00 
0.000000e+00 2.710236e-05 1.563456e-06 3.708879e-05 4.596260e-05 5.379745e+01 3.301568e+00 
0.000000e+00 2.710234e-05 1.562463e-06 3.708870e-05 4.596249e-05 5.379747e+01 3.299477e+00 
0.000000e+00 2.710234e-05 1.561470e-06 3.708866e-05 4.596242e-05 5.379750e+01 3.297386e+00 
0.000000e+00 2.710234e-05 1.560478e-06 3.708867e-05 4.596239e-05 5.379757e+01 3.295295e+00 
0.000000e+00 2.710235e-05 1.559485e-06 3.708873e-05 4.596241e-05 5.379766e+01 3.293201e+00 
0.000000e+00 2.710237e-05 1.558491e-06 3.708884e-05 4.596248e-05 5.379777e+01 3.291104e+00 
0.000000e+00 2.710240e-05 1.557495e-06 3.708900e-05 4.596259e-05 5.379791e+01 3.289001e+00 
0.000000e+00 2.710244e-05 1.556496e-06 3.708920e-05 4.596275e-05 5.379808e+01 3.286891e+00 
0.000000e+00 2.710249e-05 1.555493e-06 3.708946e-05 4.596295e-05 5.379827e+01 3.284773e+00 
0.000000e+00 2.710256e-05 1.554486e-06 3.708976e-05 4.596319e-05 5.379849e+01 3.282644e+00 
0.000000e+00 2.710263e-05 1.553475e-06 3.709011e-05 4.596348e-05 5.379874e+01 3.280503e+00 
0.000000e+00 2.710271e-05 1.552457e-06 3.709051e-05 4.596382e-05 5.379901e+01 3.278350e+00 
0.000000e+00 2.710279e-05 1.551433e-06 3.709096e-05 4.596420e-05 5.379932e+01 3.276181e+00 
0.000000e+00 2.710289e-05 1.550401e-06 3.709147e-05 4.596463e-05 5.379964e+01 3.273995e+00 
0.000000e+00 2.710300e-05 1.549361e-06 3.709202e-05 4.596511e-05 5.380000e+01 3.271791e+00 
0.000000e+00 2.710312e-05 1.548312e-06 3.709262e-05 4.596563e-05 5.380039e+01 3.269566e+00 
0.000000e+00 2.710325e-05 1.547254e-06 3.709328e-05 4.596620e-05 5.380080e+01 3.267320e+00 
0.000000e+00 2.710339e-05 1.546184e-06 3.709399e-05 4.596682e-05 5.380125e+01 3.265050e+00 
0.000000e+00 2.710354e-05 1.545103e-06 3.709475e-05 4.596748e-05 5.380172e+01 3.262754e+00 
0.000000e+00 2.710370e-05 1.544010e-06 3.709557e-05 4.596820e-05 5.380223e+01 3.260432e+00 
0.000000e+00 2.710386e-05 1.542903e-06 3.709644e-05 4.596896e-05 5.380276e+01 3.258079e+00 
0.000000e+00 2.710404e-05 1.541782e-06 3.709737e-05 4.596978e-05 5.380333e+01 3.255695e+00 
0.000000e+00 2.710423e-05 1.540645e-06 3.709835e-05 4.597064e-05 5.380393e+01 3.253278e+00 
0.000000e+00 2.710442e-05 1.539493e-06 3.709939e-05 4.597156e-05 5.380456e+01 3.250826e+00 
0.000000e+00 2.710463e-05 1.538323e-06 3.710049e-05 4.597253e-05 5.380523e+01 3.248336e+00 
0.000000e+00 2.710485e-05 1.537134e-06 3.710165e-05 4.597355e-05 5.380593e+01 3.245806e+00 
