# 1,2,3, 4    , 5    , 6    , 7    , 8    , 9     
# x,y,z, Bx_si, By_si, Bz_si, Bx_th, By_th, Bz_th 
4.752300e+02 4.997790e+02 1.000000e+00 1.953711e-10 -4.613665e-08 -1.424359e-07 0.000000e+00 0.000000e+00 0.000000e+00 
4.762943e+02 4.997790e+02 1.000000e+00 1.868872e-10 -4.614023e-08 -1.424176e-07 0.000000e+00 0.000000e+00 0.000000e+00 
4.773587e+02 4.997790e+02 1.000000e+00 1.784167e-10 -4.614365e-08 -1.424000e-07 0.000000e+00 0.000000e+00 0.000000e+00 
4.784230e+02 4.997790e+02 1.000000e+00 1.699591e-10 -4.614691e-08 -1.423832e-07 0.000000e+00 0.000000e+00 0.000000e+00 
4.794874e+02 4.997790e+02 1.000000e+00 1.615088e-10 -4.615001e-08 -1.423673e-07 0.000000e+00 0.000000e+00 0.000000e+00 
4.805517e+02 4.997790e+02 1.000000e+00 1.530697e-10 -4.615296e-08 -1.423522e-07 0.000000e+00 0.000000e+00 0.000000e+00 
4.816161e+02 4.997790e+02 1.000000e+00 1.446372e-10 -4.615575e-08 -1.423378e-07 0.000000e+00 0.000000e+00 0.000000e+00 
4.826804e+02 4.997790e+02 1.000000e+00 1.362205e-10 -4.615838e-08 -1.423243e-07 0.000000e+00 0.000000e+00 0.000000e+00 
4.837448e+02 4.997790e+02 1.000000e+00 1.278082e-10 -4.616086e-08 -1.423116e-07 0.000000e+00 0.000000e+00 0.000000e+00 
4.848091e+02 4.997790e+02 1.000000e+00 1.194024e-10 -4.616318e-08 -1.422998e-07 0.000000e+00 0.000000e+00 0.000000e+00 
4.858735e+02 4.997790e+02 1.000000e+00 1.110040e-10 -4.616534e-08 -1.422887e-07 0.000000e+00 0.000000e+00 0.000000e+00 
4.869378e+02 4.997790e+02 1.000000e+00 1.026133e-10 -4.616735e-08 -1.422784e-07 0.000000e+00 0.000000e+00 0.000000e+00 
4.880022e+02 4.997790e+02 1.000000e+00 9.422978e-11 -4.616919e-08 -1.422689e-07 0.000000e+00 0.000000e+00 0.000000e+00 
4.890665e+02 4.997790e+02 1.000000e+00 8.585140e-11 -4.617088e-08 -1.422603e-07 0.000000e+00 0.000000e+00 0.000000e+00 
4.901309e+02 4.997790e+02 1.000000e+00 7.747909e-11 -4.617242e-08 -1.422524e-07 0.000000e+00 0.000000e+00 0.000000e+00 
4.911952e+02 4.997790e+02 1.000000e+00 6.911190e-11 -4.617379e-08 -1.422454e-07 0.000000e+00 0.000000e+00 0.000000e+00 
4.922596e+02 4.997790e+02 1.000000e+00 6.074671e-11 -4.617502e-08 -1.422391e-07 0.000000e+00 0.000000e+00 0.000000e+00 
4.933239e+02 4.997790e+02 1.000000e+00 5.238624e-11 -4.617608e-08 -1.422337e-07 0.000000e+00 0.000000e+00 0.000000e+00 
4.943883e+02 4.997790e+02 1.000000e+00 4.402856e-11 -4.617698e-08 -1.422291e-07 0.000000e+00 0.000000e+00 0.000000e+00 
4.954526e+02 4.997790e+02 1.000000e+00 3.567549e-11 -4.617773e-08 -1.422252e-07 0.000000e+00 0.000000e+00 0.000000e+00 
4.965170e+02 4.997790e+02 1.000000e+00 2.732175e-11 -4.617832e-08 -1.422222e-07 0.000000e+00 0.000000e+00 0.000000e+00 
4.975813e+02 4.997790e+02 1.000000e+00 1.897367e-11 -4.617876e-08 -1.422200e-07 0.000000e+00 0.000000e+00 0.000000e+00 
4.986457e+02 4.997790e+02 1.000000e+00 1.062433e-11 -4.617904e-08 -1.422185e-07 0.000000e+00 0.000000e+00 0.000000e+00 
4.997100e+02 4.997790e+02 1.000000e+00 2.278729e-12 -4.617916e-08 -1.422179e-07 0.000000e+00 0.000000e+00 0.000000e+00 
5.007743e+02 4.997790e+02 1.000000e+00 -6.075883e-12 -4.617912e-08 -1.422181e-07 0.000000e+00 0.000000e+00 0.000000e+00 
5.018387e+02 4.997790e+02 1.000000e+00 -1.442292e-11 -4.617893e-08 -1.422191e-07 0.000000e+00 0.000000e+00 0.000000e+00 
5.029030e+02 4.997790e+02 1.000000e+00 -2.277171e-11 -4.617858e-08 -1.422209e-07 0.000000e+00 0.000000e+00 0.000000e+00 
5.039674e+02 4.997790e+02 1.000000e+00 -3.112265e-11 -4.617807e-08 -1.422235e-07 0.000000e+00 0.000000e+00 0.000000e+00 
5.050317e+02 4.997790e+02 1.000000e+00 -3.947844e-11 -4.617741e-08 -1.422269e-07 0.000000e+00 0.000000e+00 0.000000e+00 
5.060961e+02 4.997790e+02 1.000000e+00 -4.783166e-11 -4.617659e-08 -1.422311e-07 0.000000e+00 0.000000e+00 0.000000e+00 
5.071604e+02 4.997790e+02 1.000000e+00 -5.619160e-11 -4.617561e-08 -1.422361e-07 0.000000e+00 0.000000e+00 0.000000e+00 
5.082248e+02 4.997790e+02 1.000000e+00 -6.455082e-11 -4.617448e-08 -1.422419e-07 0.000000e+00 0.000000e+00 0.000000e+00 
5.092891e+02 4.997790e+02 1.000000e+00 -7.291874e-11 -4.617319e-08 -1.422485e-07 0.000000e+00 0.000000e+00 0.000000e+00 
5.103535e+02 4.997790e+02 1.000000e+00 -8.128863e-11 -4.617174e-08 -1.422559e-07 0.000000e+00 0.000000e+00 0.000000e+00 
5.114178e+02 4.997790e+02 1.000000e+00 -8.966253e-11 -4.617013e-08 -1.422641e-07 0.000000e+00 0.000000e+00 0.000000e+00 
5.124822e+02 4.997790e+02 1.000000e+00 -9.805001e-11 -4.616837e-08 -1.422731e-07 0.000000e+00 0.000000e+00 0.000000e+00 
5.135465e+02 4.997790e+02 1.000000e+00 -1.064365e-10 -4.616645e-08 -1.422830e-07 0.000000e+00 0.000000e+00 0.000000e+00 
5.146109e+02 4.997790e+02 1.000000e+00 -1.148258e-10 -4.616438e-08 -1.422936e-07 0.000000e+00 0.000000e+00 0.000000e+00 
5.156752e+02 4.997790e+02 1.000000e+00 -1.232224e-10 -4.616214e-08 -1.423051e-07 0.000000e+00 0.000000e+00 0.000000e+00 
5.167396e+02 4.997790e+02 1.000000e+00 -1.316335e-10 -4.615975e-08 -1.423173e-07 0.000000e+00 0.000000e+00 0.000000e+00 
5.178039e+02 4.997790e+02 1.000000e+00 -1.400482e-10 -4.615721e-08 -1.423304e-07 0.000000e+00 0.000000e+00 0.000000e+00 
5.188683e+02 4.997790e+02 1.000000e+00 -1.484776e-10 -4.615450e-08 -1.423443e-07 0.000000e+00 0.000000e+00 0.000000e+00 
5.199326e+02 4.997790e+02 1.000000e+00 -1.569078e-10 -4.615164e-08 -1.423589e-07 0.000000e+00 0.000000e+00 0.000000e+00 
5.209970e+02 4.997790e+02 1.000000e+00 -1.653534e-10 -4.614862e-08 -1.423744e-07 0.000000e+00 0.000000e+00 0.000000e+00 
5.220613e+02 4.997790e+02 1.000000e+00 -1.738040e-10 -4.614544e-08 -1.423908e-07 0.000000e+00 0.000000e+00 0.000000e+00 
5.231257e+02 4.997790e+02 1.000000e+00 -1.822738e-10 -4.614211e-08 -1.424079e-07 0.000000e+00 0.000000e+00 0.000000e+00 
5.241900e+02 4.997790e+02 1.000000e+00 -1.907617e-10 -4.613864e-08 -1.424258e-07 0.000000e+00 0.000000e+00 0.000000e+00 
