# 1, 2, 3, 4   , 5   , 6   , 7   , 8   , 9   , 10  
# x, y, z, Bx_si, By_si, Bz_si, In_si, Ic_si, Dc_si, dmeas 
5.017029e+05 4.171113e+06 1.617170e+03 -1.209860e-06 -3.621601e-07 8.547195e-07 1.524948e-06 -3.408975e+01 -1.066646e+02 0.000000e+00 
5.017031e+05 4.171114e+06 1.616895e+03 -1.073540e-06 -1.926337e-07 9.948463e-07 1.476250e-06 -4.236886e+01 -1.001728e+02 1.313858e+00 
5.017019e+05 4.171117e+06 1.617109e+03 -9.680498e-07 -4.534366e-08 1.007272e-06 1.397774e-06 -4.610614e+01 -9.268179e+01 3.704210e+00 
5.017019e+05 4.171117e+06 1.617109e+03 -9.680498e-07 -4.534366e-08 1.007272e-06 1.397774e-06 -4.610614e+01 -9.268179e+01 3.704210e+00 
5.017032e+05 4.171117e+06 1.616563e+03 -9.698331e-07 5.259828e-08 1.121872e-06 1.483893e-06 -4.911569e+01 -8.689564e+01 5.176935e+00 
5.017055e+05 4.171118e+06 1.615680e+03 -9.024422e-07 7.727858e-08 1.442469e-06 1.703259e-06 -5.787476e+01 -8.510555e+01 7.529181e+00 
5.017065e+05 4.171119e+06 1.615216e+03 -7.900504e-07 2.425682e-07 1.658070e-06 1.852624e-06 -6.350647e+01 -7.293201e+01 9.022361e+00 
5.017076e+05 4.171120e+06 1.614730e+03 -6.056690e-07 3.470246e-07 1.900452e-06 2.024594e-06 -6.983159e+01 -6.018898e+01 1.058217e+01 
5.017092e+05 4.171121e+06 1.614184e+03 -1.004296e-07 4.706497e-07 2.159888e-06 2.212852e-06 -7.743908e+01 -1.204541e+01 1.241860e+01 
5.017108e+05 4.171122e+06 1.614059e+03 2.565840e-07 9.651753e-07 2.131662e-06 2.354014e-06 -6.489658e+01 1.488729e+01 1.455690e+01 
5.017117e+05 4.171125e+06 1.614856e+03 2.872379e-07 2.056428e-06 1.344793e-06 2.473838e-06 -3.292947e+01 7.951518e+00 1.697472e+01 
5.017148e+05 4.171124e+06 1.614502e+03 3.189365e-07 1.956507e-06 1.316008e-06 2.379395e-06 -3.357893e+01 9.258531e+00 2.015689e+01 
5.017171e+05 4.171124e+06 1.614656e+03 2.756859e-07 1.865098e-06 5.698047e-07 1.969586e-06 -1.681616e+01 8.408184e+00 2.247984e+01 
5.017185e+05 4.171125e+06 1.615438e+03 -4.720456e-07 1.787799e-06 -3.039572e-07 1.873884e-06 9.335023e+00 -1.479068e+01 2.441537e+01 
5.017205e+05 4.171126e+06 1.615311e+03 -1.141078e-06 1.363755e-06 -1.158180e-07 1.781937e-06 3.726599e+00 -3.991982e+01 2.656648e+01 
5.017212e+05 4.171125e+06 1.615059e+03 -1.099033e-06 1.163554e-06 6.284134e-08 1.601774e-06 -2.248424e+00 -4.336659e+01 2.729138e+01 
5.017228e+05 4.171125e+06 1.614581e+03 -9.489135e-07 7.661794e-07 3.307569e-07 1.263672e-06 -1.517349e+01 -5.108162e+01 2.891230e+01 
5.017246e+05 4.171127e+06 1.614514e+03 -6.241495e-07 5.334204e-07 4.324046e-07 9.279406e-07 -2.777387e+01 -4.948162e+01 3.129915e+01 
5.017253e+05 4.171127e+06 1.614509e+03 -6.004451e-07 4.648020e-07 4.023501e-07 8.593374e-07 -2.791815e+01 -5.225670e+01 3.215546e+01 
5.017265e+05 4.171128e+06 1.614426e+03 -5.513661e-07 4.556402e-07 4.458314e-07 8.428394e-07 -3.193546e+01 -5.043021e+01 3.362494e+01 
5.017280e+05 4.171130e+06 1.614390e+03 -4.810750e-07 5.665988e-07 4.608945e-07 8.745805e-07 -3.180226e+01 -4.033317e+01 3.563105e+01 
5.017284e+05 4.171131e+06 1.614577e+03 -4.702878e-07 6.330207e-07 4.166769e-07 8.919111e-07 -2.785095e+01 -3.660964e+01 3.741758e+01 
5.017281e+05 4.171132e+06 1.614749e+03 -4.236352e-07 6.824642e-07 4.661078e-07 9.286983e-07 -3.012536e+01 -3.182968e+01 3.854291e+01 
5.017282e+05 4.171134e+06 1.614910e+03 -5.086968e-07 8.110956e-07 4.193614e-07 1.045233e-06 -2.365405e+01 -3.209480e+01 3.968929e+01 
5.017307e+05 4.171134e+06 1.614524e+03 -5.773932e-07 7.711865e-07 5.839481e-07 1.126546e-06 -3.122180e+01 -3.682248e+01 4.223027e+01 
5.017298e+05 4.171138e+06 1.615441e+03 -3.726577e-07 6.395725e-07 5.585939e-07 9.273370e-07 -3.703935e+01 -3.022794e+01 4.629250e+01 
5.017313e+05 4.171139e+06 1.615538e+03 -2.622592e-07 6.076881e-07 4.979939e-07 8.282890e-07 -3.695819e+01 -2.334352e+01 4.837712e+01 
5.017329e+05 4.171141e+06 1.615528e+03 -1.426414e-07 5.307673e-07 7.990022e-07 9.697758e-07 -5.547754e+01 -1.504257e+01 5.050461e+01 
5.017342e+05 4.171141e+06 1.615445e+03 2.154420e-07 5.555321e-07 9.164023e-07 1.093080e-06 -5.696807e+01 2.119689e+01 5.177443e+01 
5.017350e+05 4.171141e+06 1.615613e+03 4.618757e-07 7.287215e-07 8.709808e-07 1.225958e-06 -4.527149e+01 3.236720e+01 5.275139e+01 
5.017362e+05 4.171142e+06 1.615985e+03 6.925747e-07 1.084243e-06 6.174632e-07 1.427061e-06 -2.563786e+01 3.256894e+01 5.418483e+01 
5.017370e+05 4.171144e+06 1.616826e+03 6.377276e-07 1.662887e-06 1.155836e-07 1.784727e-06 -3.713226e+00 2.098213e+01 5.606084e+01 
5.017375e+05 4.171145e+06 1.617645e+03 3.706942e-07 1.626329e-06 -5.134305e-07 1.745271e-06 1.710860e+01 1.284024e+01 5.748271e+01 
5.017379e+05 4.171146e+06 1.618290e+03 1.714657e-07 1.526872e-06 -9.278099e-07 1.794874e-06 3.112602e+01 6.407395e+00 5.867883e+01 
5.017395e+05 4.171147e+06 1.618793e+03 -2.631262e-07 1.004701e-06 -1.545497e-06 1.862048e-06 5.609861e+01 -1.467587e+01 6.056182e+01 
5.017400e+05 4.171148e+06 1.619087e+03 -5.268996e-07 4.788971e-07 -1.444741e-06 1.610665e-06 6.376442e+01 -4.773242e+01 6.153753e+01 
5.017407e+05 4.171148e+06 1.619057e+03 -6.018460e-07 2.903592e-07 -1.257757e-06 1.424247e-06 6.201899e+01 -6.424512e+01 6.232824e+01 
5.017419e+05 4.171149e+06 1.618937e+03 -6.461208e-07 7.811731e-08 -9.713747e-07 1.169249e-06 5.617771e+01 -8.310628e+01 6.365586e+01 
5.017440e+05 4.171149e+06 1.618666e+03 -5.444385e-07 -2.212891e-08 -6.720507e-07 8.651908e-07 5.096541e+01 -9.232753e+01 6.578729e+01 
