# 1    , 2      , 3      , 4      , 5      , 6      , 7       
# dmeas, Bx_siB0, By_siB0, Bz_siB0, In_siB0, Ic_siB0, Dc_siB0 
0.000000e+00 2.652524e-05 3.502397e-07 3.538888e-05 4.422764e-05 5.314472e+01 7.564905e-01 
1.313858e+00 2.669477e-05 4.865604e-07 3.524875e-05 4.421902e-05 5.285786e+01 1.044204e+00 
3.704210e+00 2.684206e-05 5.920502e-07 3.523633e-05 4.429950e-05 5.269414e+01 1.263557e+00 
3.704210e+00 2.684206e-05 5.920502e-07 3.523633e-05 4.429950e-05 5.269414e+01 1.263557e+00 
5.176935e+00 2.694000e-05 5.902669e-07 3.512173e-05 4.426791e-05 5.250348e+01 1.255174e+00 
7.529181e+00 2.696468e-05 6.576578e-07 3.480113e-05 4.403005e-05 5.222244e+01 1.397144e+00 
9.022361e+00 2.712997e-05 7.700496e-07 3.458553e-05 4.396347e-05 5.187705e+01 1.625831e+00 
1.058217e+01 2.723442e-05 9.544310e-07 3.434315e-05 4.384149e-05 5.156815e+01 2.007110e+00 
1.241860e+01 2.735805e-05 1.459670e-06 3.408371e-05 4.372977e-05 5.120720e+01 3.054082e+00 
1.455690e+01 2.785258e-05 1.816684e-06 3.411194e-05 4.407596e-05 5.070859e+01 3.731831e+00 
1.697472e+01 2.894383e-05 1.847338e-06 3.489881e-05 4.537714e-05 5.027166e+01 3.651946e+00 
2.015689e+01 2.884391e-05 1.879037e-06 3.492759e-05 4.533694e-05 5.038984e+01 3.727267e+00 
2.247984e+01 2.875250e-05 1.835786e-06 3.567380e-05 4.585516e-05 5.107480e+01 3.653255e+00 
2.441537e+01 2.867520e-05 1.088054e-06 3.654756e-05 4.646692e-05 5.186227e+01 2.172994e+00 
2.656648e+01 2.825115e-05 4.190222e-07 3.635942e-05 4.604683e-05 5.214985e+01 8.497508e-01 
2.729138e+01 2.805095e-05 4.610666e-07 3.618076e-05 4.578336e-05 5.220982e+01 9.416718e-01 
2.891230e+01 2.765358e-05 6.111865e-07 3.591284e-05 4.533019e-05 5.239627e+01 1.266118e+00 
3.129915e+01 2.742082e-05 9.359505e-07 3.581120e-05 4.511340e-05 5.254243e+01 1.954909e+00 
3.215546e+01 2.735220e-05 9.596549e-07 3.584125e-05 4.509611e-05 5.263399e+01 2.009404e+00 
3.362494e+01 2.734304e-05 1.008734e-06 3.579777e-05 4.505707e-05 5.260790e+01 2.112786e+00 
3.563105e+01 2.745400e-05 1.079025e-06 3.578271e-05 4.511417e-05 5.248170e+01 2.250739e+00 
3.741758e+01 2.752042e-05 1.089812e-06 3.582692e-05 4.518993e-05 5.244867e+01 2.267735e+00 
3.854291e+01 2.756986e-05 1.136465e-06 3.577749e-05 4.518205e-05 5.235891e+01 2.360468e+00 
3.968929e+01 2.769850e-05 1.051403e-06 3.582424e-05 4.529556e-05 5.226965e+01 2.173839e+00 
4.223027e+01 2.765859e-05 9.827068e-07 3.565965e-05 4.513949e-05 5.218438e+01 2.034857e+00 
4.629250e+01 2.752697e-05 1.187442e-06 3.568501e-05 4.508396e-05 5.232809e+01 2.470060e+00 
4.837712e+01 2.749509e-05 1.297841e-06 3.574561e-05 4.511555e-05 5.240213e+01 2.702506e+00 
5.050461e+01 2.741817e-05 1.417459e-06 3.544460e-05 4.483397e-05 5.223925e+01 2.959430e+00 
5.177443e+01 2.744293e-05 1.775542e-06 3.532720e-05 4.476916e-05 5.210117e+01 3.701845e+00 
5.275139e+01 2.761612e-05 2.021976e-06 3.537262e-05 4.492172e-05 5.194580e+01 4.187566e+00 
5.418483e+01 2.797164e-05 2.252675e-06 3.562614e-05 4.535095e-05 5.177299e+01 4.604334e+00 
5.606084e+01 2.855029e-05 2.197828e-06 3.612802e-05 4.609971e-05 5.159996e+01 4.402000e+00 
5.748271e+01 2.851373e-05 1.930794e-06 3.675703e-05 4.656007e-05 5.213451e+01 3.873844e+00 
5.867883e+01 2.841427e-05 1.731566e-06 3.717141e-05 4.681969e-05 5.255402e+01 3.487292e+00 
6.056182e+01 2.789210e-05 1.296974e-06 3.778910e-05 4.698582e-05 5.353943e+01 2.662318e+00 
6.153753e+01 2.736630e-05 1.033200e-06 3.768834e-05 4.658747e-05 5.399641e+01 2.162146e+00 
6.232824e+01 2.717776e-05 9.582540e-07 3.750136e-05 4.632387e-05 5.405172e+01 2.019341e+00 
6.365586e+01 2.696552e-05 9.139792e-07 3.721497e-05 4.596661e-05 5.405774e+01 1.941261e+00 
6.578729e+01 2.686527e-05 1.015661e-06 3.691565e-05 4.566771e-05 5.393537e+01 2.165078e+00 
