# 1      , 2      , 3      , 4    , 5     , 6      , 7      , 8      ,                    9              , 10  , 11  , 12  , 13    , 14      
# IGRF_In, IGRF_Ic, IGRF_Dc, dmeas, height, In_siB0, Ic_siB0, Dc_siB0,                    height m (-poh), In_m, Ic_m, Dc_m, min hP, max hP  
4.515490e-05 5.338396e+01 3.320776e+00 0.000000e+00 1.617170e+03 4.422764e-05 5.314472e+01 7.564905e-01 1.618900e+03 4.575064e+01 5.878437e+01 -6.645001e+00 1.614059e+03 1.619087e+03 
4.515490e-05 5.338396e+01 3.320776e+00 1.313858e+00 1.616895e+03 4.421902e-05 5.285786e+01 1.044204e+00 1.617700e+03 4.340587e+01 5.727158e+01 1.937867e-01 1.614059e+03 1.619087e+03 
4.515490e-05 5.338396e+01 3.320776e+00 3.704210e+00 1.617109e+03 4.429950e-05 5.269414e+01 1.263557e+00 1.615600e+03 4.207129e+01 5.318418e+01 2.747505e-01 1.614059e+03 1.619087e+03 
4.515490e-05 5.338396e+01 3.320776e+00 3.704210e+00 1.617109e+03 4.429950e-05 5.269414e+01 1.263557e+00 1.615600e+03 4.206765e+01 5.308327e+01 1.125919e+00 1.614059e+03 1.619087e+03 
4.515490e-05 5.338396e+01 3.320776e+00 5.176935e+00 1.616563e+03 4.426791e-05 5.250348e+01 1.255174e+00 1.614800e+03 4.465357e+01 5.305078e+01 2.487716e-01 1.614059e+03 1.619087e+03 
4.515490e-05 5.338396e+01 3.320776e+00 7.529181e+00 1.615680e+03 4.403005e-05 5.222244e+01 1.397144e+00 1.614800e+03 4.392862e+01 5.428043e+01 -1.934920e+00 1.614059e+03 1.619087e+03 
4.515490e-05 5.338396e+01 3.320776e+00 9.022361e+00 1.615216e+03 4.396347e-05 5.187705e+01 1.625831e+00 1.614500e+03 4.351851e+01 5.322759e+01 -2.089908e-01 1.614059e+03 1.619087e+03 
4.515490e-05 5.338396e+01 3.320776e+00 1.058217e+01 1.614730e+03 4.384149e-05 5.156815e+01 2.007110e+00 1.614300e+03 4.420009e+01 5.432515e+01 -1.035171e+00 1.614059e+03 1.619087e+03 
4.515490e-05 5.338396e+01 3.320776e+00 1.241860e+01 1.614184e+03 4.372977e-05 5.120720e+01 3.054082e+00 1.614000e+03 4.293308e+01 5.328460e+01 -3.503504e+00 1.614059e+03 1.619087e+03 
4.515490e-05 5.338396e+01 3.320776e+00 1.455690e+01 1.614059e+03 4.407596e-05 5.070859e+01 3.731831e+00 1.612500e+03 4.312005e+01 5.092131e+01 4.634988e-01 1.614059e+03 1.619087e+03 
4.515490e-05 5.338396e+01 3.320776e+00 1.697472e+01 1.614856e+03 4.537714e-05 5.027166e+01 3.651946e+00 1.611400e+03 4.165310e+01 5.125718e+01 4.529160e-01 1.614059e+03 1.619087e+03 
4.515490e-05 5.338396e+01 3.320776e+00 2.015689e+01 1.614502e+03 4.533694e-05 5.038984e+01 3.727267e+00 1.612500e+03 4.307516e+01 5.201969e+01 1.747714e+00 1.614059e+03 1.619087e+03 
4.515490e-05 5.338396e+01 3.320776e+00 2.247984e+01 1.614656e+03 4.585516e-05 5.107480e+01 3.653255e+00 1.612700e+03 4.321875e+01 5.219473e+01 1.778680e+00 1.614059e+03 1.619087e+03 
4.515490e-05 5.338396e+01 3.320776e+00 2.441537e+01 1.615438e+03 4.646692e-05 5.186227e+01 2.172994e+00 1.613000e+03 4.395217e+01 5.065917e+01 1.888427e+00 1.614059e+03 1.619087e+03 
4.515490e-05 5.338396e+01 3.320776e+00 2.656648e+01 1.615311e+03 4.604683e-05 5.214985e+01 8.497508e-01 1.612600e+03 4.338194e+01 5.048128e+01 5.013835e+00 1.614059e+03 1.619087e+03 
4.515490e-05 5.338396e+01 3.320776e+00 2.729138e+01 1.615059e+03 4.578336e-05 5.220982e+01 9.416718e-01 1.613400e+03 4.588199e+01 5.262014e+01 3.216199e+00 1.614059e+03 1.619087e+03 
4.515490e-05 5.338396e+01 3.320776e+00 2.891230e+01 1.614581e+03 4.533019e-05 5.239627e+01 1.266118e+00 1.613200e+03 4.613804e+01 5.315105e+01 1.252928e+00 1.614059e+03 1.619087e+03 
4.515490e-05 5.338396e+01 3.320776e+00 3.129915e+01 1.614514e+03 4.511340e-05 5.254243e+01 1.954909e+00 1.613300e+03 4.551627e+01 5.255630e+01 -3.037130e+00 1.614059e+03 1.619087e+03 
4.515490e-05 5.338396e+01 3.320776e+00 3.215546e+01 1.614509e+03 4.509611e-05 5.263399e+01 2.009404e+00 1.613200e+03 4.430771e+01 5.179174e+01 -2.336356e+00 1.614059e+03 1.619087e+03 
4.515490e-05 5.338396e+01 3.320776e+00 3.362494e+01 1.614426e+03 4.505707e-05 5.260790e+01 2.112786e+00 1.613500e+03 4.462652e+01 5.240063e+01 -8.099991e-01 1.614059e+03 1.619087e+03 
4.515490e-05 5.338396e+01 3.320776e+00 3.563105e+01 1.614390e+03 4.511417e-05 5.248170e+01 2.250739e+00 1.613400e+03 4.462422e+01 5.252587e+01 -6.609493e-01 1.614059e+03 1.619087e+03 
4.515490e-05 5.338396e+01 3.320776e+00 3.741758e+01 1.614577e+03 4.518993e-05 5.244867e+01 2.267735e+00 1.613600e+03 4.497259e+01 5.303865e+01 -3.000057e+00 1.614059e+03 1.619087e+03 
4.515490e-05 5.338396e+01 3.320776e+00 3.854291e+01 1.614749e+03 4.518205e-05 5.235891e+01 2.360468e+00 1.614200e+03 4.497052e+01 5.421160e+01 -2.206697e+00 1.614059e+03 1.619087e+03 
4.515490e-05 5.338396e+01 3.320776e+00 3.968929e+01 1.614910e+03 4.529556e-05 5.226965e+01 2.173839e+00 1.613900e+03 4.384791e+01 5.393968e+01 -1.430057e+00 1.614059e+03 1.619087e+03 
4.515490e-05 5.338396e+01 3.320776e+00 4.223027e+01 1.614524e+03 4.513949e-05 5.218438e+01 2.034857e+00 1.613800e+03 4.521116e+01 5.227877e+01 -1.427673e-01 1.614059e+03 1.619087e+03 
4.515490e-05 5.338396e+01 3.320776e+00 4.629250e+01 1.615441e+03 4.508396e-05 5.232809e+01 2.470060e+00 1.615200e+03 4.624073e+01 5.334193e+01 -2.897998e+00 1.614059e+03 1.619087e+03 
4.515490e-05 5.338396e+01 3.320776e+00 4.837712e+01 1.615538e+03 4.511555e-05 5.240213e+01 2.702506e+00 1.615100e+03 4.501864e+01 5.470362e+01 -3.609559e+00 1.614059e+03 1.619087e+03 
4.515490e-05 5.338396e+01 3.320776e+00 5.050461e+01 1.615528e+03 4.483397e-05 5.223925e+01 2.959430e+00 1.613500e+03 4.122763e+01 5.143908e+01 nan 1.614059e+03 1.619087e+03 
4.515490e-05 5.338396e+01 3.320776e+00 5.177443e+01 1.615445e+03 4.476916e-05 5.210117e+01 3.701845e+00 1.613800e+03 4.342708e+01 5.269640e+01 nan 1.614059e+03 1.619087e+03 
4.515490e-05 5.338396e+01 3.320776e+00 5.275139e+01 1.615613e+03 4.492172e-05 5.194580e+01 4.187566e+00 1.614500e+03 4.597181e+01 5.167244e+01 nan 1.614059e+03 1.619087e+03 
4.515490e-05 5.338396e+01 3.320776e+00 5.418483e+01 1.615985e+03 4.535095e-05 5.177299e+01 4.604334e+00 1.614700e+03 4.602680e+01 5.456200e+01 nan 1.614059e+03 1.619087e+03 
4.515490e-05 5.338396e+01 3.320776e+00 5.606084e+01 1.616826e+03 4.609971e-05 5.159996e+01 4.402000e+00 1.615000e+03 4.602720e+01 5.369643e+01 nan 1.614059e+03 1.619087e+03 
4.515490e-05 5.338396e+01 3.320776e+00 5.748271e+01 1.617645e+03 4.656007e-05 5.213451e+01 3.873844e+00 1.615100e+03 4.415560e+01 5.353161e+01 nan 1.614059e+03 1.619087e+03 
4.515490e-05 5.338396e+01 3.320776e+00 5.867883e+01 1.618290e+03 4.681969e-05 5.255402e+01 3.487292e+00 1.615200e+03 4.324688e+01 5.202430e+01 nan 1.614059e+03 1.619087e+03 
4.515490e-05 5.338396e+01 3.320776e+00 6.056182e+01 1.618793e+03 4.698582e-05 5.353943e+01 2.662318e+00 1.616600e+03 4.689832e+01 5.193213e+01 nan 1.614059e+03 1.619087e+03 
4.515490e-05 5.338396e+01 3.320776e+00 6.153753e+01 1.619087e+03 4.658747e-05 5.399641e+01 2.162146e+00 1.617700e+03 4.734403e+01 5.357801e+01 nan 1.614059e+03 1.619087e+03 
4.515490e-05 5.338396e+01 3.320776e+00 6.232824e+01 1.619057e+03 4.632387e-05 5.405172e+01 2.019341e+00 1.617900e+03 4.736998e+01 5.385650e+01 nan 1.614059e+03 1.619087e+03 
4.515490e-05 5.338396e+01 3.320776e+00 6.365586e+01 1.618937e+03 4.596661e-05 5.405774e+01 1.941261e+00 1.618000e+03 4.746066e+01 5.470341e+01 nan 1.614059e+03 1.619087e+03 
4.515490e-05 5.338396e+01 3.320776e+00 6.578729e+01 1.618666e+03 4.566771e-05 5.393537e+01 2.165078e+00 1.618100e+03 4.657630e+01 5.581463e+01 4.709900e-01 1.614059e+03 1.619087e+03 
