# 1, 2, 3, 4   , 5   , 6   , 7   , 8   , 9   , 10  
# x, y, z, Bx_si, By_si, Bz_si, In_si, Ic_si, Dc_si, dmeas 
5.017029e+05 4.171113e+06 1.616912e+03 -5.498020e-07 2.458971e-07 1.883088e-06 1.977061e-06 7.226369e+01 1.559036e+02 0.000000e+00 
5.017031e+05 4.171114e+06 1.616912e+03 -5.581774e-07 2.405282e-07 1.874427e-06 1.970505e-06 7.203435e+01 1.566880e+02 1.313858e+00 
5.017019e+05 4.171117e+06 1.616912e+03 -5.687398e-07 2.496853e-07 1.871958e-06 1.972317e-06 7.164364e+01 1.562978e+02 3.704210e+00 
5.017019e+05 4.171117e+06 1.616912e+03 -5.687398e-07 2.496853e-07 1.871958e-06 1.972317e-06 7.164364e+01 1.562978e+02 3.704210e+00 
5.017032e+05 4.171117e+06 1.616912e+03 -5.755257e-07 2.340097e-07 1.860393e-06 1.961390e-06 7.153317e+01 1.578733e+02 5.176935e+00 
5.017055e+05 4.171118e+06 1.616912e+03 -5.840236e-07 2.099253e-07 1.843850e-06 1.945491e-06 7.139770e+01 1.602292e+02 7.529181e+00 
5.017065e+05 4.171119e+06 1.616912e+03 -5.937727e-07 1.986691e-07 1.833219e-06 1.937196e-06 7.114264e+01 1.615004e+02 9.022361e+00 
5.017076e+05 4.171120e+06 1.616912e+03 -6.035962e-07 1.864319e-07 1.822403e-06 1.928792e-06 7.088124e+01 1.628357e+02 1.058217e+01 
5.017092e+05 4.171121e+06 1.616912e+03 -6.134740e-07 1.711758e-07 1.810326e-06 1.919097e-06 7.061714e+01 1.644095e+02 1.241860e+01 
5.017108e+05 4.171122e+06 1.616912e+03 -6.273202e-07 1.558639e-07 1.796992e-06 1.909713e-06 7.021591e+01 1.660468e+02 1.455690e+01 
5.017117e+05 4.171125e+06 1.616912e+03 -6.472284e-07 1.451605e-07 1.784699e-06 1.903977e-06 6.961176e+01 1.673589e+02 1.697472e+01 
5.017148e+05 4.171124e+06 1.616912e+03 -6.453726e-07 1.239407e-07 1.774468e-06 1.892248e-06 6.967812e+01 1.691290e+02 2.015689e+01 
5.017171e+05 4.171124e+06 1.616912e+03 -6.464051e-07 1.085901e-07 1.766917e-06 1.884576e-06 6.964696e+01 1.704639e+02 2.247984e+01 
5.017185e+05 4.171125e+06 1.616912e+03 -6.590423e-07 9.766874e-08 1.757612e-06 1.879648e-06 6.924029e+01 1.715702e+02 2.441537e+01 
5.017205e+05 4.171126e+06 1.616912e+03 -6.680187e-07 8.449517e-08 1.749067e-06 1.874200e-06 6.894471e+01 1.727912e+02 2.656648e+01 
5.017212e+05 4.171125e+06 1.616912e+03 -6.672501e-07 8.047702e-08 1.747713e-06 1.872485e-06 6.896568e+01 1.731228e+02 2.729138e+01 
5.017228e+05 4.171125e+06 1.616912e+03 -6.673909e-07 7.123878e-08 1.744211e-06 1.868892e-06 6.895300e+01 1.739072e+02 2.891230e+01 
5.017246e+05 4.171127e+06 1.616912e+03 -6.835013e-07 6.003375e-08 1.735109e-06 1.865846e-06 6.842415e+01 1.749804e+02 3.129915e+01 
5.017253e+05 4.171127e+06 1.616912e+03 -6.889333e-07 5.596257e-08 1.732156e-06 1.864973e-06 6.824594e+01 1.753560e+02 3.215546e+01 
5.017265e+05 4.171128e+06 1.616912e+03 -6.970759e-07 4.876305e-08 1.727623e-06 1.863591e-06 6.797792e+01 1.759985e+02 3.362494e+01 
5.017280e+05 4.171130e+06 1.616912e+03 -7.119908e-07 4.058068e-08 1.721388e-06 1.863265e-06 6.749648e+01 1.767379e+02 3.563105e+01 
5.017284e+05 4.171131e+06 1.616912e+03 -7.304750e-07 3.763522e-08 1.716273e-06 1.865637e-06 6.691719e+01 1.770506e+02 3.741758e+01 
5.017281e+05 4.171132e+06 1.616912e+03 -7.422374e-07 3.843124e-08 1.714042e-06 1.868243e-06 6.655779e+01 1.770360e+02 3.854291e+01 
5.017282e+05 4.171134e+06 1.616912e+03 -7.552955e-07 3.734563e-08 1.711301e-06 1.870941e-06 6.615953e+01 1.771693e+02 3.968929e+01 
5.017307e+05 4.171134e+06 1.616912e+03 -7.609462e-07 2.545492e-08 1.707472e-06 1.869532e-06 6.596763e+01 1.780841e+02 4.223027e+01 
5.017298e+05 4.171138e+06 1.616912e+03 -8.104488e-07 2.751467e-08 1.700565e-06 1.884013e-06 6.450582e+01 1.780556e+02 4.629250e+01 
5.017313e+05 4.171139e+06 1.616912e+03 -8.313895e-07 2.062702e-08 1.696573e-06 1.889443e-06 6.388631e+01 1.785788e+02 4.837712e+01 
5.017329e+05 4.171141e+06 1.616912e+03 -8.519459e-07 1.359215e-08 1.693177e-06 1.895480e-06 6.328717e+01 1.790860e+02 5.050461e+01 
5.017342e+05 4.171141e+06 1.616912e+03 -8.553603e-07 8.549931e-09 1.692248e-06 1.896158e-06 6.318416e+01 1.794273e+02 5.177443e+01 
5.017350e+05 4.171141e+06 1.616912e+03 -8.617977e-07 5.011457e-09 1.691344e-06 1.898253e-06 6.299921e+01 1.796668e+02 5.275139e+01 
5.017362e+05 4.171142e+06 1.616912e+03 -8.741127e-07 3.328307e-10 1.690013e-06 1.902687e-06 6.265097e+01 1.799782e+02 5.418483e+01 
5.017370e+05 4.171144e+06 1.616912e+03 -9.016500e-07 -2.472662e-09 1.687592e-06 1.913360e-06 6.188512e+01 -1.798429e+02 5.606084e+01 
5.017375e+05 4.171145e+06 1.616912e+03 -9.237128e-07 -4.419628e-09 1.685883e-06 1.922360e-06 6.128094e+01 -1.797259e+02 5.748271e+01 
5.017379e+05 4.171146e+06 1.616912e+03 -9.438223e-07 -5.557599e-09 1.684428e-06 1.930836e-06 6.073670e+01 -1.796626e+02 5.867883e+01 
5.017395e+05 4.171147e+06 1.616912e+03 -9.601378e-07 -1.118310e-08 1.683889e-06 1.938420e-06 6.030694e+01 -1.793327e+02 6.056182e+01 
5.017400e+05 4.171148e+06 1.616912e+03 -9.763463e-07 -1.250004e-08 1.682993e-06 1.945732e-06 5.987887e+01 -1.792665e+02 6.153753e+01 
5.017407e+05 4.171148e+06 1.616912e+03 -9.814351e-07 -1.495206e-08 1.683134e-06 1.948430e-06 5.975065e+01 -1.791272e+02 6.232824e+01 
5.017419e+05 4.171149e+06 1.616912e+03 -9.937835e-07 -1.863814e-08 1.683235e-06 1.954797e-06 5.943795e+01 -1.789256e+02 6.365586e+01 
5.017440e+05 4.171149e+06 1.616912e+03 -9.977254e-07 -2.579066e-08 1.685302e-06 1.958664e-06 5.936542e+01 -1.785193e+02 6.578729e+01 
