# 1 , 2 , 3 , 4      , 5      , 6      , 7      , 8      , 9      ,                       10 (pm), 11 (pm), 12 (pm)  
# xm, ym, zm, IGRF_In, IGRF_Ic, IGRF_Dc, In_siB0, Ic_siB0, Dc_siB0,                       Bx_siB0, By_siB0, Bz_siB0  
1.247790e+02 1.002300e+02 2.054321e+00 2.215188e-05 -3.250676e+01 -1.512331e+01 2.002956e-05 -2.950692e+01 -1.563291e+01 1.678682e-05 -4.697359e-06 -9.865132e-06 
1.247790e+02 1.012943e+02 3.101620e+00 2.215188e-05 -3.250676e+01 -1.512331e+01 1.993962e-05 -3.155391e+01 -1.585188e+01 1.634534e-05 -4.641256e-06 -1.043441e-05 
1.247790e+02 1.023587e+02 4.057986e+00 2.215188e-05 -3.250676e+01 -1.512331e+01 2.011713e-05 -3.372445e+01 -1.584157e+01 1.609629e-05 -4.567407e-06 -1.116902e-05 
1.247790e+02 1.034230e+02 4.855393e+00 2.215188e-05 -3.250676e+01 -1.512331e+01 2.058055e-05 -3.549580e+01 -1.553639e+01 1.614357e-05 -4.488054e-06 -1.194996e-05 
1.247790e+02 1.044874e+02 5.437121e+00 2.215188e-05 -3.250676e+01 -1.512331e+01 2.120565e-05 -3.649591e+01 -1.502839e+01 1.646415e-05 -4.420302e-06 -1.261239e-05 
1.247790e+02 1.055517e+02 5.761791e+00 2.215188e-05 -3.250676e+01 -1.512331e+01 2.184808e-05 -3.679400e+01 -1.446893e+01 1.694090e-05 -4.371416e-06 -1.308568e-05 
1.247790e+02 1.066161e+02 5.806309e+00 2.215188e-05 -3.250676e+01 -1.512331e+01 2.245997e-05 -3.660876e+01 -1.392506e+01 1.749935e-05 -4.338775e-06 -1.339395e-05 
1.247790e+02 1.076804e+02 5.567509e+00 2.215188e-05 -3.250676e+01 -1.512331e+01 2.304949e-05 -3.600390e+01 -1.339933e+01 1.813892e-05 -4.321075e-06 -1.354942e-05 
1.247790e+02 1.087448e+02 5.062376e+00 2.215188e-05 -3.250676e+01 -1.512331e+01 2.358765e-05 -3.489770e+01 -1.291642e+01 1.885649e-05 -4.324401e-06 -1.349480e-05 
1.247790e+02 1.098091e+02 4.326841e+00 2.215188e-05 -3.250676e+01 -1.512331e+01 2.396940e-05 -3.329087e+01 -1.255873e+01 1.955651e-05 -4.356612e-06 -1.315655e-05 
1.247790e+02 1.108735e+02 3.413223e+00 2.215188e-05 -3.250676e+01 -1.512331e+01 2.409849e-05 -3.144109e+01 -1.239756e+01 2.008084e-05 -4.414163e-06 -1.257029e-05 
1.247790e+02 1.119378e+02 2.386508e+00 2.215188e-05 -3.250676e+01 -1.512331e+01 2.399070e-05 -2.968788e+01 -1.241840e+01 2.035397e-05 -4.481964e-06 -1.188199e-05 
1.247790e+02 1.130022e+02 1.319727e+00 2.215188e-05 -3.250676e+01 -1.512331e+01 2.373583e-05 -2.821121e+01 -1.255515e+01 2.041611e-05 -4.546764e-06 -1.122048e-05 
1.247790e+02 1.140665e+02 2.887598e-01 2.215188e-05 -3.250676e+01 -1.512331e+01 2.341538e-05 -2.703639e+01 -1.274947e+01 2.034227e-05 -4.602789e-06 -1.064361e-05 
1.247790e+02 1.151309e+02 -6.330600e-01 2.215188e-05 -3.250676e+01 -1.512331e+01 2.307730e-05 -2.613252e+01 -1.296702e+01 2.018995e-05 -4.648980e-06 -1.016437e-05 
1.247790e+02 1.161952e+02 -1.380163e+00 2.215188e-05 -3.250676e+01 -1.512331e+01 2.274320e-05 -2.546744e+01 -1.319188e+01 1.999139e-05 -4.685950e-06 -9.779530e-06 
1.247790e+02 1.172596e+02 -1.899407e+00 2.215188e-05 -3.250676e+01 -1.512331e+01 2.241895e-05 -2.502211e+01 -1.341944e+01 1.976016e-05 -4.714619e-06 -9.482500e-06 
1.247790e+02 1.183239e+02 -2.153858e+00 2.215188e-05 -3.250676e+01 -1.512331e+01 2.210165e-05 -2.478957e+01 -1.365192e+01 1.949818e-05 -4.735815e-06 -9.266932e-06 
1.247790e+02 1.193883e+02 -2.125418e+00 2.215188e-05 -3.250676e+01 -1.512331e+01 2.178424e-05 -2.477160e+01 -1.389554e+01 1.920092e-05 -4.750161e-06 -9.127641e-06 
1.247790e+02 1.204526e+02 -1.816108e+00 2.215188e-05 -3.250676e+01 -1.512331e+01 2.145917e-05 -2.497751e+01 -1.415816e+01 1.886130e-05 -4.757990e-06 -9.061404e-06 
1.247790e+02 1.215170e+02 -1.247931e+00 2.215188e-05 -3.250676e+01 -1.512331e+01 2.112188e-05 -2.542618e+01 -1.444701e+01 1.847279e-05 -4.759167e-06 -9.068637e-06 
1.247790e+02 1.225813e+02 -4.613009e-01 2.215188e-05 -3.250676e+01 -1.512331e+01 2.077485e-05 -2.615089e+01 -1.476561e+01 1.803243e-05 -4.752798e-06 -9.156237e-06 
1.247790e+02 1.236457e+02 4.878289e-01 2.215188e-05 -3.250676e+01 -1.512331e+01 2.043350e-05 -2.720404e+01 -1.510860e+01 1.754505e-05 -4.736841e-06 -9.341392e-06 
1.247790e+02 1.247100e+02 1.531946e+00 2.215188e-05 -3.250676e+01 -1.512331e+01 2.013571e-05 -2.865069e+01 -1.545171e+01 1.703159e-05 -4.707825e-06 -9.654439e-06 
1.247790e+02 1.257743e+02 2.596783e+00 2.215188e-05 -3.250676e+01 -1.512331e+01 1.995385e-05 -3.052199e+01 -1.573483e+01 1.654481e-05 -4.661389e-06 -1.013394e-05 
1.247790e+02 1.268387e+02 3.606596e+00 2.215188e-05 -3.250676e+01 -1.512331e+01 1.999229e-05 -3.268683e+01 -1.584956e+01 1.618652e-05 -4.595449e-06 -1.079678e-05 
1.247790e+02 1.279030e+02 4.489557e+00 2.215188e-05 -3.250676e+01 -1.512331e+01 2.032519e-05 -3.472207e+01 -1.568590e+01 1.608362e-05 -4.516632e-06 -1.157715e-05 
1.247790e+02 1.289674e+02 5.182861e+00 2.215188e-05 -3.250676e+01 -1.512331e+01 2.089388e-05 -3.611575e+01 -1.525658e+01 1.628380e-05 -4.441484e-06 -1.231524e-05 
1.247790e+02 1.300317e+02 5.637193e+00 2.215188e-05 -3.250676e+01 -1.512331e+01 2.154136e-05 -3.672742e+01 -1.470757e+01 1.669947e-05 -4.383383e-06 -1.288192e-05 
1.247790e+02 1.310961e+02 5.820236e+00 2.215188e-05 -3.250676e+01 -1.512331e+01 2.216877e-05 -3.675669e+01 -1.415471e+01 1.722201e-05 -4.343357e-06 -1.326619e-05 
1.247790e+02 1.321604e+02 5.718969e+00 2.215188e-05 -3.250676e+01 -1.512331e+01 2.276841e-05 -3.636095e+01 -1.362160e+01 1.781962e-05 -4.318132e-06 -1.349871e-05 
1.247790e+02 1.332248e+02 5.340597e+00 2.215188e-05 -3.250676e+01 -1.512331e+01 2.333981e-05 -3.551107e+01 -1.311238e+01 1.850333e-05 -4.310075e-06 -1.355717e-05 
1.247790e+02 1.342891e+02 4.712033e+00 2.215188e-05 -3.250676e+01 -1.512331e+01 2.381281e-05 -3.413280e+01 -1.268313e+01 1.922984e-05 -4.327683e-06 -1.336168e-05 
1.247790e+02 1.353535e+02 3.877987e+00 2.215188e-05 -3.250676e+01 -1.512331e+01 2.406969e-05 -3.235664e+01 -1.242374e+01 1.985634e-05 -4.374325e-06 -1.288180e-05 
1.247790e+02 1.364178e+02 2.897785e+00 2.215188e-05 -3.250676e+01 -1.512331e+01 2.406681e-05 -3.052117e+01 -1.236400e+01 2.025131e-05 -4.439203e-06 -1.222249e-05 
1.247790e+02 1.374822e+02 1.841149e+00 2.215188e-05 -3.250676e+01 -1.512331e+01 2.386976e-05 -2.889912e+01 -1.245406e+01 2.040557e-05 -4.506645e-06 -1.153551e-05 
1.247790e+02 1.385465e+02 7.832381e-01 2.215188e-05 -3.250676e+01 -1.512331e+01 2.357121e-05 -2.757919e+01 -1.262713e+01 2.038753e-05 -4.567289e-06 -1.091286e-05 
1.247790e+02 1.396109e+02 -2.006976e-01 2.215188e-05 -3.250676e+01 -1.512331e+01 2.323571e-05 -2.654764e+01 -1.283727e+01 2.026627e-05 -4.618249e-06 -1.038501e-05 
1.247790e+02 1.406752e+02 -1.040670e+00 2.215188e-05 -3.250676e+01 -1.512331e+01 2.289643e-05 -2.576927e+01 -1.306054e+01 2.008604e-05 -4.659589e-06 -9.954182e-06 
1.247790e+02 1.417396e+02 -1.676933e+00 2.215188e-05 -3.250676e+01 -1.512331e+01 2.256598e-05 -2.521834e+01 -1.328746e+01 1.986870e-05 -4.692169e-06 -9.614663e-06 
1.247790e+02 1.428039e+02 -2.064227e+00 2.215188e-05 -3.250676e+01 -1.512331e+01 2.224514e-05 -2.488243e+01 -1.351727e+01 1.962119e-05 -4.716887e-06 -9.359812e-06 
1.247790e+02 1.438683e+02 -2.175005e+00 2.215188e-05 -3.250676e+01 -1.512331e+01 2.192846e-05 -2.475936e+01 -1.375448e+01 1.934166e-05 -4.734478e-06 -9.183819e-06 
1.247790e+02 1.449326e+02 -2.001387e+00 2.215188e-05 -3.250676e+01 -1.512331e+01 2.160824e-05 -2.485471e+01 -1.400638e+01 1.902388e-05 -4.745435e-06 -9.082349e-06 
1.247790e+02 1.459970e+02 -1.555722e+00 2.215188e-05 -3.250676e+01 -1.512331e+01 2.127800e-05 -2.518214e+01 -1.428078e+01 1.866070e-05 -4.749886e-06 -9.053727e-06 
1.247790e+02 1.470613e+02 -8.697109e-01 2.215188e-05 -3.250676e+01 -1.512331e+01 2.093610e-05 -2.576709e+01 -1.458348e+01 1.824694e-05 -4.747354e-06 -9.101214e-06 
1.247790e+02 1.481257e+02 7.850238e-03 2.215188e-05 -3.250676e+01 -1.512331e+01 2.059064e-05 -2.665215e+01 -1.491432e+01 1.778285e-05 -4.736411e-06 -9.236397e-06 
1.247790e+02 1.491900e+02 1.014540e+00 2.215188e-05 -3.250676e+01 -1.512331e+01 2.026694e-05 -2.789844e+01 -1.526000e+01 1.727995e-05 -4.714293e-06 -9.483018e-06 
