# 1, 2, 3, 4     , 5     , 6     , 7   , 8   , 9   , 10  
# x, y, z, Bbx_si, Bby_si, Bbz_si, In_si, Ic_si, Dc_si, dmeas 
1.247790e+02 1.002300e+02 1.800000e+00 -2.683100e-10 -3.057241e-07 1.001263e-06 1.046898e-06 -7.302054e+01 -1.799497e+02 
1.247790e+02 1.012943e+02 1.800000e+00 -2.716235e-10 -3.024482e-07 1.000422e-06 1.045141e-06 -7.317884e+01 -1.799485e+02 
1.247790e+02 1.023587e+02 1.800000e+00 -2.749128e-10 -2.992687e-07 9.996545e-07 1.043490e-06 -7.333376e+01 -1.799474e+02 
1.247790e+02 1.034230e+02 1.800000e+00 -2.781783e-10 -2.961827e-07 9.989595e-07 1.041943e-06 -7.348537e+01 -1.799462e+02 
1.247790e+02 1.044874e+02 1.800000e+00 -2.814201e-10 -2.931875e-07 9.983369e-07 1.040498e-06 -7.363375e+01 -1.799450e+02 
1.247790e+02 1.055517e+02 1.800000e+00 -2.846384e-10 -2.902806e-07 9.977865e-07 1.039154e-06 -7.377898e+01 -1.799438e+02 
1.247790e+02 1.066161e+02 1.800000e+00 -2.878335e-10 -2.874594e-07 9.973081e-07 1.037910e-06 -7.392114e+01 -1.799426e+02 
1.247790e+02 1.076804e+02 1.800000e+00 -2.910056e-10 -2.847214e-07 9.969015e-07 1.036764e-06 -7.406031e+01 -1.799414e+02 
1.247790e+02 1.087448e+02 1.800000e+00 -2.941549e-10 -2.820645e-07 9.965666e-07 1.035715e-06 -7.419656e+01 -1.799402e+02 
1.247790e+02 1.098091e+02 1.800000e+00 -2.972816e-10 -2.794862e-07 9.963034e-07 1.034762e-06 -7.432995e+01 -1.799391e+02 
1.247790e+02 1.108735e+02 1.800000e+00 -3.003860e-10 -2.769845e-07 9.961118e-07 1.033905e-06 -7.446057e+01 -1.799379e+02 
1.247790e+02 1.119378e+02 1.800000e+00 -3.034683e-10 -2.745572e-07 9.959919e-07 1.033142e-06 -7.458848e+01 -1.799367e+02 
1.247790e+02 1.130022e+02 1.800000e+00 -3.065289e-10 -2.722023e-07 9.959437e-07 1.032472e-06 -7.471375e+01 -1.799355e+02 
1.247790e+02 1.140665e+02 1.800000e+00 -3.095678e-10 -2.699178e-07 9.959673e-07 1.031895e-06 -7.483645e+01 -1.799343e+02 
1.247790e+02 1.151309e+02 1.800000e+00 -3.125855e-10 -2.677019e-07 9.960630e-07 1.031410e-06 -7.495665e+01 -1.799331e+02 
1.247790e+02 1.161952e+02 1.800000e+00 -3.155822e-10 -2.655527e-07 9.962308e-07 1.031016e-06 -7.507442e+01 -1.799319e+02 
1.247790e+02 1.172596e+02 1.800000e+00 -3.185580e-10 -2.634684e-07 9.964711e-07 1.030714e-06 -7.518981e+01 -1.799307e+02 
1.247790e+02 1.183239e+02 1.800000e+00 -3.215133e-10 -2.614472e-07 9.967842e-07 1.030502e-06 -7.530291e+01 -1.799295e+02 
1.247790e+02 1.193883e+02 1.800000e+00 -3.244483e-10 -2.594875e-07 9.971704e-07 1.030380e-06 -7.541376e+01 -1.799284e+02 
1.247790e+02 1.204526e+02 1.800000e+00 -3.273632e-10 -2.575877e-07 9.976301e-07 1.030348e-06 -7.552244e+01 -1.799272e+02 
1.247790e+02 1.215170e+02 1.800000e+00 -3.302584e-10 -2.557461e-07 9.981638e-07 1.030406e-06 -7.562901e+01 -1.799260e+02 
1.247790e+02 1.225813e+02 1.800000e+00 -3.331340e-10 -2.539612e-07 9.987720e-07 1.030554e-06 -7.573353e+01 -1.799248e+02 
1.247790e+02 1.236457e+02 1.800000e+00 -3.359902e-10 -2.522314e-07 9.994552e-07 1.030792e-06 -7.583607e+01 -1.799237e+02 
1.247790e+02 1.247100e+02 1.800000e+00 -3.388275e-10 -2.505554e-07 1.000214e-06 1.031119e-06 -7.593669e+01 -1.799225e+02 
1.247790e+02 1.257743e+02 1.800000e+00 -3.416458e-10 -2.489316e-07 1.001049e-06 1.031536e-06 -7.603545e+01 -1.799214e+02 
1.247790e+02 1.268387e+02 1.800000e+00 -3.444456e-10 -2.473586e-07 1.001962e-06 1.032043e-06 -7.613242e+01 -1.799202e+02 
1.247790e+02 1.279030e+02 1.800000e+00 -3.472269e-10 -2.458350e-07 1.002952e-06 1.032641e-06 -7.622766e+01 -1.799191e+02 
1.247790e+02 1.289674e+02 1.800000e+00 -3.499900e-10 -2.443596e-07 1.004020e-06 1.033329e-06 -7.632122e+01 -1.799179e+02 
1.247790e+02 1.300317e+02 1.800000e+00 -3.527351e-10 -2.429308e-07 1.005169e-06 1.034108e-06 -7.641319e+01 -1.799168e+02 
1.247790e+02 1.310961e+02 1.800000e+00 -3.554625e-10 -2.415474e-07 1.006398e-06 1.034979e-06 -7.650361e+01 -1.799157e+02 
1.247790e+02 1.321604e+02 1.800000e+00 -3.581721e-10 -2.402082e-07 1.007708e-06 1.035942e-06 -7.659255e+01 -1.799146e+02 
1.247790e+02 1.332248e+02 1.800000e+00 -3.608643e-10 -2.389117e-07 1.009101e-06 1.036998e-06 -7.668007e+01 -1.799135e+02 
1.247790e+02 1.342891e+02 1.800000e+00 -3.635392e-10 -2.376568e-07 1.010578e-06 1.038147e-06 -7.676625e+01 -1.799124e+02 
1.247790e+02 1.353535e+02 1.800000e+00 -3.661970e-10 -2.364422e-07 1.012140e-06 1.039391e-06 -7.685114e+01 -1.799113e+02 
1.247790e+02 1.364178e+02 1.800000e+00 -3.688377e-10 -2.352665e-07 1.013789e-06 1.040730e-06 -7.693481e+01 -1.799102e+02 
1.247790e+02 1.374822e+02 1.800000e+00 -3.714615e-10 -2.341286e-07 1.015525e-06 1.042165e-06 -7.701733e+01 -1.799091e+02 
1.247790e+02 1.385465e+02 1.800000e+00 -3.740686e-10 -2.330272e-07 1.017350e-06 1.043697e-06 -7.709876e+01 -1.799080e+02 
1.247790e+02 1.396109e+02 1.800000e+00 -3.766589e-10 -2.319610e-07 1.019266e-06 1.045328e-06 -7.717917e+01 -1.799070e+02 
1.247790e+02 1.406752e+02 1.800000e+00 -3.792327e-10 -2.309289e-07 1.021275e-06 1.047058e-06 -7.725863e+01 -1.799059e+02 
1.247790e+02 1.417396e+02 1.800000e+00 -3.817899e-10 -2.299294e-07 1.023377e-06 1.048889e-06 -7.733721e+01 -1.799049e+02 
1.247790e+02 1.428039e+02 1.800000e+00 -3.843307e-10 -2.289614e-07 1.025575e-06 1.050823e-06 -7.741498e+01 -1.799038e+02 
1.247790e+02 1.438683e+02 1.800000e+00 -3.868549e-10 -2.280236e-07 1.027871e-06 1.052860e-06 -7.749201e+01 -1.799028e+02 
1.247790e+02 1.449326e+02 1.800000e+00 -3.893627e-10 -2.271147e-07 1.030267e-06 1.055003e-06 -7.756838e+01 -1.799018e+02 
1.247790e+02 1.459970e+02 1.800000e+00 -3.918541e-10 -2.262334e-07 1.032764e-06 1.057253e-06 -7.764416e+01 -1.799008e+02 
1.247790e+02 1.470613e+02 1.800000e+00 -3.943291e-10 -2.253783e-07 1.035365e-06 1.059612e-06 -7.771942e+01 -1.798998e+02 
1.247790e+02 1.481257e+02 1.800000e+00 -3.967875e-10 -2.245480e-07 1.038073e-06 1.062081e-06 -7.779425e+01 -1.798988e+02 
1.247790e+02 1.491900e+02 1.800000e+00 -3.992293e-10 -2.237413e-07 1.040888e-06 1.064664e-06 -7.786872e+01 -1.798978e+02 
