# 1,2,3, 4    , 5    , 6    , 7    , 8    , 9     
# x,y,z, Bx_si, By_si, Bz_si, In_si, Ic_si, Dc_si 
1.247790e+02 1.002300e+02 2.054321e+00 1.765408e-07 -1.247481e-06 -2.039268e-06 2.397079e-06 5.829119e+01 1.719451e+02 
1.247790e+02 1.012943e+02 3.101620e+00 2.326438e-07 -1.688959e-06 -1.469987e-06 2.251125e-06 4.076824e+01 1.721572e+02 
1.247790e+02 1.023587e+02 4.057986e+00 3.064927e-07 -1.938006e-06 -7.353804e-07 2.095373e-06 2.054570e+01 1.710132e+02 
1.247790e+02 1.034230e+02 4.855393e+00 3.858465e-07 -1.890727e-06 4.555820e-08 1.930233e-06 -1.352445e+00 1.684658e+02 
1.247790e+02 1.044874e+02 5.437121e+00 4.535983e-07 -1.570149e-06 7.079863e-07 1.781113e-06 -2.342177e+01 1.638866e+02 
1.247790e+02 1.055517e+02 5.761791e+00 5.024836e-07 -1.093400e-06 1.181280e-06 1.686250e-06 -4.447012e+01 1.553184e+02 
1.247790e+02 1.066161e+02 5.806309e+00 5.351254e-07 -5.349501e-07 1.489548e-06 1.670714e-06 -6.307044e+01 1.349906e+02 
1.247790e+02 1.076804e+02 5.567509e+00 5.528247e-07 1.046226e-07 1.645022e-06 1.738579e-06 -7.111806e+01 7.928346e+01 
1.247790e+02 1.087448e+02 5.062376e+00 5.494995e-07 8.221920e-07 1.590404e-06 1.872788e-06 -5.812665e+01 3.375618e+01 
1.247790e+02 1.098091e+02 4.326841e+00 5.172881e-07 1.522211e-06 1.252154e-06 2.037794e-06 -3.791311e+01 1.876914e+01 
1.247790e+02 1.108735e+02 3.413223e+00 4.597370e-07 2.046544e-06 6.658948e-07 2.200708e-06 -1.761276e+01 1.266079e+01 
1.247790e+02 1.119378e+02 2.386508e+00 3.919360e-07 2.319665e-06 -2.240880e-08 2.352650e-06 5.457459e-01 9.590250e+00 
1.247790e+02 1.130022e+02 1.319727e+00 3.271363e-07 2.381809e-06 -6.839221e-07 2.499556e-06 1.587964e+01 7.820520e+00 
1.247790e+02 1.140665e+02 2.887598e-01 2.711106e-07 2.307975e-06 -1.260791e-06 2.643831e-06 2.848185e+01 6.699655e+00 
1.247790e+02 1.151309e+02 -6.330600e-01 2.249202e-07 2.155653e-06 -1.740031e-06 2.779413e-06 3.875876e+01 5.956669e+00 
1.247790e+02 1.161952e+02 -1.380163e+00 1.879499e-07 1.957088e-06 -2.124870e-06 2.894925e-06 4.722264e+01 5.485606e+00 
1.247790e+02 1.172596e+02 -1.899407e+00 1.592806e-07 1.725864e-06 -2.421900e-06 2.978183e-06 5.441113e+01 5.272913e+00 
1.247790e+02 1.183239e+02 -2.153858e+00 1.380854e-07 1.463879e-06 -2.637468e-06 3.019644e-06 6.086051e+01 5.388673e+00 
1.247790e+02 1.193883e+02 -2.125418e+00 1.237395e-07 1.166615e-06 -2.776759e-06 3.014415e-06 6.709632e+01 6.054561e+00 
1.247790e+02 1.204526e+02 -1.816108e+00 1.159102e-07 8.269987e-07 -2.842996e-06 2.963105e-06 7.363074e+01 7.978473e+00 
1.247790e+02 1.215170e+02 -1.247931e+00 1.147328e-07 4.384943e-07 -2.835763e-06 2.871758e-06 8.091891e+01 1.466282e+01 
1.247790e+02 1.225813e+02 -4.613009e-01 1.211018e-07 -1.865708e-09 -2.748163e-06 2.750831e-06 8.747651e+01 9.088264e+01 
1.247790e+02 1.236457e+02 4.878289e-01 1.370590e-07 -4.892547e-07 -2.563008e-06 2.612885e-06 7.878708e+01 1.643504e+02 
1.247790e+02 1.247100e+02 1.531946e+00 1.660752e-07 -1.002708e-06 -2.249961e-06 2.468872e-06 6.569001e+01 1.705957e+02 
1.247790e+02 1.257743e+02 2.596783e+00 2.125110e-07 -1.489490e-06 -1.770460e-06 2.323418e-06 4.964143e+01 1.718802e+02 
1.247790e+02 1.268387e+02 3.606596e+00 2.784506e-07 -1.847783e-06 -1.107624e-06 2.172250e-06 3.065699e+01 1.714303e+02 
1.247790e+02 1.279030e+02 4.489557e+00 3.572683e-07 -1.950677e-06 -3.272510e-07 2.009944e-06 9.370383e+00 1.696213e+02 
1.247790e+02 1.289674e+02 5.182861e+00 4.324161e-07 -1.750496e-06 4.108369e-07 1.849326e-06 -1.283564e+01 1.661243e+02 
1.247790e+02 1.300317e+02 5.637193e+00 4.905175e-07 -1.334832e-06 9.775208e-07 1.725668e-06 -3.450368e+01 1.598229e+02 
1.247790e+02 1.310961e+02 5.820236e+00 5.305432e-07 -8.122879e-07 1.361795e-06 1.672057e-06 -5.453234e+01 1.468496e+02 
1.247790e+02 1.321604e+02 5.718969e+00 5.557680e-07 -2.146765e-07 1.594310e-06 1.701995e-06 -6.950944e+01 1.111201e+02 
1.247790e+02 1.332248e+02 5.340597e+00 5.638250e-07 4.690310e-07 1.652769e-06 1.808185e-06 -6.607095e+01 5.024383e+01 
1.247790e+02 1.342891e+02 4.712033e+00 5.462169e-07 1.195536e-06 1.457275e-06 1.962475e-06 -4.795080e+01 2.455473e+01 
1.247790e+02 1.353535e+02 3.877987e+00 4.995748e-07 1.822042e-06 9.774008e-07 2.127140e-06 -2.735425e+01 1.533278e+01 
1.247790e+02 1.364178e+02 2.897785e+00 4.346970e-07 2.217013e-06 3.180907e-07 2.281510e-06 -8.014351e+00 1.109344e+01 
1.247790e+02 1.374822e+02 1.841149e+00 3.672555e-07 2.371273e-06 -3.688875e-07 2.427733e-06 8.739791e+00 8.803847e+00 
1.247790e+02 1.385465e+02 7.832381e-01 3.066109e-07 2.353228e-06 -9.915397e-07 2.571934e-06 2.267621e+01 7.423462e+00 
1.247790e+02 1.396109e+02 -2.006976e-01 2.556512e-07 2.231967e-06 -1.519390e-06 2.712117e-06 3.407121e+01 6.534226e+00 
1.247790e+02 1.406752e+02 -1.040670e+00 2.143110e-07 2.051744e-06 -1.950218e-06 2.838826e-06 4.339156e+01 5.963097e+00 
1.247790e+02 1.417396e+02 -1.676933e+00 1.817308e-07 1.834400e-06 -2.289737e-06 2.939548e-06 5.116378e+01 5.657730e+00 
1.247790e+02 1.428039e+02 -2.064227e+00 1.570128e-07 1.586893e-06 -2.544588e-06 3.002967e-06 5.792546e+01 5.650654e+00 
1.247790e+02 1.438683e+02 -2.175005e+00 1.394223e-07 1.307356e-06 -2.720581e-06 3.021619e-06 6.420701e+01 6.087268e+00 
1.247790e+02 1.449326e+02 -2.001387e+00 1.284647e-07 9.895795e-07 -2.822051e-06 2.993283e-06 7.052630e+01 7.396625e+00 
1.247790e+02 1.459970e+02 -1.555722e+00 1.240136e-07 6.263987e-07 -2.850673e-06 2.921316e-06 7.737405e+01 1.119853e+01 
1.247790e+02 1.470613e+02 -8.697109e-01 1.265462e-07 2.126441e-07 -2.803186e-06 2.814086e-06 8.495532e+01 3.075721e+01 
1.247790e+02 1.481257e+02 7.850238e-03 1.374895e-07 -2.514518e-07 -2.668003e-06 2.683351e-06 8.386903e+01 1.513309e+02 
1.247790e+02 1.491900e+02 1.014540e+00 1.596068e-07 -7.543525e-07 -2.421382e-06 2.541184e-06 7.233671e+01 1.680535e+02 
