# 1 , 2 , 3 , 4      , 5      , 6      , 7      , 8      , 9      ,                           10 (pm), 11 (pm), 12 (pm)  
# xm, ym, zm, IGRF_In, IGRF_Ic, IGRF_Dc, In_siB0, Ic_siB0, Dc_siB0,                           Bx_siB0, By_siB0, Bz_siB0  
1.247790e+02 1.002300e+02 2.054321e+00 2.215188e-05 -3.250676e+01 -1.512331e+01 2.029218e-05 -3.237759e+01 -1.590921e+01 1.648110e-05 -4.697627e-06 -1.086640e-05 
1.247790e+02 1.012943e+02 3.101620e+00 2.215188e-05 -3.250676e+01 -1.512331e+01 2.024040e-05 -3.439890e+01 -1.613621e+01 1.604289e-05 -4.641528e-06 -1.143484e-05 
1.247790e+02 1.023587e+02 4.057986e+00 2.215188e-05 -3.250676e+01 -1.512331e+01 2.045694e-05 -3.650146e+01 -1.612713e+01 1.579703e-05 -4.567682e-06 -1.216867e-05 
1.247790e+02 1.034230e+02 4.855393e+00 2.215188e-05 -3.250676e+01 -1.512331e+01 2.095136e-05 -3.817364e+01 -1.581330e+01 1.584739e-05 -4.488332e-06 -1.294892e-05 
1.247790e+02 1.044874e+02 5.437121e+00 2.215188e-05 -3.250676e+01 -1.512331e+01 2.159383e-05 -3.907272e+01 -1.528915e+01 1.617096e-05 -4.420583e-06 -1.361072e-05 
1.247790e+02 1.055517e+02 5.761791e+00 2.215188e-05 -3.250676e+01 -1.512331e+01 2.224183e-05 -3.928641e+01 -1.471124e+01 1.665062e-05 -4.371701e-06 -1.408347e-05 
1.247790e+02 1.066161e+02 5.806309e+00 2.215188e-05 -3.250676e+01 -1.512331e+01 2.285137e-05 -3.903365e+01 -1.414926e+01 1.721189e-05 -4.339062e-06 -1.439126e-05 
1.247790e+02 1.076804e+02 5.567509e+00 2.215188e-05 -3.250676e+01 -1.512331e+01 2.343165e-05 -3.837444e+01 -1.360600e+01 1.785420e-05 -4.321366e-06 -1.454632e-05 
1.247790e+02 1.087448e+02 5.062376e+00 2.215188e-05 -3.250676e+01 -1.512331e+01 2.395229e-05 -3.722955e+01 -1.310670e+01 1.857443e-05 -4.324695e-06 -1.449137e-05 
1.247790e+02 1.098091e+02 4.326841e+00 2.215188e-05 -3.250676e+01 -1.512331e+01 2.430822e-05 -3.560720e+01 -1.273576e+01 1.927702e-05 -4.356909e-06 -1.415286e-05 
1.247790e+02 1.108735e+02 3.413223e+00 2.215188e-05 -3.250676e+01 -1.512331e+01 2.440753e-05 -3.376781e+01 -1.256631e+01 1.980386e-05 -4.414463e-06 -1.356641e-05 
1.247790e+02 1.119378e+02 2.386508e+00 2.215188e-05 -3.250676e+01 -1.512331e+01 2.427171e-05 -3.204437e+01 -1.258366e+01 2.007941e-05 -4.482267e-06 -1.287798e-05 
1.247790e+02 1.130022e+02 1.319727e+00 2.215188e-05 -3.250676e+01 -1.512331e+01 2.399362e-05 -3.060742e+01 -1.272015e+01 2.014391e-05 -4.547070e-06 -1.221642e-05 
1.247790e+02 1.140665e+02 2.887598e-01 2.215188e-05 -3.250676e+01 -1.512331e+01 2.365518e-05 -2.947553e+01 -1.291604e+01 2.007236e-05 -4.603099e-06 -1.163958e-05 
1.247790e+02 1.151309e+02 -6.330600e-01 2.215188e-05 -3.250676e+01 -1.512331e+01 2.330380e-05 -2.861426e+01 -1.313611e+01 1.992225e-05 -4.649292e-06 -1.116043e-05 
1.247790e+02 1.161952e+02 -1.380163e+00 2.215188e-05 -3.250676e+01 -1.512331e+01 2.296055e-05 -2.798993e+01 -1.336401e+01 1.972584e-05 -4.686266e-06 -1.077576e-05 
1.247790e+02 1.172596e+02 -1.899407e+00 2.215188e-05 -3.250676e+01 -1.512331e+01 2.263097e-05 -2.758325e+01 -1.359498e+01 1.949670e-05 -4.714938e-06 -1.047897e-05 
1.247790e+02 1.183239e+02 -2.153858e+00 2.215188e-05 -3.250676e+01 -1.512331e+01 2.231203e-05 -2.738763e+01 -1.383129e+01 1.923673e-05 -4.736136e-06 -1.026372e-05 
1.247790e+02 1.193883e+02 -2.125418e+00 2.215188e-05 -3.250676e+01 -1.512331e+01 2.199674e-05 -2.740562e+01 -1.407930e+01 1.894143e-05 -4.750485e-06 -1.012481e-05 
1.247790e+02 1.204526e+02 -1.816108e+00 2.215188e-05 -3.250676e+01 -1.512331e+01 2.167773e-05 -2.764722e+01 -1.434710e+01 1.860371e-05 -4.758317e-06 -1.005903e-05 
1.247790e+02 1.215170e+02 -1.247931e+00 2.215188e-05 -3.250676e+01 -1.512331e+01 2.135074e-05 -2.813148e+01 -1.464215e+01 1.821705e-05 -4.759497e-06 -1.006680e-05 
1.247790e+02 1.225813e+02 -4.613009e-01 2.215188e-05 -3.250676e+01 -1.512331e+01 2.101881e-05 -2.889062e+01 -1.496813e+01 1.777847e-05 -4.753131e-06 -1.015501e-05 
1.247790e+02 1.236457e+02 4.878289e-01 2.215188e-05 -3.250676e+01 -1.512331e+01 2.069820e-05 -2.997363e+01 -1.531972e+01 1.729281e-05 -4.737177e-06 -1.034085e-05 
1.247790e+02 1.247100e+02 1.531946e+00 2.215188e-05 -3.250676e+01 -1.512331e+01 2.042772e-05 -3.143818e+01 -1.567224e+01 1.678104e-05 -4.708164e-06 -1.065465e-05 
1.247790e+02 1.257743e+02 2.596783e+00 2.215188e-05 -3.250676e+01 -1.512331e+01 2.027993e-05 -3.330286e+01 -1.596414e+01 1.629588e-05 -4.661731e-06 -1.113499e-05 
1.247790e+02 1.268387e+02 3.606596e+00 2.215188e-05 -3.250676e+01 -1.512331e+01 2.035653e-05 -3.542273e+01 -1.608405e+01 1.593916e-05 -4.595794e-06 -1.179874e-05 
1.247790e+02 1.279030e+02 4.489557e+00 2.215188e-05 -3.250676e+01 -1.512331e+01 2.072432e-05 -3.737442e+01 -1.591829e+01 1.583779e-05 -4.516979e-06 -1.258010e-05 
1.247790e+02 1.289674e+02 5.182861e+00 2.215188e-05 -3.250676e+01 -1.512331e+01 2.131657e-05 -3.866979e+01 -1.547911e+01 1.603944e-05 -4.441834e-06 -1.331926e-05 
1.247790e+02 1.300317e+02 5.637193e+00 2.215188e-05 -3.250676e+01 -1.512331e+01 2.197467e-05 -3.919481e+01 -1.491622e+01 1.645654e-05 -4.383735e-06 -1.388709e-05 
1.247790e+02 1.310961e+02 5.820236e+00 2.215188e-05 -3.250676e+01 -1.512331e+01 2.260334e-05 -3.915625e+01 -1.434893e+01 1.698046e-05 -4.343712e-06 -1.427259e-05 
1.247790e+02 1.321604e+02 5.718969e+00 2.215188e-05 -3.250676e+01 -1.512331e+01 2.319744e-05 -3.870755e+01 -1.380176e+01 1.757942e-05 -4.318490e-06 -1.450642e-05 
1.247790e+02 1.332248e+02 5.340597e+00 2.215188e-05 -3.250676e+01 -1.512331e+01 2.375595e-05 -3.781857e+01 -1.327893e+01 1.826442e-05 -4.310436e-06 -1.456627e-05 
1.247790e+02 1.342891e+02 4.712033e+00 2.215188e-05 -3.250676e+01 -1.512331e+01 2.420737e-05 -3.642102e+01 -1.283766e+01 1.899218e-05 -4.328047e-06 -1.437225e-05 
1.247790e+02 1.353535e+02 3.877987e+00 2.215188e-05 -3.250676e+01 -1.512331e+01 2.443604e-05 -3.465154e+01 -1.256975e+01 1.961990e-05 -4.374691e-06 -1.389394e-05 
1.247790e+02 1.364178e+02 2.897785e+00 2.215188e-05 -3.250676e+01 -1.512331e+01 2.440391e-05 -3.284604e+01 -1.250579e+01 2.001605e-05 -4.439572e-06 -1.323628e-05 
1.247790e+02 1.374822e+02 1.841149e+00 2.215188e-05 -3.250676e+01 -1.512331e+01 2.418117e-05 -3.126800e+01 -1.259503e+01 2.017144e-05 -4.507016e-06 -1.255104e-05 
1.247790e+02 1.385465e+02 7.832381e-01 2.215188e-05 -3.250676e+01 -1.512331e+01 2.386205e-05 -2.999774e+01 -1.276938e+01 2.015450e-05 -4.567663e-06 -1.193021e-05 
1.247790e+02 1.396109e+02 -2.006976e-01 2.215188e-05 -3.250676e+01 -1.512331e+01 2.351090e-05 -2.901662e+01 -1.298192e+01 2.003431e-05 -4.618625e-06 -1.140428e-05 
1.247790e+02 1.406752e+02 -1.040670e+00 2.215188e-05 -3.250676e+01 -1.512331e+01 2.316034e-05 -2.828711e+01 -1.320819e+01 1.985512e-05 -4.659968e-06 -1.097546e-05 
1.247790e+02 1.417396e+02 -1.676933e+00 2.215188e-05 -3.250676e+01 -1.512331e+01 2.282256e-05 -2.778270e+01 -1.343847e+01 1.963877e-05 -4.692551e-06 -1.063804e-05 
1.247790e+02 1.428039e+02 -2.064227e+00 2.215188e-05 -3.250676e+01 -1.512331e+01 2.249817e-05 -2.749107e+01 -1.367198e+01 1.939223e-05 -4.717272e-06 -1.038539e-05 
1.247790e+02 1.438683e+02 -2.175005e+00 2.215188e-05 -3.250676e+01 -1.512331e+01 2.218172e-05 -2.741068e+01 -1.391333e+01 1.911363e-05 -4.734865e-06 -1.021169e-05 
1.247790e+02 1.449326e+02 -2.001387e+00 2.215188e-05 -3.250676e+01 -1.512331e+01 2.186564e-05 -2.754783e+01 -1.416995e+01 1.879676e-05 -4.745825e-06 -1.011262e-05 
1.247790e+02 1.459970e+02 -1.555722e+00 2.215188e-05 -3.250676e+01 -1.512331e+01 2.154372e-05 -2.791668e+01 -1.444988e+01 1.843447e-05 -4.750278e-06 -1.008649e-05 
1.247790e+02 1.470613e+02 -8.697109e-01 2.215188e-05 -3.250676e+01 -1.512331e+01 2.121481e-05 -2.854225e+01 -1.475912e+01 1.802157e-05 -4.747748e-06 -1.013658e-05 
1.247790e+02 1.481257e+02 7.850238e-03 2.215188e-05 -3.250676e+01 -1.512331e+01 2.088770e-05 -2.946494e+01 -1.509761e+01 1.755830e-05 -4.736807e-06 -1.027447e-05 
1.247790e+02 1.491900e+02 1.014540e+00 2.215188e-05 -3.250676e+01 -1.512331e+01 2.058871e-05 -3.074041e+01 -1.545191e+01 1.705621e-05 -4.714692e-06 -1.052391e-05 
