# 1 , 2 , 3 , 4      , 5      , 6      , 7      , 8      , 9        
# xm, ym, zm, IGRF_In, IGRF_Ic, IGRF_Dc, In_siB0, Ic_siB0, Dc_siB0  
1.247790e+02 1.002300e+02 2.007864e+00 4.518274e-05 5.346856e+01 3.327694e+00 4.678939e-05 5.095118e+01 3.858312e+00 
1.247790e+02 1.012943e+02 3.037772e+00 4.518274e-05 5.346856e+01 3.327694e+00 4.717511e-05 5.176910e+01 4.034500e+00 
1.247790e+02 1.023587e+02 3.976747e+00 4.518274e-05 5.346856e+01 3.327694e+00 4.735012e-05 5.276166e+01 4.235993e+00 
1.247790e+02 1.034230e+02 4.756763e+00 4.518274e-05 5.346856e+01 3.327694e+00 4.722079e-05 5.378271e+01 4.428900e+00 
1.247790e+02 1.044874e+02 5.321100e+00 4.518274e-05 5.346856e+01 3.327694e+00 4.681653e-05 5.464155e+01 4.573640e+00 
1.247790e+02 1.055517e+02 5.628378e+00 4.518274e-05 5.346856e+01 3.327694e+00 4.625350e-05 5.525601e+01 4.656846e+00 
1.247790e+02 1.066161e+02 5.655505e+00 4.518274e-05 5.346856e+01 3.327694e+00 4.560173e-05 5.564942e+01 4.685486e+00 
1.247790e+02 1.076804e+02 5.399314e+00 4.518274e-05 5.346856e+01 3.327694e+00 4.485917e-05 5.581757e+01 4.655977e+00 
1.247790e+02 1.087448e+02 4.876790e+00 4.518274e-05 5.346856e+01 3.327694e+00 4.404285e-05 5.565374e+01 4.545197e+00 
1.247790e+02 1.098091e+02 4.123864e+00 4.518274e-05 5.346856e+01 3.327694e+00 4.328850e-05 5.504455e+01 4.344825e+00 
1.247790e+02 1.108735e+02 3.192854e+00 4.518274e-05 5.346856e+01 3.327694e+00 4.278522e-05 5.407482e+01 4.100438e+00 
1.247790e+02 1.119378e+02 2.148748e+00 4.518274e-05 5.346856e+01 3.327694e+00 4.259348e-05 5.299806e+01 3.875813e+00 
1.247790e+02 1.130022e+02 1.064575e+00 4.518274e-05 5.346856e+01 3.327694e+00 4.263813e-05 5.201146e+01 3.700375e+00 
1.247790e+02 1.140665e+02 1.621673e-02 4.518274e-05 5.346856e+01 3.327694e+00 4.282042e-05 5.118761e+01 3.573304e+00 
1.247790e+02 1.151309e+02 -9.229943e-01 4.518274e-05 5.346856e+01 3.327694e+00 4.307179e-05 5.053113e+01 3.484757e+00 
1.247790e+02 1.161952e+02 -1.687488e+00 4.518274e-05 5.346856e+01 3.327694e+00 4.335599e-05 5.002729e+01 3.425970e+00 
1.247790e+02 1.172596e+02 -2.224124e+00 4.518274e-05 5.346856e+01 3.327694e+00 4.365822e-05 4.966057e+01 3.391166e+00 
1.247790e+02 1.183239e+02 -2.495967e+00 4.518274e-05 5.346856e+01 3.327694e+00 4.397689e-05 4.941876e+01 3.377070e+00 
1.247790e+02 1.193883e+02 -2.484917e+00 4.518274e-05 5.346856e+01 3.327694e+00 4.431759e-05 4.929281e+01 3.382096e+00 
1.247790e+02 1.204526e+02 -2.192999e+00 4.518274e-05 5.346856e+01 3.327694e+00 4.468887e-05 4.927669e+01 3.405828e+00 
1.247790e+02 1.215170e+02 -1.642213e+00 4.518274e-05 5.346856e+01 3.327694e+00 4.509894e-05 4.936845e+01 3.448874e+00 
1.247790e+02 1.225813e+02 -8.729743e-01 4.518274e-05 5.346856e+01 3.327694e+00 4.555235e-05 4.957294e+01 3.513086e+00 
1.247790e+02 1.236457e+02 5.876416e-02 4.518274e-05 5.346856e+01 3.327694e+00 4.604627e-05 4.990546e+01 3.602019e+00 
1.247790e+02 1.247100e+02 1.085490e+00 4.518274e-05 5.346856e+01 3.327694e+00 4.656319e-05 5.039628e+01 3.721463e+00 
1.247790e+02 1.257743e+02 2.132935e+00 4.518274e-05 5.346856e+01 3.327694e+00 4.705794e-05 5.108757e+01 3.878475e+00 
1.247790e+02 1.268387e+02 3.125357e+00 4.518274e-05 5.346856e+01 3.327694e+00 4.743803e-05 5.201132e+01 4.076406e+00 
1.247790e+02 1.279030e+02 3.990927e+00 4.518274e-05 5.346856e+01 3.327694e+00 4.756551e-05 5.312363e+01 4.301527e+00 
1.247790e+02 1.289674e+02 4.666840e+00 4.518274e-05 5.346856e+01 3.327694e+00 4.733917e-05 5.425078e+01 4.513433e+00 
1.247790e+02 1.300317e+02 5.103780e+00 4.518274e-05 5.346856e+01 3.327694e+00 4.680009e-05 5.518111e+01 4.666938e+00 
1.247790e+02 1.310961e+02 5.269432e+00 4.518274e-05 5.346856e+01 3.327694e+00 4.606745e-05 5.582385e+01 4.744724e+00 
1.247790e+02 1.321604e+02 5.150774e+00 4.518274e-05 5.346856e+01 3.327694e+00 4.520507e-05 5.616176e+01 4.742508e+00 
1.247790e+02 1.332248e+02 4.755011e+00 4.518274e-05 5.346856e+01 3.327694e+00 4.425182e-05 5.610609e+01 4.640877e+00 
1.247790e+02 1.342891e+02 4.109055e+00 4.518274e-05 5.346856e+01 3.327694e+00 4.335221e-05 5.553300e+01 4.429390e+00 
1.247790e+02 1.353535e+02 3.257618e+00 4.518274e-05 5.346856e+01 3.327694e+00 4.272631e-05 5.451787e+01 4.157725e+00 
1.247790e+02 1.364178e+02 2.260024e+00 4.518274e-05 5.346856e+01 3.327694e+00 4.245974e-05 5.334981e+01 3.903633e+00 
1.247790e+02 1.374822e+02 1.185997e+00 4.518274e-05 5.346856e+01 3.327694e+00 4.247013e-05 5.226764e+01 3.704985e+00 
1.247790e+02 1.385465e+02 1.106951e-01 4.518274e-05 5.346856e+01 3.327694e+00 4.264151e-05 5.136125e+01 3.561567e+00 
1.247790e+02 1.396109e+02 -8.906319e-01 4.518274e-05 5.346856e+01 3.327694e+00 4.289144e-05 5.063477e+01 3.461110e+00 
1.247790e+02 1.406752e+02 -1.747996e+00 4.518274e-05 5.346856e+01 3.327694e+00 4.317654e-05 5.006986e+01 3.392940e+00 
1.247790e+02 1.417396e+02 -2.401650e+00 4.518274e-05 5.346856e+01 3.327694e+00 4.347684e-05 4.964687e+01 3.349744e+00 
1.247790e+02 1.428039e+02 -2.806336e+00 4.518274e-05 5.346856e+01 3.327694e+00 4.378863e-05 4.935172e+01 3.327528e+00 
1.247790e+02 1.438683e+02 -2.934505e+00 4.518274e-05 5.346856e+01 3.327694e+00 4.411640e-05 4.917345e+01 3.324119e+00 
1.247790e+02 1.449326e+02 -2.778278e+00 4.518274e-05 5.346856e+01 3.327694e+00 4.446907e-05 4.910430e+01 3.338680e+00 
1.247790e+02 1.459970e+02 -2.350004e+00 4.518274e-05 5.346856e+01 3.327694e+00 4.485674e-05 4.913961e+01 3.371340e+00 
1.247790e+02 1.470613e+02 -1.681384e+00 4.518274e-05 5.346856e+01 3.327694e+00 4.528785e-05 4.927860e+01 3.423078e+00 
1.247790e+02 1.481257e+02 -8.212145e-01 4.518274e-05 5.346856e+01 3.327694e+00 4.576606e-05 4.953068e+01 3.496603e+00 
1.247790e+02 1.491900e+02 1.680840e-01 4.518274e-05 5.346856e+01 3.327694e+00 4.628809e-05 4.991460e+01 3.596193e+00 
