# 1    , 2      , 3      , 4      , 5      , 6      , 7       
# dmeas, Bx_siB0, By_siB0, Bz_siB0, In_siB0, Ic_siB0, Dc_siB0 
0.000000e+00 2.940968e-05 1.983454e-06 3.633708e-05 4.678939e-05 5.095118e+01 3.858312e+00 
0.000000e+00 2.912113e-05 2.053969e-06 3.705715e-05 4.717511e-05 5.176910e+01 4.034500e+00 
0.000000e+00 2.857480e-05 2.116450e-06 3.769662e-05 4.735012e-05 5.276166e+01 4.235993e+00 
0.000000e+00 2.781705e-05 2.154520e-06 3.809688e-05 4.722079e-05 5.378271e+01 4.428900e+00 
0.000000e+00 2.700599e-05 2.160345e-06 3.818112e-05 4.681653e-05 5.464155e+01 4.573640e+00 
0.000000e+00 2.627334e-05 2.140141e-06 3.800681e-05 4.625350e-05 5.525601e+01 4.656846e+00 
0.000000e+00 2.564502e-05 2.101864e-06 3.764881e-05 4.560173e-05 5.564942e+01 4.685486e+00 
0.000000e+00 2.512004e-05 2.045813e-06 3.710988e-05 4.485917e-05 5.581757e+01 4.655977e+00 
0.000000e+00 2.477052e-05 1.969144e-06 3.636367e-05 4.404285e-05 5.565374e+01 4.545197e+00 
0.000000e+00 2.473041e-05 1.878947e-06 3.547915e-05 4.328850e-05 5.504455e+01 4.344825e+00 
0.000000e+00 2.503904e-05 1.795013e-06 3.464678e-05 4.278522e-05 5.407482e+01 4.100438e+00 
0.000000e+00 2.557592e-05 1.732745e-06 3.401579e-05 4.259348e-05 5.299806e+01 3.875813e+00 
0.000000e+00 2.618922e-05 1.693753e-06 3.360456e-05 4.263813e-05 5.201146e+01 3.700375e+00 
0.000000e+00 2.678648e-05 1.672733e-06 3.336577e-05 4.282042e-05 5.118761e+01 3.573304e+00 
0.000000e+00 2.732834e-05 1.664176e-06 3.325013e-05 4.307179e-05 5.053113e+01 3.484757e+00 
0.000000e+00 2.780309e-05 1.664455e-06 3.322588e-05 4.335599e-05 5.002729e+01 3.425970e+00 
0.000000e+00 2.821111e-05 1.671684e-06 3.327730e-05 4.365822e-05 4.966057e+01 3.391166e+00 
0.000000e+00 2.855841e-05 1.685213e-06 3.339976e-05 4.397689e-05 4.941876e+01 3.377070e+00 
0.000000e+00 2.885330e-05 1.705154e-06 3.359506e-05 4.431759e-05 4.929281e+01 3.382096e+00 
0.000000e+00 2.910383e-05 1.732057e-06 3.386831e-05 4.468887e-05 4.927669e+01 3.405828e+00 
0.000000e+00 2.931489e-05 1.766721e-06 3.422617e-05 4.509894e-05 4.936845e+01 3.448874e+00 
0.000000e+00 2.948426e-05 1.810093e-06 3.467591e-05 4.555235e-05 4.957294e+01 3.513086e+00 
0.000000e+00 2.959755e-05 1.863167e-06 3.522460e-05 4.604627e-05 4.990546e+01 3.602019e+00 
0.000000e+00 2.962023e-05 1.926597e-06 3.587563e-05 4.656319e-05 5.039628e+01 3.721463e+00 
0.000000e+00 2.949089e-05 1.999357e-06 3.661611e-05 4.705794e-05 5.108757e+01 3.878475e+00 
0.000000e+00 2.912452e-05 2.075617e-06 3.738744e-05 4.743803e-05 5.201132e+01 4.076406e+00 
0.000000e+00 2.846320e-05 2.140922e-06 3.804919e-05 4.756551e-05 5.312363e+01 4.301527e+00 
0.000000e+00 2.757161e-05 2.176437e-06 3.841962e-05 4.733917e-05 5.425078e+01 4.513433e+00 
0.000000e+00 2.663351e-05 2.174202e-06 3.842105e-05 4.680009e-05 5.518111e+01 4.666938e+00 
0.000000e+00 2.578921e-05 2.140527e-06 3.811227e-05 4.606745e-05 5.582385e+01 4.744724e+00 
0.000000e+00 2.508627e-05 2.081205e-06 3.754792e-05 4.520507e-05 5.616176e+01 4.742508e+00 
0.000000e+00 2.459643e-05 1.996644e-06 3.673218e-05 4.425182e-05 5.610609e+01 4.640877e+00 
0.000000e+00 2.446111e-05 1.894802e-06 3.574183e-05 4.335221e-05 5.553300e+01 4.429390e+00 
0.000000e+00 2.473518e-05 1.798090e-06 3.479189e-05 4.272631e-05 5.451787e+01 4.157725e+00 
0.000000e+00 2.528660e-05 1.725478e-06 3.406523e-05 4.245974e-05 5.334981e+01 3.903633e+00 
0.000000e+00 2.593629e-05 1.679490e-06 3.358869e-05 4.247013e-05 5.226764e+01 3.704985e+00 
0.000000e+00 2.657428e-05 1.654017e-06 3.330721e-05 4.264151e-05 5.136125e+01 3.561567e+00 
0.000000e+00 2.715477e-05 1.642357e-06 3.316017e-05 4.289144e-05 5.063477e+01 3.461110e+00 
0.000000e+00 2.766442e-05 1.640148e-06 3.310896e-05 4.317654e-05 5.006986e+01 3.392940e+00 
0.000000e+00 2.810302e-05 1.644891e-06 3.313232e-05 4.347684e-05 4.964687e+01 3.349744e+00 
0.000000e+00 2.847643e-05 1.655668e-06 3.322342e-05 4.378863e-05 4.935172e+01 3.327528e+00 
0.000000e+00 2.879351e-05 1.672385e-06 3.338253e-05 4.411640e-05 4.917345e+01 3.324119e+00 
0.000000e+00 2.906378e-05 1.695494e-06 3.361429e-05 4.446907e-05 4.910430e+01 3.338680e+00 
0.000000e+00 2.929531e-05 1.725757e-06 3.392542e-05 4.485674e-05 4.913961e+01 3.371340e+00 
0.000000e+00 2.949224e-05 1.764084e-06 3.432324e-05 4.528785e-05 4.927860e+01 3.423078e+00 
0.000000e+00 2.964874e-05 1.811630e-06 3.481669e-05 4.576606e-05 4.953068e+01 3.496603e+00 
0.000000e+00 2.974754e-05 1.869572e-06 3.541434e-05 4.628809e-05 4.991460e+01 3.596193e+00 
