# 1,2,3, 4    , 5    , 6    , 7    , 8    , 9     
# x,y,z, Bx_si, By_si, Bz_si, In_si, Ic_si, Dc_si 
1.247790e+02 1.002300e+02 2.007864e+00 4.222541e-07 2.559376e-06 -3.138262e-08 2.594164e-06 6.931462e-01 9.368449e+00 
1.247790e+02 1.012943e+02 3.037772e+00 4.927692e-07 2.270830e-06 -7.514453e-07 2.442163e-06 1.792047e+01 1.224334e+01 
1.247790e+02 1.023587e+02 3.976747e+00 5.552503e-07 1.724501e-06 -1.390920e-06 2.284046e-06 3.751522e+01 1.784738e+01 
1.247790e+02 1.034230e+02 4.756763e+00 5.933202e-07 9.667523e-07 -1.791184e-06 2.120137e-06 5.765519e+01 3.153849e+01 
1.247790e+02 1.044874e+02 5.321100e+00 5.991454e-07 1.556860e-07 -1.875415e-06 1.974942e-06 7.173283e+01 7.543401e+01 
1.247790e+02 1.055517e+02 5.628378e+00 5.789408e-07 -5.769559e-07 -1.701114e-06 1.887283e-06 6.433685e+01 1.349016e+02 
1.247790e+02 1.066161e+02 5.655505e+00 5.406642e-07 -1.205281e-06 -1.343115e-06 1.883873e-06 4.547577e+01 1.558400e+02 
1.247790e+02 1.076804e+02 5.399314e+00 4.846132e-07 -1.730258e-06 -8.041764e-07 1.968589e-06 2.411089e+01 1.643534e+02 
1.247790e+02 1.087448e+02 4.876790e+00 4.079441e-07 -2.079781e-06 -5.797487e-08 2.120205e-06 1.566891e+00 1.689025e+02 
1.247790e+02 1.098091e+02 4.123864e+00 3.177467e-07 -2.119893e-06 8.265461e-07 2.297409e-06 -2.108627e+01 1.714755e+02 
1.247790e+02 1.108735e+02 3.192854e+00 2.338131e-07 -1.811258e-06 1.658916e-06 2.467251e-06 -4.225058e+01 1.726444e+02 
1.247790e+02 1.119378e+02 2.148748e+00 1.715448e-07 -1.274380e-06 2.289906e-06 2.626241e-06 -6.068404e+01 1.723335e+02 
1.247790e+02 1.130022e+02 1.064575e+00 1.325531e-07 -6.610751e-07 2.701144e-06 2.784020e-06 -7.598477e+01 1.686619e+02 
1.247790e+02 1.140665e+02 1.621673e-02 1.115326e-07 -6.382465e-08 2.939926e-06 2.942733e-06 -8.749721e+01 1.197804e+02 
1.247790e+02 1.151309e+02 -9.229943e-01 1.029756e-07 4.780423e-07 3.055569e-06 3.094451e-06 -8.090759e+01 1.215639e+01 
1.247790e+02 1.161952e+02 -1.687488e+00 1.032551e-07 9.527912e-07 3.079819e-06 3.225485e-06 -7.271504e+01 6.185072e+00 
1.247790e+02 1.172596e+02 -2.224124e+00 1.104837e-07 1.360809e-06 3.028401e-06 3.321930e-06 -6.573284e+01 4.641647e+00 
1.247790e+02 1.183239e+02 -2.495967e+00 1.240132e-07 1.708113e-06 2.905940e-06 3.373057e-06 -5.948712e+01 4.152530e+00 
1.247790e+02 1.193883e+02 -2.484917e+00 1.439541e-07 2.003004e-06 2.710644e-06 3.373476e-06 -5.346725e+01 4.110730e+00 
1.247790e+02 1.204526e+02 -2.192999e+00 1.708571e-07 2.253529e-06 2.437388e-06 3.323920e-06 -4.716268e+01 4.335733e+00 
1.247790e+02 1.215170e+02 -1.642213e+00 2.055205e-07 2.464588e-06 2.079534e-06 3.231237e-06 -4.005870e+01 4.766832e+00 
1.247790e+02 1.225813e+02 -8.729743e-01 2.488934e-07 2.633955e-06 1.629787e-06 3.107390e-06 -3.163374e+01 5.398087e+00 
1.247790e+02 1.236457e+02 5.876416e-02 3.019669e-07 2.747250e-06 1.081096e-06 2.967715e-06 -2.136362e+01 6.272547e+00 
1.247790e+02 1.247100e+02 1.085490e+00 3.653969e-07 2.769931e-06 4.300734e-07 2.826835e-06 -8.750938e+00 7.514814e+00 
1.247790e+02 1.257743e+02 2.132935e+00 4.381568e-07 2.640592e-06 -3.104062e-07 2.694635e-06 6.614825e+00 9.421324e+00 
1.247790e+02 1.268387e+02 3.125357e+00 5.144166e-07 2.274215e-06 -1.081744e-06 2.570379e-06 2.488826e+01 1.274555e+01 
1.247790e+02 1.279030e+02 3.990927e+00 5.797217e-07 1.612901e-06 -1.743487e-06 2.444846e-06 4.548995e+01 1.976986e+01 
1.247790e+02 1.289674e+02 4.666840e+00 6.152371e-07 7.213085e-07 -2.113917e-06 2.316776e-06 6.584467e+01 4.046239e+01 
1.247790e+02 1.300317e+02 5.103780e+00 6.130018e-07 -2.167854e-07 -2.115346e-06 2.213019e-06 7.291385e+01 1.094759e+02 
1.247790e+02 1.310961e+02 5.269432e+00 5.793270e-07 -1.061091e-06 -1.806571e-06 2.173760e-06 5.620996e+01 1.513667e+02 
1.247790e+02 1.321604e+02 5.150774e+00 5.200054e-07 -1.764032e-06 -1.242221e-06 2.219308e-06 3.403738e+01 1.635754e+02 
1.247790e+02 1.332248e+02 4.755011e+00 4.354442e-07 -2.253874e-06 -4.264765e-07 2.334832e-06 1.052464e+01 1.690653e+02 
1.247790e+02 1.342891e+02 4.109055e+00 3.336017e-07 -2.389194e-06 5.638733e-07 2.477396e-06 -1.315624e+01 1.720512e+02 
1.247790e+02 1.353535e+02 3.257618e+00 2.368898e-07 -2.115122e-06 1.513810e-06 2.611796e-06 -3.542276e+01 1.736096e+02 
1.247790e+02 1.364178e+02 2.260024e+00 1.642784e-07 -1.563699e-06 2.240465e-06 2.737120e-06 -5.493974e+01 1.740026e+02 
1.247790e+02 1.374822e+02 1.185997e+00 1.182904e-07 -9.140111e-07 2.717009e-06 2.869067e-06 -7.126260e+01 1.726258e+02 
1.247790e+02 1.385465e+02 1.106951e-01 9.281660e-08 -2.760200e-07 2.998487e-06 3.012595e-06 -8.445293e+01 1.614139e+02 
1.247790e+02 1.396109e+02 -8.906319e-01 8.115687e-08 3.044653e-07 3.145533e-06 3.161275e-06 -8.427962e+01 1.492546e+01 
1.247790e+02 1.406752e+02 -1.747996e+00 7.894827e-08 8.141174e-07 3.196737e-06 3.299720e-06 -7.564787e+01 5.538885e+00 
1.247790e+02 1.417396e+02 -2.401650e+00 8.369094e-08 1.252716e-06 3.173380e-06 3.412718e-06 -6.841439e+01 3.822115e+00 
1.247790e+02 1.428039e+02 -2.806336e+00 9.446813e-08 1.626127e-06 3.082277e-06 3.486208e-06 -6.214521e+01 3.324801e+00 
1.247790e+02 1.438683e+02 -2.934505e+00 1.111851e-07 1.943214e-06 2.923166e-06 3.511885e-06 -5.634231e+01 3.274730e+00 
1.247790e+02 1.449326e+02 -2.778278e+00 1.342938e-07 2.213479e-06 2.691413e-06 3.487295e-06 -5.051370e+01 3.471930e+00 
1.247790e+02 1.459970e+02 -2.350004e+00 1.645565e-07 2.445006e-06 2.380285e-06 3.416268e-06 -4.416684e+01 3.850379e+00 
1.247790e+02 1.470613e+02 -1.681384e+00 2.028835e-07 2.641943e-06 1.982461e-06 3.309256e-06 -3.680299e+01 4.391313e+00 
1.247790e+02 1.481257e+02 -8.212145e-01 2.504301e-07 2.798441e-06 1.489006e-06 3.179800e-06 -2.792209e+01 5.113729e+00 
1.247790e+02 1.491900e+02 1.680840e-01 3.083721e-07 2.897237e-06 8.913585e-07 3.046900e-06 -1.701045e+01 6.075494e+00 
