# 1, 2, 3, 4   , 5   , 6   , 7   , 8   , 9   , 10  
# x, y, z, Bx_si, By_si, Bz_si, In_si, Ic_si, Dc_si, dmeas 
1.247790e+02 1.002300e+02 1.800000e+00 0.000000e+00 0.000000e+00 0.000000e+00 6.113388e-07 7.289437e+01 1.799485e+02 
1.247790e+02 1.012943e+02 1.782609e+00 0.000000e+00 0.000000e+00 0.000000e+00 6.096992e-07 7.287327e+01 1.799491e+02 
1.247790e+02 1.023587e+02 1.765217e+00 0.000000e+00 0.000000e+00 0.000000e+00 6.081358e-07 7.285103e+01 1.799497e+02 
1.247790e+02 1.034230e+02 1.747826e+00 0.000000e+00 0.000000e+00 0.000000e+00 6.066472e-07 7.282760e+01 1.799504e+02 
1.247790e+02 1.044874e+02 1.730435e+00 0.000000e+00 0.000000e+00 0.000000e+00 6.052318e-07 7.280292e+01 1.799510e+02 
1.247790e+02 1.055517e+02 1.713043e+00 0.000000e+00 0.000000e+00 0.000000e+00 6.038885e-07 7.277692e+01 1.799516e+02 
1.247790e+02 1.066161e+02 1.695652e+00 0.000000e+00 0.000000e+00 0.000000e+00 6.026159e-07 7.274956e+01 1.799523e+02 
1.247790e+02 1.076804e+02 1.678261e+00 0.000000e+00 0.000000e+00 0.000000e+00 6.014129e-07 7.272077e+01 1.799530e+02 
1.247790e+02 1.087448e+02 1.660870e+00 0.000000e+00 0.000000e+00 0.000000e+00 6.002783e-07 7.269051e+01 1.799536e+02 
1.247790e+02 1.098091e+02 1.643478e+00 0.000000e+00 0.000000e+00 0.000000e+00 5.992113e-07 7.265871e+01 1.799543e+02 
1.247790e+02 1.108735e+02 1.626087e+00 0.000000e+00 0.000000e+00 0.000000e+00 5.982107e-07 7.262534e+01 1.799550e+02 
1.247790e+02 1.119378e+02 1.608696e+00 0.000000e+00 0.000000e+00 0.000000e+00 5.972758e-07 7.259034e+01 1.799557e+02 
1.247790e+02 1.130022e+02 1.591304e+00 0.000000e+00 0.000000e+00 0.000000e+00 5.964057e-07 7.255367e+01 1.799565e+02 
1.247790e+02 1.140665e+02 1.573913e+00 0.000000e+00 0.000000e+00 0.000000e+00 5.955997e-07 7.251527e+01 1.799572e+02 
1.247790e+02 1.151309e+02 1.556522e+00 0.000000e+00 0.000000e+00 0.000000e+00 5.948571e-07 7.247509e+01 1.799579e+02 
1.247790e+02 1.161952e+02 1.539130e+00 0.000000e+00 0.000000e+00 0.000000e+00 5.941772e-07 7.243311e+01 1.799587e+02 
1.247790e+02 1.172596e+02 1.521739e+00 0.000000e+00 0.000000e+00 0.000000e+00 5.935595e-07 7.238926e+01 1.799594e+02 
1.247790e+02 1.183239e+02 1.504348e+00 0.000000e+00 0.000000e+00 0.000000e+00 5.930036e-07 7.234350e+01 1.799602e+02 
1.247790e+02 1.193883e+02 1.486957e+00 0.000000e+00 0.000000e+00 0.000000e+00 5.925088e-07 7.229579e+01 1.799609e+02 
1.247790e+02 1.204526e+02 1.469565e+00 0.000000e+00 0.000000e+00 0.000000e+00 5.920750e-07 7.224609e+01 1.799617e+02 
1.247790e+02 1.215170e+02 1.452174e+00 0.000000e+00 0.000000e+00 0.000000e+00 5.917016e-07 7.219436e+01 1.799625e+02 
1.247790e+02 1.225813e+02 1.434783e+00 0.000000e+00 0.000000e+00 0.000000e+00 5.913885e-07 7.214054e+01 1.799633e+02 
1.247790e+02 1.236457e+02 1.417391e+00 0.000000e+00 0.000000e+00 0.000000e+00 5.911355e-07 7.208461e+01 1.799641e+02 
1.247790e+02 1.247100e+02 1.400000e+00 0.000000e+00 0.000000e+00 0.000000e+00 5.909423e-07 7.202651e+01 1.799649e+02 
1.247790e+02 1.257743e+02 1.382609e+00 0.000000e+00 0.000000e+00 0.000000e+00 5.908089e-07 7.196622e+01 1.799657e+02 
1.247790e+02 1.268387e+02 1.365217e+00 0.000000e+00 0.000000e+00 0.000000e+00 5.907353e-07 7.190367e+01 1.799665e+02 
1.247790e+02 1.279030e+02 1.347826e+00 0.000000e+00 0.000000e+00 0.000000e+00 5.907214e-07 7.183885e+01 1.799673e+02 
1.247790e+02 1.289674e+02 1.330435e+00 0.000000e+00 0.000000e+00 0.000000e+00 5.907673e-07 7.177169e+01 1.799681e+02 
1.247790e+02 1.300317e+02 1.313043e+00 0.000000e+00 0.000000e+00 0.000000e+00 5.908732e-07 7.170217e+01 1.799689e+02 
1.247790e+02 1.310961e+02 1.295652e+00 0.000000e+00 0.000000e+00 0.000000e+00 5.910392e-07 7.163024e+01 1.799698e+02 
1.247790e+02 1.321604e+02 1.278261e+00 0.000000e+00 0.000000e+00 0.000000e+00 5.912655e-07 7.155587e+01 1.799706e+02 
1.247790e+02 1.332248e+02 1.260870e+00 0.000000e+00 0.000000e+00 0.000000e+00 5.915525e-07 7.147900e+01 1.799714e+02 
1.247790e+02 1.342891e+02 1.243478e+00 0.000000e+00 0.000000e+00 0.000000e+00 5.919005e-07 7.139960e+01 1.799722e+02 
1.247790e+02 1.353535e+02 1.226087e+00 0.000000e+00 0.000000e+00 0.000000e+00 5.923099e-07 7.131764e+01 1.799731e+02 
1.247790e+02 1.364178e+02 1.208696e+00 0.000000e+00 0.000000e+00 0.000000e+00 5.927812e-07 7.123306e+01 1.799739e+02 
1.247790e+02 1.374822e+02 1.191304e+00 0.000000e+00 0.000000e+00 0.000000e+00 5.933150e-07 7.114582e+01 1.799747e+02 
1.247790e+02 1.385465e+02 1.173913e+00 0.000000e+00 0.000000e+00 0.000000e+00 5.939117e-07 7.105589e+01 1.799755e+02 
1.247790e+02 1.396109e+02 1.156522e+00 0.000000e+00 0.000000e+00 0.000000e+00 5.945722e-07 7.096322e+01 1.799764e+02 
1.247790e+02 1.406752e+02 1.139130e+00 0.000000e+00 0.000000e+00 0.000000e+00 5.952970e-07 7.086777e+01 1.799772e+02 
1.247790e+02 1.417396e+02 1.121739e+00 0.000000e+00 0.000000e+00 0.000000e+00 5.960871e-07 7.076949e+01 1.799780e+02 
1.247790e+02 1.428039e+02 1.104348e+00 0.000000e+00 0.000000e+00 0.000000e+00 5.969433e-07 7.066834e+01 1.799788e+02 
1.247790e+02 1.438683e+02 1.086957e+00 0.000000e+00 0.000000e+00 0.000000e+00 5.978665e-07 7.056428e+01 1.799797e+02 
1.247790e+02 1.449326e+02 1.069565e+00 0.000000e+00 0.000000e+00 0.000000e+00 5.988577e-07 7.045726e+01 1.799805e+02 
1.247790e+02 1.459970e+02 1.052174e+00 0.000000e+00 0.000000e+00 0.000000e+00 5.999180e-07 7.034724e+01 1.799813e+02 
1.247790e+02 1.470613e+02 1.034783e+00 0.000000e+00 0.000000e+00 0.000000e+00 6.010485e-07 7.023416e+01 1.799821e+02 
1.247790e+02 1.481257e+02 1.017391e+00 0.000000e+00 0.000000e+00 0.000000e+00 6.022506e-07 7.011799e+01 1.799829e+02 
1.247790e+02 1.491900e+02 1.000000e+00 0.000000e+00 0.000000e+00 0.000000e+00 6.035255e-07 6.999867e+01 1.799837e+02 
