# 1,2,3, 4    , 5    , 6    , 7    , 8    , 9     
# x,y,z, Bx_si, By_si, Bz_si, Bx_th, By_th, Bz_th 
-2.477000e+01 -2.210000e-01 1.000000e+00 1.318622e-08 -1.798202e-07 -5.761495e-07 0.000000e+00 0.000000e+00 0.000000e+00 
-2.370565e+01 -2.210000e-01 1.000000e+00 1.252681e-08 -1.800477e-07 -5.749550e-07 0.000000e+00 0.000000e+00 0.000000e+00 
-2.264130e+01 -2.210000e-01 1.000000e+00 1.188042e-08 -1.802652e-07 -5.738208e-07 0.000000e+00 0.000000e+00 0.000000e+00 
-2.157696e+01 -2.210000e-01 1.000000e+00 1.124627e-08 -1.804726e-07 -5.727458e-07 0.000000e+00 0.000000e+00 0.000000e+00 
-2.051261e+01 -2.210000e-01 1.000000e+00 1.062364e-08 -1.806698e-07 -5.717290e-07 0.000000e+00 0.000000e+00 0.000000e+00 
-1.944826e+01 -2.210000e-01 1.000000e+00 1.001179e-08 -1.808570e-07 -5.707692e-07 0.000000e+00 0.000000e+00 0.000000e+00 
-1.838391e+01 -2.210000e-01 1.000000e+00 9.410048e-09 -1.810342e-07 -5.698657e-07 0.000000e+00 0.000000e+00 0.000000e+00 
-1.731957e+01 -2.210000e-01 1.000000e+00 8.817733e-09 -1.812013e-07 -5.690176e-07 0.000000e+00 0.000000e+00 0.000000e+00 
-1.625522e+01 -2.210000e-01 1.000000e+00 8.234199e-09 -1.813584e-07 -5.682239e-07 0.000000e+00 0.000000e+00 0.000000e+00 
-1.519087e+01 -2.210000e-01 1.000000e+00 7.658820e-09 -1.815054e-07 -5.674841e-07 0.000000e+00 0.000000e+00 0.000000e+00 
-1.412652e+01 -2.210000e-01 1.000000e+00 7.090983e-09 -1.816425e-07 -5.667974e-07 0.000000e+00 0.000000e+00 0.000000e+00 
-1.306217e+01 -2.210000e-01 1.000000e+00 6.530093e-09 -1.817695e-07 -5.661631e-07 0.000000e+00 0.000000e+00 0.000000e+00 
-1.199783e+01 -2.210000e-01 1.000000e+00 5.975572e-09 -1.818866e-07 -5.655806e-07 0.000000e+00 0.000000e+00 0.000000e+00 
-1.093348e+01 -2.210000e-01 1.000000e+00 5.426853e-09 -1.819937e-07 -5.650495e-07 0.000000e+00 0.000000e+00 0.000000e+00 
-9.869130e+00 -2.210000e-01 1.000000e+00 4.883383e-09 -1.820908e-07 -5.645691e-07 0.000000e+00 0.000000e+00 0.000000e+00 
-8.804783e+00 -2.210000e-01 1.000000e+00 4.344619e-09 -1.821779e-07 -5.641391e-07 0.000000e+00 0.000000e+00 0.000000e+00 
-7.740435e+00 -2.210000e-01 1.000000e+00 3.810028e-09 -1.822551e-07 -5.637591e-07 0.000000e+00 0.000000e+00 0.000000e+00 
-6.676087e+00 -2.210000e-01 1.000000e+00 3.279087e-09 -1.823224e-07 -5.634288e-07 0.000000e+00 0.000000e+00 0.000000e+00 
-5.611739e+00 -2.210000e-01 1.000000e+00 2.751279e-09 -1.823797e-07 -5.631477e-07 0.000000e+00 0.000000e+00 0.000000e+00 
-4.547391e+00 -2.210000e-01 1.000000e+00 2.226094e-09 -1.824271e-07 -5.629157e-07 0.000000e+00 0.000000e+00 0.000000e+00 
-3.483043e+00 -2.210000e-01 1.000000e+00 1.703028e-09 -1.824645e-07 -5.627326e-07 0.000000e+00 0.000000e+00 0.000000e+00 
-2.418696e+00 -2.210000e-01 1.000000e+00 1.181581e-09 -1.824920e-07 -5.625981e-07 0.000000e+00 0.000000e+00 0.000000e+00 
-1.354348e+00 -2.210000e-01 1.000000e+00 6.612549e-10 -1.825096e-07 -5.625122e-07 0.000000e+00 0.000000e+00 0.000000e+00 
-2.900000e-01 -2.210000e-01 1.000000e+00 1.415567e-10 -1.825173e-07 -5.624748e-07 0.000000e+00 0.000000e+00 0.000000e+00 
7.743478e-01 -2.210000e-01 1.000000e+00 -3.780071e-10 -1.825150e-07 -5.624858e-07 0.000000e+00 0.000000e+00 0.000000e+00 
1.838696e+00 -2.210000e-01 1.000000e+00 -8.979296e-10 -1.825029e-07 -5.625453e-07 0.000000e+00 0.000000e+00 0.000000e+00 
2.903043e+00 -2.210000e-01 1.000000e+00 -1.418704e-09 -1.824808e-07 -5.626533e-07 0.000000e+00 0.000000e+00 0.000000e+00 
3.967391e+00 -2.210000e-01 1.000000e+00 -1.940827e-09 -1.824487e-07 -5.628099e-07 0.000000e+00 0.000000e+00 0.000000e+00 
5.031739e+00 -2.210000e-01 1.000000e+00 -2.464795e-09 -1.824068e-07 -5.630152e-07 0.000000e+00 0.000000e+00 0.000000e+00 
6.096087e+00 -2.210000e-01 1.000000e+00 -2.991111e-09 -1.823549e-07 -5.632695e-07 0.000000e+00 0.000000e+00 0.000000e+00 
7.160435e+00 -2.210000e-01 1.000000e+00 -3.520281e-09 -1.822930e-07 -5.635730e-07 0.000000e+00 0.000000e+00 0.000000e+00 
8.224783e+00 -2.210000e-01 1.000000e+00 -4.052818e-09 -1.822212e-07 -5.639259e-07 0.000000e+00 0.000000e+00 0.000000e+00 
9.289130e+00 -2.210000e-01 1.000000e+00 -4.589243e-09 -1.821395e-07 -5.643286e-07 0.000000e+00 0.000000e+00 0.000000e+00 
1.035348e+01 -2.210000e-01 1.000000e+00 -5.130082e-09 -1.820478e-07 -5.647814e-07 0.000000e+00 0.000000e+00 0.000000e+00 
1.141783e+01 -2.210000e-01 1.000000e+00 -5.675872e-09 -1.819462e-07 -5.652848e-07 0.000000e+00 0.000000e+00 0.000000e+00 
1.248217e+01 -2.210000e-01 1.000000e+00 -6.227162e-09 -1.818345e-07 -5.658393e-07 0.000000e+00 0.000000e+00 0.000000e+00 
1.354652e+01 -2.210000e-01 1.000000e+00 -6.784510e-09 -1.817129e-07 -5.664452e-07 0.000000e+00 0.000000e+00 0.000000e+00 
1.461087e+01 -2.210000e-01 1.000000e+00 -7.348489e-09 -1.815813e-07 -5.671033e-07 0.000000e+00 0.000000e+00 0.000000e+00 
1.567522e+01 -2.210000e-01 1.000000e+00 -7.919684e-09 -1.814397e-07 -5.678142e-07 0.000000e+00 0.000000e+00 0.000000e+00 
1.673957e+01 -2.210000e-01 1.000000e+00 -8.498697e-09 -1.812881e-07 -5.685784e-07 0.000000e+00 0.000000e+00 0.000000e+00 
1.780391e+01 -2.210000e-01 1.000000e+00 -9.086147e-09 -1.811265e-07 -5.693967e-07 0.000000e+00 0.000000e+00 0.000000e+00 
1.886826e+01 -2.210000e-01 1.000000e+00 -9.682672e-09 -1.809548e-07 -5.702700e-07 0.000000e+00 0.000000e+00 0.000000e+00 
1.993261e+01 -2.210000e-01 1.000000e+00 -1.028893e-08 -1.807731e-07 -5.711989e-07 0.000000e+00 0.000000e+00 0.000000e+00 
2.099696e+01 -2.210000e-01 1.000000e+00 -1.090560e-08 -1.805813e-07 -5.721846e-07 0.000000e+00 0.000000e+00 0.000000e+00 
2.206130e+01 -2.210000e-01 1.000000e+00 -1.153338e-08 -1.803794e-07 -5.732278e-07 0.000000e+00 0.000000e+00 0.000000e+00 
2.312565e+01 -2.210000e-01 1.000000e+00 -1.217300e-08 -1.801675e-07 -5.743296e-07 0.000000e+00 0.000000e+00 0.000000e+00 
2.419000e+01 -2.210000e-01 1.000000e+00 -1.282522e-08 -1.799454e-07 -5.754910e-07 0.000000e+00 0.000000e+00 0.000000e+00 
