# 1    , 2      , 3      , 4      , 5      , 6      , 7       
# dmeas, Bx_siB0, By_siB0, Bz_siB0, In_siB0, Ic_siB0, Dc_siB0 
0.000000e+00 2.582686e-05 7.218965e-07 3.778650e-05 4.577518e-05 5.563719e+01 1.601080e+00 
1.313858e+00 2.598216e-05 8.513860e-07 3.763725e-05 4.574232e-05 5.536710e+01 1.876802e+00 
3.704210e+00 2.611206e-05 9.700436e-07 3.761400e-05 4.579949e-05 5.521268e+01 2.127517e+00 
3.704210e+00 2.611206e-05 9.700436e-07 3.761400e-05 4.579949e-05 5.521268e+01 2.127517e+00 
5.176935e+00 2.619873e-05 9.470575e-07 3.749254e-05 4.574889e-05 5.503767e+01 2.070283e+00 
7.529181e+00 2.620907e-05 9.811566e-07 3.716369e-05 4.548646e-05 5.478834e+01 2.143910e+00 
9.022361e+00 2.635834e-05 1.078016e-06 3.693925e-05 4.539199e-05 5.446725e+01 2.342004e+00 
1.058217e+01 2.644677e-05 1.245234e-06 3.668819e-05 4.524384e-05 5.418386e+01 2.695754e+00 
1.241860e+01 2.655435e-05 1.728595e-06 3.641977e-05 4.510567e-05 5.384581e+01 3.724500e+00 
1.455690e+01 2.702797e-05 2.063213e-06 3.643274e-05 4.541049e-05 5.335010e+01 4.365276e+00 
1.697472e+01 2.809189e-05 2.077965e-06 3.719512e-05 4.665779e-05 5.286259e+01 4.230479e+00 
2.015689e+01 2.799455e-05 2.077185e-06 3.722027e-05 4.661929e-05 5.297642e+01 4.243549e+00 
2.247984e+01 2.790260e-05 2.010031e-06 3.795936e-05 4.715409e-05 5.361090e+01 4.120323e+00 
2.441537e+01 2.780906e-05 1.245352e-06 3.881457e-05 4.776469e-05 5.435277e+01 2.564120e+00 
2.656648e+01 2.737178e-05 5.558346e-07 3.861724e-05 4.733724e-05 5.466554e+01 1.163337e+00 
2.729138e+01 2.717207e-05 5.915303e-07 3.843984e-05 4.707752e-05 5.473816e+01 1.247120e+00 
2.891230e+01 2.677331e-05 7.269980e-07 3.817293e-05 4.663165e-05 5.494545e+01 1.555418e+00 
3.129915e+01 2.651694e-05 1.034149e-06 3.805820e-05 4.639659e-05 5.511284e+01 2.233378e+00 
3.215546e+01 2.644047e-05 1.051384e-06 3.808386e-05 4.637439e-05 5.520771e+01 2.277121e+00 
3.362494e+01 2.641938e-05 1.088933e-06 3.803432e-05 4.632256e-05 5.519261e+01 2.360236e+00 
3.563105e+01 2.650894e-05 1.146109e-06 3.800903e-05 4.635433e-05 5.508151e+01 2.475631e+00 
3.741758e+01 2.654984e-05 1.152334e-06 3.804112e-05 4.640419e-05 5.506255e+01 2.485230e+00 
3.854291e+01 2.658340e-05 1.200478e-06 3.798452e-05 4.637825e-05 5.498640e+01 2.585660e+00 
3.968929e+01 2.669449e-05 1.113812e-06 3.802345e-05 4.647170e-05 5.490566e+01 2.389248e+00 
4.223027e+01 2.664551e-05 1.025403e-06 3.785682e-05 4.630523e-05 5.484026e+01 2.203835e+00 
4.629250e+01 2.645019e-05 1.234122e-06 3.785403e-05 4.619592e-05 5.502714e+01 2.671388e+00 
4.837712e+01 2.639092e-05 1.333061e-06 3.790437e-05 4.620605e-05 5.511818e+01 2.891672e+00 
5.050461e+01 2.628699e-05 1.440815e-06 3.759462e-05 4.589594e-05 5.499753e+01 3.137297e+00 
5.177443e+01 2.630696e-05 1.790255e-06 3.747608e-05 4.582267e-05 5.487015e+01 3.893121e+00 
5.275139e+01 2.647245e-05 2.030615e-06 3.751766e-05 4.596182e-05 5.471401e+01 4.386381e+00 
5.418483e+01 2.681357e-05 2.253250e-06 3.776384e-05 4.636973e-05 5.452878e+01 4.803505e+00 
5.606084e+01 2.736057e-05 2.193525e-06 3.824990e-05 4.707938e-05 5.433655e+01 4.583658e+00 
5.748271e+01 2.729981e-05 1.923067e-06 3.886562e-05 4.753435e-05 5.484848e+01 4.029402e+00 
5.867883e+01 2.717823e-05 1.721805e-06 3.926887e-05 4.778771e-05 5.525894e+01 3.624978e+00 
6.056182e+01 2.663830e-05 1.277270e-06 3.987831e-05 4.797406e-05 5.622710e+01 2.745152e+00 
6.153753e+01 2.609407e-05 1.011090e-06 3.977058e-05 4.757753e-05 5.671081e+01 2.218980e+00 
6.232824e+01 2.589922e-05 9.317773e-07 3.958259e-05 4.731194e-05 5.678596e+01 2.060444e+00 
6.365586e+01 2.567148e-05 8.808770e-07 3.929391e-05 4.694478e-05 5.682719e+01 1.965245e+00 
6.578729e+01 2.556531e-05 9.698788e-07 3.899710e-05 4.664010e-05 5.673348e+01 2.172606e+00 
