# 1, 2, 3, 4   , 5   , 6   , 7   , 8   , 9   , 10  
# x, y, z, Bx_si, By_si, Bz_si, In_si, Ic_si, Dc_si, dmeas 
5.017029e+05 4.171113e+06 1.617170e+03 -1.060544e-06 -8.382035e-07 1.542902e-06 2.051313e-06 4.877725e+01 -1.416788e+02 0.000000e+00 
5.017031e+05 4.171114e+06 1.616895e+03 -9.052401e-07 -7.087140e-07 1.393650e-06 1.806653e-06 5.047967e+01 -1.419425e+02 1.313858e+00 
5.017019e+05 4.171117e+06 1.617109e+03 -7.753415e-07 -5.900564e-07 1.370399e-06 1.681462e-06 5.458780e+01 -1.427279e+02 3.704210e+00 
5.017019e+05 4.171117e+06 1.617109e+03 -7.753415e-07 -5.900564e-07 1.370399e-06 1.681462e-06 5.458780e+01 -1.427279e+02 3.704210e+00 
5.017032e+05 4.171117e+06 1.616563e+03 -6.886708e-07 -6.130425e-07 1.248936e-06 1.552395e-06 5.356414e+01 -1.383251e+02 5.176935e+00 
5.017055e+05 4.171118e+06 1.615680e+03 -6.783280e-07 -5.789434e-07 9.200913e-07 1.281356e-06 4.589461e+01 -1.395197e+02 7.529181e+00 
5.017065e+05 4.171119e+06 1.615216e+03 -5.290553e-07 -4.820840e-07 6.956477e-07 9.981133e-07 4.418382e+01 -1.376597e+02 9.022361e+00 
5.017076e+05 4.171120e+06 1.614730e+03 -4.406326e-07 -3.148664e-07 4.445853e-07 7.006811e-07 3.938324e+01 -1.444512e+02 1.058217e+01 
5.017092e+05 4.171121e+06 1.614184e+03 -3.330495e-07 1.684953e-07 1.761743e-07 4.127348e-07 2.526758e+01 1.531644e+02 1.241860e+01 
5.017108e+05 4.171122e+06 1.614059e+03 1.405732e-07 5.031127e-07 1.891413e-07 5.555696e-07 1.990403e+01 7.438926e+01 1.455690e+01 
5.017117e+05 4.171125e+06 1.614856e+03 1.204494e-06 5.178646e-07 9.515193e-07 1.619994e-06 3.596989e+01 2.326498e+01 1.697472e+01 
5.017148e+05 4.171124e+06 1.614502e+03 1.107151e-06 5.170851e-07 9.766731e-07 1.564305e-06 3.863446e+01 2.503452e+01 2.015689e+01 
5.017171e+05 4.171124e+06 1.614656e+03 1.015199e-06 4.499315e-07 1.715757e-06 2.043744e-06 5.708911e+01 2.390270e+01 2.247984e+01 
5.017185e+05 4.171125e+06 1.615438e+03 9.216612e-07 -3.147481e-07 2.570971e-06 2.749257e-06 6.925255e+01 -1.885508e+01 2.441537e+01 
5.017205e+05 4.171126e+06 1.615311e+03 4.843752e-07 -1.004265e-06 2.373641e-06 2.622468e-06 6.483906e+01 -6.425115e+01 2.656648e+01 
5.017212e+05 4.171125e+06 1.615059e+03 2.846684e-07 -9.685697e-07 2.196245e-06 2.417159e-06 6.531343e+01 -7.362162e+01 2.729138e+01 
5.017228e+05 4.171125e+06 1.614581e+03 -1.140924e-07 -8.331020e-07 1.929330e-06 2.104612e-06 6.645053e+01 -9.779808e+01 2.891230e+01 
5.017246e+05 4.171127e+06 1.614514e+03 -3.704647e-07 -5.259512e-07 1.814601e-06 1.925265e-06 7.047917e+01 -1.251597e+02 3.129915e+01 
5.017253e+05 4.171127e+06 1.614509e+03 -4.469282e-07 -5.087157e-07 1.840259e-06 1.960890e-06 6.979809e+01 -1.313007e+02 3.215546e+01 
5.017265e+05 4.171128e+06 1.614426e+03 -4.680152e-07 -4.711668e-07 1.790722e-06 1.909901e-06 6.965224e+01 -1.348077e+02 3.362494e+01 
5.017280e+05 4.171130e+06 1.614390e+03 -3.784577e-07 -4.139907e-07 1.765427e-06 1.852391e-06 7.237399e+01 -1.324326e+02 3.563105e+01 
5.017284e+05 4.171131e+06 1.614577e+03 -3.375633e-07 -4.077661e-07 1.797521e-06 1.873847e-06 7.359058e+01 -1.296192e+02 3.741758e+01 
5.017281e+05 4.171132e+06 1.614749e+03 -3.040022e-07 -3.596221e-07 1.740924e-06 1.803486e-06 7.486439e+01 -1.302091e+02 3.854291e+01 
5.017282e+05 4.171134e+06 1.614910e+03 -1.929071e-07 -4.462877e-07 1.779849e-06 1.845060e-06 7.472145e+01 -1.133763e+02 3.968929e+01 
5.017307e+05 4.171134e+06 1.614524e+03 -2.418888e-07 -5.346966e-07 1.613224e-06 1.716655e-06 7.000943e+01 -1.143413e+02 4.223027e+01 
5.017298e+05 4.171138e+06 1.615441e+03 -4.372092e-07 -3.259782e-07 1.610433e-06 1.700267e-06 7.129186e+01 -1.432922e+02 4.629250e+01 
5.017313e+05 4.171139e+06 1.615538e+03 -4.964754e-07 -2.270393e-07 1.660765e-06 1.748192e-06 7.180331e+01 -1.554253e+02 4.837712e+01 
5.017329e+05 4.171141e+06 1.615528e+03 -6.004086e-07 -1.192848e-07 1.351021e-06 1.483232e-06 6.562487e+01 -1.687632e+02 5.050461e+01 
5.017342e+05 4.171141e+06 1.615445e+03 -5.804411e-07 2.301555e-07 1.232476e-06 1.381622e-06 6.313196e+01 1.583708e+02 5.177443e+01 
5.017350e+05 4.171141e+06 1.615613e+03 -4.149501e-07 4.705147e-07 1.274060e-06 1.420140e-06 6.378427e+01 1.314093e+02 5.275139e+01 
5.017362e+05 4.171142e+06 1.615985e+03 -7.383257e-08 6.931502e-07 1.520237e-06 1.672432e-06 6.536721e+01 9.608007e+01 5.418483e+01 
5.017370e+05 4.171144e+06 1.616826e+03 4.731719e-07 6.334251e-07 2.006304e-06 2.156473e-06 6.849158e+01 5.324008e+01 5.606084e+01 
5.017375e+05 4.171145e+06 1.617645e+03 4.124105e-07 3.629670e-07 2.622025e-06 2.678963e-06 7.816611e+01 4.135136e+01 5.748271e+01 
5.017379e+05 4.171146e+06 1.618290e+03 2.908292e-07 1.617048e-07 3.025273e-06 3.043519e-06 8.372305e+01 2.907463e+01 5.867883e+01 
5.017395e+05 4.171147e+06 1.618793e+03 -2.491039e-07 -2.828299e-07 3.634713e-06 3.654201e-06 8.408007e+01 -1.313721e+02 6.056182e+01 
5.017400e+05 4.171148e+06 1.619087e+03 -7.933348e-07 -5.490101e-07 3.526975e-06 3.656548e-06 7.470144e+01 -1.453157e+02 6.153753e+01 
5.017407e+05 4.171148e+06 1.619057e+03 -9.881802e-07 -6.283227e-07 3.338991e-06 3.538383e-06 7.067368e+01 -1.475502e+02 6.232824e+01 
5.017419e+05 4.171149e+06 1.618937e+03 -1.215918e-06 -6.792230e-07 3.050310e-06 3.353236e-06 6.545862e+01 -1.508119e+02 6.365586e+01 
5.017440e+05 4.171149e+06 1.618666e+03 -1.322093e-06 -5.902212e-07 2.753496e-06 3.110953e-06 6.226348e+01 -1.559426e+02 6.578729e+01 
