# 1, 2, 3, 4   , 5   , 6   , 7   , 8   , 9   , 10  
# x, y, z, Bx_si, By_si, Bz_si, In_si, Ic_si, Dc_si, dmeas 
5.017029e+05 4.171113e+06 1.617170e+03 -3.231632e-06 -1.041214e-06 2.438542e-06 4.180198e-06 -3.568690e+01 -1.078587e+02 0.000000e+00 
5.017031e+05 4.171114e+06 1.616895e+03 -2.859940e-06 -5.859438e-07 2.832489e-06 4.067626e-06 -4.413485e+01 -1.015785e+02 1.313858e+00 
5.017019e+05 4.171117e+06 1.617109e+03 -2.578843e-06 -1.887894e-07 2.898674e-06 3.884377e-06 -4.826564e+01 -9.418698e+01 3.704210e+00 
5.017019e+05 4.171117e+06 1.617109e+03 -2.578843e-06 -1.887894e-07 2.898674e-06 3.884377e-06 -4.826564e+01 -9.418698e+01 3.704210e+00 
5.017032e+05 4.171117e+06 1.616563e+03 -2.571262e-06 7.434605e-08 3.210848e-06 4.114178e-06 -5.130041e+01 -8.834380e+01 5.176935e+00 
5.017055e+05 4.171118e+06 1.615680e+03 -2.374438e-06 1.420973e-07 4.069406e-06 4.713620e-06 -5.969247e+01 -8.657524e+01 7.529181e+00 
5.017065e+05 4.171119e+06 1.615216e+03 -2.064789e-06 5.853554e-07 4.658335e-06 5.128945e-06 -6.526383e+01 -7.417228e+01 9.022361e+00 
5.017076e+05 4.171120e+06 1.614730e+03 -1.563810e-06 8.661029e-07 5.316195e-06 5.608704e-06 -7.141416e+01 -6.102050e+01 1.058217e+01 
5.017092e+05 4.171121e+06 1.614184e+03 -2.082225e-07 1.197726e-06 6.014081e-06 6.135721e-06 -7.857218e+01 -9.862202e+00 1.241860e+01 
5.017108e+05 4.171122e+06 1.614059e+03 7.435028e-07 2.521402e-06 5.939812e-06 6.495508e-06 -6.612761e+01 1.642956e+01 1.455690e+01 
5.017117e+05 4.171125e+06 1.614856e+03 8.104194e-07 5.442890e-06 3.836081e-06 6.708006e-06 -3.488045e+01 8.468840e+00 1.697472e+01 
5.017148e+05 4.171124e+06 1.614502e+03 8.922862e-07 5.176289e-06 3.725404e-06 6.439626e-06 -3.534599e+01 9.780500e+00 2.015689e+01 
5.017171e+05 4.171124e+06 1.614656e+03 7.686113e-07 4.935424e-06 1.704796e-06 5.277831e-06 -1.884510e+01 8.851775e+00 2.247984e+01 
5.017185e+05 4.171125e+06 1.615438e+03 -1.238893e-06 4.738751e-06 -6.449938e-07 4.940307e-06 7.501805e+00 -1.465140e+01 2.441537e+01 
5.017205e+05 4.171126e+06 1.615311e+03 -3.024033e-06 3.611448e-06 -1.505776e-07 4.712749e-06 1.830975e+00 -3.994099e+01 2.656648e+01 
5.017212e+05 4.171125e+06 1.615059e+03 -2.909892e-06 3.076269e-06 3.237526e-07 4.246848e-06 -4.372106e+00 -4.340796e+01 2.729138e+01 
5.017228e+05 4.171125e+06 1.614581e+03 -2.506491e-06 2.014796e-06 1.033403e-06 3.377843e-06 -1.781448e+01 -5.120658e+01 2.891230e+01 
5.017246e+05 4.171127e+06 1.614514e+03 -1.641810e-06 1.399531e-06 1.308814e-06 2.523335e-06 -3.124402e+01 -4.955466e+01 3.129915e+01 
5.017253e+05 4.171127e+06 1.614509e+03 -1.579466e-06 1.218487e-06 1.228857e-06 2.342971e-06 -3.163370e+01 -5.235143e+01 3.215546e+01 
5.017265e+05 4.171128e+06 1.614426e+03 -1.449520e-06 1.196532e-06 1.344669e-06 2.311046e-06 -3.558038e+01 -5.046144e+01 3.362494e+01 
5.017280e+05 4.171130e+06 1.614390e+03 -1.263446e-06 1.497096e-06 1.390143e-06 2.402101e-06 -3.536053e+01 -4.016205e+01 3.563105e+01 
5.017284e+05 4.171131e+06 1.614577e+03 -1.236286e-06 1.680925e-06 1.285005e-06 2.450541e-06 -3.162626e+01 -3.633372e+01 3.741758e+01 
5.017281e+05 4.171132e+06 1.614749e+03 -1.112493e-06 1.817245e-06 1.427995e-06 2.564993e-06 -3.382958e+01 -3.147440e+01 3.854291e+01 
5.017282e+05 4.171134e+06 1.614910e+03 -1.340513e-06 2.165261e-06 1.312221e-06 2.864831e-06 -2.726102e+01 -3.176165e+01 3.968929e+01 
5.017307e+05 4.171134e+06 1.614524e+03 -1.524041e-06 2.058225e-06 1.745194e-06 3.099144e-06 -3.427193e+01 -3.651860e+01 4.223027e+01 
5.017298e+05 4.171138e+06 1.615441e+03 -9.838587e-07 1.728701e-06 1.708547e-06 2.622121e-06 -4.066156e+01 -2.964558e+01 4.629250e+01 
5.017313e+05 4.171139e+06 1.615538e+03 -6.921593e-07 1.650917e-06 1.550525e-06 2.368278e-06 -4.089733e+01 -2.274623e+01 4.837712e+01 
5.017329e+05 4.171141e+06 1.615528e+03 -3.750454e-07 1.451771e-06 2.358408e-06 2.794707e-06 -5.755254e+01 -1.448490e+01 5.050461e+01 
5.017342e+05 4.171141e+06 1.615445e+03 5.787482e-07 1.518245e-06 2.666471e-06 3.122513e-06 -5.864397e+01 2.086662e+01 5.177443e+01 
5.017350e+05 4.171141e+06 1.615613e+03 1.233211e-06 1.983788e-06 2.537751e-06 3.449117e-06 -4.737220e+01 3.186692e+01 5.275139e+01 
5.017362e+05 4.171142e+06 1.615985e+03 1.843766e-06 2.939269e-06 1.849205e-06 3.931709e-06 -2.805579e+01 3.209952e+01 5.418483e+01 
5.017370e+05 4.171144e+06 1.616826e+03 1.689848e-06 4.498423e-06 4.960125e-07 4.830882e-06 -5.893250e+00 2.058886e+01 5.606084e+01 
5.017375e+05 4.171145e+06 1.617645e+03 9.705090e-07 4.415000e-06 -1.201733e-06 4.677422e-06 1.488751e+01 1.239763e+01 5.748271e+01 
5.017379e+05 4.171146e+06 1.618290e+03 4.335931e-07 4.161295e-06 -2.322480e-06 4.785216e-06 2.903507e+01 5.948565e+00 5.867883e+01 
5.017395e+05 4.171147e+06 1.618793e+03 -7.303399e-07 2.777632e-06 -3.995091e-06 4.920303e-06 5.428789e+01 -1.473168e+01 6.056182e+01 
5.017400e+05 4.171148e+06 1.619087e+03 -1.436398e-06 1.382390e-06 -3.733558e-06 4.232458e-06 6.189981e+01 -4.609766e+01 6.153753e+01 
5.017407e+05 4.171148e+06 1.619057e+03 -1.636332e-06 8.807568e-07 -3.237039e-06 3.732524e-06 6.014086e+01 -6.170861e+01 6.232824e+01 
5.017419e+05 4.171149e+06 1.618937e+03 -1.754059e-06 3.172044e-07 -2.470709e-06 3.046595e-06 5.419119e+01 -7.974940e+01 6.365586e+01 
5.017440e+05 4.171149e+06 1.618666e+03 -1.481794e-06 4.859495e-08 -1.676076e-06 2.237701e-06 4.850531e+01 -8.812168e+01 6.578729e+01 
