# 1, 2, 3, 4   , 5   , 6   , 7   , 8   , 9   , 10  
# x, y, z, Bx_si, By_si, Bz_si, In_si, Ic_si, Dc_si, dmeas 
5.017029e+05 4.171113e+06 1.616912e+03 -1.210555e-06 2.407683e-07 3.856925e-06 4.049603e-06 7.225466e+01 1.687512e+02 0.000000e+00 
5.017031e+05 4.171114e+06 1.616912e+03 -1.219384e-06 2.363309e-07 3.847908e-06 4.043408e-06 7.211033e+01 1.690314e+02 1.313858e+00 
5.017019e+05 4.171117e+06 1.616912e+03 -1.231244e-06 2.435035e-07 3.844918e-06 4.044583e-06 7.192182e+01 1.688130e+02 3.704210e+00 
5.017019e+05 4.171117e+06 1.616912e+03 -1.231244e-06 2.435035e-07 3.844918e-06 4.044583e-06 7.192182e+01 1.688130e+02 3.704210e+00 
5.017032e+05 4.171117e+06 1.616912e+03 -1.237833e-06 2.309074e-07 3.833140e-06 4.034663e-06 7.181466e+01 1.694334e+02 5.176935e+00 
5.017055e+05 4.171118e+06 1.616912e+03 -1.245813e-06 2.110063e-07 3.816329e-06 4.020067e-06 7.168071e+01 1.703869e+02 7.529181e+00 
5.017065e+05 4.171119e+06 1.616912e+03 -1.255680e-06 2.015004e-07 3.805359e-06 4.012242e-06 7.152046e+01 1.708834e+02 9.022361e+00 
5.017076e+05 4.171120e+06 1.616912e+03 -1.265507e-06 1.910137e-07 3.794224e-06 4.004264e-06 7.136007e+01 1.714167e+02 1.058217e+01 
5.017092e+05 4.171121e+06 1.616912e+03 -1.275170e-06 1.776482e-07 3.781838e-06 3.994986e-06 7.119943e+01 1.720690e+02 1.241860e+01 
5.017108e+05 4.171122e+06 1.616912e+03 -1.288887e-06 1.639996e-07 3.768117e-06 3.985829e-06 7.097537e+01 1.727486e+02 1.455690e+01 
5.017117e+05 4.171125e+06 1.616912e+03 -1.308906e-06 1.545425e-07 3.755425e-06 3.979992e-06 7.066105e+01 1.732663e+02 1.697472e+01 
5.017148e+05 4.171124e+06 1.616912e+03 -1.306010e-06 1.340898e-07 3.745040e-06 3.968497e-06 7.068118e+01 1.741379e+02 2.015689e+01 
5.017171e+05 4.171124e+06 1.616912e+03 -1.306412e-06 1.188157e-07 3.737302e-06 3.960840e-06 7.065878e+01 1.748034e+02 2.247984e+01 
5.017185e+05 4.171125e+06 1.616912e+03 -1.318810e-06 1.080422e-07 3.727724e-06 3.955611e-06 7.045669e+01 1.753166e+02 2.441537e+01 
5.017205e+05 4.171126e+06 1.616912e+03 -1.327358e-06 9.453735e-08 3.718936e-06 3.949848e-06 7.031163e+01 1.759261e+02 2.656648e+01 
5.017212e+05 4.171125e+06 1.616912e+03 -1.326446e-06 9.024337e-08 3.717530e-06 3.948117e-06 7.032126e+01 1.761079e+02 2.729138e+01 
5.017228e+05 4.171125e+06 1.616912e+03 -1.326286e-06 8.031792e-08 3.713896e-06 3.944427e-06 7.031439e+01 1.765345e+02 2.891230e+01 
5.017246e+05 4.171127e+06 1.616912e+03 -1.342014e-06 6.849137e-08 3.704579e-06 3.940761e-06 7.006280e+01 1.770784e+02 3.129915e+01 
5.017253e+05 4.171127e+06 1.616912e+03 -1.347275e-06 6.411068e-08 3.701569e-06 3.939654e-06 6.997897e+01 1.772756e+02 3.215546e+01 
5.017265e+05 4.171128e+06 1.616912e+03 -1.355105e-06 5.623437e-08 3.696954e-06 3.937886e-06 6.985384e+01 1.776237e+02 3.362494e+01 
5.017280e+05 4.171130e+06 1.616912e+03 -1.369474e-06 4.725419e-08 3.690697e-06 3.936869e-06 6.963094e+01 1.780238e+02 3.563105e+01 
5.017284e+05 4.171131e+06 1.616912e+03 -1.387232e-06 4.422771e-08 3.685745e-06 3.938411e-06 6.936519e+01 1.781739e+02 3.741758e+01 
5.017281e+05 4.171132e+06 1.616912e+03 -1.398464e-06 4.538194e-08 3.683711e-06 3.940494e-06 6.920150e+01 1.781413e+02 3.854291e+01 
5.017282e+05 4.171134e+06 1.616912e+03 -1.410783e-06 4.437753e-08 3.681221e-06 3.942545e-06 6.902181e+01 1.781983e+02 3.968929e+01 
5.017307e+05 4.171134e+06 1.616912e+03 -1.415879e-06 3.046319e-08 3.677379e-06 3.940654e-06 6.893766e+01 1.787674e+02 4.223027e+01 
5.017298e+05 4.171138e+06 1.616912e+03 -1.461481e-06 3.368585e-08 3.672083e-06 3.952374e-06 6.829232e+01 1.786796e+02 4.629250e+01 
5.017313e+05 4.171139e+06 1.616912e+03 -1.480196e-06 2.557922e-08 3.668910e-06 3.956329e-06 6.802577e+01 1.790100e+02 4.837712e+01 
5.017329e+05 4.171141e+06 1.616912e+03 -1.498334e-06 1.706595e-08 3.666459e-06 3.960835e-06 6.777084e+01 1.793474e+02 5.050461e+01 
5.017342e+05 4.171141e+06 1.616912e+03 -1.501301e-06 1.076463e-08 3.665673e-06 3.961209e-06 6.772760e+01 1.795892e+02 5.177443e+01 
5.017350e+05 4.171141e+06 1.616912e+03 -1.506926e-06 6.333454e-09 3.665102e-06 3.962807e-06 6.764955e+01 1.797592e+02 5.275139e+01 
5.017362e+05 4.171142e+06 1.616912e+03 -1.517641e-06 4.234499e-10 3.664465e-06 3.966301e-06 6.750307e+01 1.799840e+02 5.418483e+01 
5.017370e+05 4.171144e+06 1.616912e+03 -1.541315e-06 -3.192009e-09 3.663783e-06 3.974791e-06 6.718397e+01 -1.798813e+02 5.606084e+01 
5.017375e+05 4.171145e+06 1.616912e+03 -1.559992e-06 -5.772747e-09 3.663630e-06 3.981934e-06 6.693531e+01 -1.797880e+02 5.748271e+01 
5.017379e+05 4.171146e+06 1.616912e+03 -1.576796e-06 -7.338142e-09 3.663715e-06 3.988627e-06 6.671362e+01 -1.797334e+02 5.867883e+01 
5.017395e+05 4.171147e+06 1.616912e+03 -1.590303e-06 -1.488107e-08 3.664557e-06 3.994780e-06 6.653975e+01 -1.794639e+02 6.056182e+01 
5.017400e+05 4.171148e+06 1.616912e+03 -1.603575e-06 -1.677576e-08 3.665076e-06 4.000565e-06 6.636810e+01 -1.794006e+02 6.153753e+01 
5.017407e+05 4.171148e+06 1.616912e+03 -1.607731e-06 -2.010446e-08 3.665712e-06 4.002830e-06 6.631676e+01 -1.792836e+02 6.232824e+01 
5.017419e+05 4.171149e+06 1.616912e+03 -1.617752e-06 -2.518799e-08 3.667026e-06 4.008096e-06 6.619219e+01 -1.791080e+02 6.365586e+01 
5.017440e+05 4.171149e+06 1.616912e+03 -1.621004e-06 -3.477330e-08 3.669667e-06 4.011897e-06 6.616262e+01 -1.787711e+02 6.578729e+01 
