# 1    , 2      , 3      , 4      , 5      , 6      , 7       
# dmeas, Bx_siB0, By_siB0, Bz_siB0, In_siB0, Ic_siB0, Dc_siB0 
0.000000e+00 2.584619e-05 -1.671532e-06 3.380506e-05 4.258640e-05 5.254200e+01 -3.700296e+00 
1.313858e+00 2.630146e-05 -1.299840e-06 3.341111e-05 4.254126e-05 5.175597e+01 -2.829303e+00 
3.704210e+00 2.669861e-05 -1.018743e-06 3.334493e-05 4.272865e-05 5.129611e+01 -2.185184e+00 
3.704210e+00 2.669861e-05 -1.018743e-06 3.334493e-05 4.272865e-05 5.129611e+01 -2.185184e+00 
5.176935e+00 2.696175e-05 -1.011162e-06 3.303275e-05 4.265115e-05 5.075852e+01 -2.147790e+00 
7.529181e+00 2.702950e-05 -8.143381e-07 3.217419e-05 4.202899e-05 4.995363e+01 -1.725671e+00 
9.022361e+00 2.747276e-05 -5.046892e-07 3.158526e-05 4.186450e-05 4.897858e+01 -1.052436e+00 
1.058217e+01 2.775350e-05 -3.710209e-09 3.092741e-05 4.155432e-05 4.809597e+01 -7.659548e-03 
1.241860e+01 2.808513e-05 1.351878e-06 3.022952e-05 4.128469e-05 4.707292e+01 2.755805e+00 
1.455690e+01 2.940880e-05 2.303603e-06 3.030379e-05 4.229071e-05 4.577112e+01 4.478855e+00 
1.697472e+01 3.233029e-05 2.370519e-06 3.240752e-05 4.583791e-05 4.499155e+01 4.193533e+00 
2.015689e+01 3.206369e-05 2.452386e-06 3.251820e-05 4.573322e-05 4.531968e+01 4.373743e+00 
2.247984e+01 3.182282e-05 2.328711e-06 3.453880e-05 4.702174e-05 4.726738e+01 4.185296e+00 
2.441537e+01 3.162615e-05 3.212068e-07 3.688859e-05 4.859100e-05 4.939066e+01 5.818969e-01 
2.656648e+01 3.049885e-05 -1.463933e-06 3.639418e-05 4.750641e-05 5.000405e+01 -2.748065e+00 
2.729138e+01 2.996367e-05 -1.349792e-06 3.591985e-05 4.679614e-05 5.013719e+01 -2.579295e+00 
2.891230e+01 2.890220e-05 -9.463912e-07 3.521020e-05 4.556304e-05 5.060417e+01 -1.875458e+00 
3.129915e+01 2.828693e-05 -8.170973e-08 3.493479e-05 4.495105e-05 5.100256e+01 -1.655043e-01 
3.215546e+01 2.810589e-05 -1.936572e-08 3.501474e-05 4.489959e-05 5.124643e+01 -3.947834e-02 
3.362494e+01 2.808393e-05 1.105796e-07 3.489893e-05 4.479570e-05 5.117539e+01 2.255992e-01 
3.563105e+01 2.838450e-05 2.966543e-07 3.485346e-05 4.495032e-05 5.083925e+01 5.987923e-01 
3.741758e+01 2.856833e-05 3.238138e-07 3.495859e-05 4.514817e-05 5.074234e+01 6.494034e-01 
3.854291e+01 2.870465e-05 4.476071e-07 3.481561e-05 4.512520e-05 5.049181e+01 8.933718e-01 
3.968929e+01 2.905266e-05 2.195868e-07 3.493138e-05 4.543464e-05 5.024867e+01 4.330467e-01 
4.223027e+01 2.894563e-05 3.605939e-08 3.449841e-05 4.503322e-05 5.000190e+01 7.137693e-02 
4.629250e+01 2.861610e-05 5.762413e-07 3.453505e-05 4.485402e-05 5.034880e+01 1.153607e+00 
4.837712e+01 2.853832e-05 8.679407e-07 3.469308e-05 4.493104e-05 5.054649e+01 1.742009e+00 
5.050461e+01 2.833917e-05 1.185055e-06 3.388519e-05 4.418958e-05 5.006865e+01 2.394533e+00 
5.177443e+01 2.840565e-05 2.138848e-06 3.357713e-05 4.403270e-05 4.968950e+01 4.306051e+00 
5.275139e+01 2.887119e-05 2.793311e-06 3.370585e-05 4.446833e-05 4.928594e+01 5.526213e+00 
5.418483e+01 2.982667e-05 3.403866e-06 3.439439e-05 4.565294e-05 4.888475e+01 6.510517e+00 
5.606084e+01 3.138582e-05 3.249948e-06 3.574759e-05 4.768146e-05 4.856584e+01 5.911810e+00 
5.748271e+01 3.130240e-05 2.530609e-06 3.744533e-05 4.887123e-05 5.001423e+01 4.621964e+00 
5.867883e+01 3.104869e-05 1.993693e-06 3.856608e-05 4.955137e-05 5.110564e+01 3.674022e+00 
6.056182e+01 2.966503e-05 8.297601e-07 4.023869e-05 4.999855e-05 5.359067e+01 1.602202e+00 
6.153753e+01 2.826979e-05 1.237015e-07 3.997716e-05 4.896294e-05 5.473376e+01 2.507104e-01 
6.232824e+01 2.776816e-05 -7.623206e-08 3.948064e-05 4.826797e-05 5.487980e+01 -1.572940e-01 
6.365586e+01 2.720460e-05 -1.939586e-07 3.871431e-05 4.731729e-05 5.490354e+01 -4.084905e-01 
6.578729e+01 2.693599e-05 7.830616e-08 3.791968e-05 4.651296e-05 5.461205e+01 1.665652e-01 
