# 1, 2, 3, 4   , 5   , 6   , 7   , 8   , 9   , 10  
# x, y, z, Bx_si, By_si, Bz_si, In_si, Ic_si, Dc_si, dmeas 
5.053600e+05 4.183132e+06 1.545501e+03 -2.256103e-07 3.503672e-08 1.078634e-06 1.102533e-06 7.804860e+01 1.711726e+02 0.000000e+00 
5.053607e+05 4.183134e+06 1.545501e+03 -2.235965e-07 3.320126e-08 1.068728e-06 1.092372e-06 7.805731e+01 1.715540e+02 2.157064e+00 
5.053605e+05 4.183136e+06 1.545501e+03 -2.216926e-07 3.362282e-08 1.060946e-06 1.084382e-06 7.806633e+01 1.713760e+02 4.009790e+00 
5.053603e+05 4.183139e+06 1.545501e+03 -2.192325e-07 3.364840e-08 1.050972e-06 1.074121e-06 7.808303e+01 1.712742e+02 6.432482e+00 
5.053594e+05 4.183143e+06 1.545501e+03 -2.151090e-07 3.515647e-08 1.036003e-06 1.058683e-06 7.811891e+01 1.707179e+02 1.060382e+01 
5.053599e+05 4.183145e+06 1.545501e+03 -2.131059e-07 3.387555e-08 1.027831e-06 1.050237e-06 7.814358e+01 1.709678e+02 1.279858e+01 
5.053622e+05 4.183147e+06 1.545501e+03 -2.116812e-07 2.879732e-08 1.019798e-06 1.041934e-06 7.816856e+01 1.722530e+02 1.570972e+01 
5.053634e+05 4.183149e+06 1.545501e+03 -2.092572e-07 2.604186e-08 1.009839e-06 1.031621e-06 7.820516e+01 1.729061e+02 1.871373e+01 
5.053652e+05 4.183154e+06 1.545501e+03 -2.052300e-07 2.195302e-08 9.942307e-07 1.015429e-06 7.827207e+01 1.738944e+02 2.378995e+01 
5.053655e+05 4.183155e+06 1.545501e+03 -2.044024e-07 2.133320e-08 9.912109e-07 1.012292e-06 7.828655e+01 1.740417e+02 2.482539e+01 
5.053652e+05 4.183156e+06 1.545501e+03 -2.037016e-07 2.191008e-08 9.891335e-07 1.010128e-06 7.829795e+01 1.738609e+02 2.569447e+01 
5.053662e+05 4.183159e+06 1.545501e+03 -2.010394e-07 1.966766e-08 9.795212e-07 1.000133e-06 7.834768e+01 1.744125e+02 2.920594e+01 
5.053677e+05 4.183162e+06 1.545501e+03 -1.988542e-07 1.656459e-08 9.713679e-07 9.916516e-07 7.839153e+01 1.752382e+02 3.250502e+01 
5.053688e+05 4.183164e+06 1.545501e+03 -1.977338e-07 1.444295e-08 9.671245e-07 9.872371e-07 7.841487e+01 1.758224e+02 3.440177e+01 
5.053695e+05 4.183165e+06 1.545501e+03 -1.967175e-07 1.302748e-08 9.634988e-07 9.834620e-07 7.843592e+01 1.762112e+02 3.600708e+01 
5.053702e+05 4.183167e+06 1.545501e+03 -1.954021e-07 1.151021e-08 9.589554e-07 9.787287e-07 7.846334e+01 1.766289e+02 3.806029e+01 
5.053715e+05 4.183169e+06 1.545501e+03 -1.943247e-07 9.096894e-09 9.550351e-07 9.746471e-07 7.848655e+01 1.773198e+02 4.012339e+01 
5.053725e+05 4.183170e+06 1.545501e+03 -1.932663e-07 7.126097e-09 9.513646e-07 9.708230e-07 7.850924e+01 1.778884e+02 4.206202e+01 
5.053731e+05 4.183172e+06 1.545501e+03 -1.921164e-07 6.024402e-09 9.475971e-07 9.668947e-07 7.853368e+01 1.782039e+02 4.396952e+01 
5.053732e+05 4.183175e+06 1.545501e+03 -1.907278e-07 5.657237e-09 9.431909e-07 9.622984e-07 7.856317e+01 1.783010e+02 4.625121e+01 
5.053734e+05 4.183177e+06 1.545501e+03 -1.891817e-07 5.352857e-09 9.382866e-07 9.571835e-07 7.859615e+01 1.783793e+02 4.892883e+01 
5.053739e+05 4.183179e+06 1.545501e+03 -1.881547e-07 4.445574e-09 9.349331e-07 9.536885e-07 7.861816e+01 1.786465e+02 5.087570e+01 
5.053738e+05 4.183181e+06 1.545501e+03 -1.870307e-07 4.510539e-09 9.313551e-07 9.499596e-07 7.864192e+01 1.786185e+02 5.302838e+01 
5.053744e+05 4.183183e+06 1.545501e+03 -1.861802e-07 3.340133e-09 9.285068e-07 9.469947e-07 7.865988e+01 1.789722e+02 5.487540e+01 
5.053749e+05 4.183185e+06 1.545501e+03 -1.851232e-07 2.429783e-09 9.249945e-07 9.433405e-07 7.868172e+01 1.792480e+02 5.719304e+01 
5.053746e+05 4.183188e+06 1.545501e+03 -1.840941e-07 2.953569e-09 9.216092e-07 9.398206e-07 7.870227e+01 1.790808e+02 5.955443e+01 
5.053744e+05 4.183189e+06 1.545501e+03 -1.834518e-07 3.277767e-09 9.194591e-07 9.375876e-07 7.871468e+01 1.789764e+02 6.111958e+01 
5.053745e+05 4.183191e+06 1.545501e+03 -1.826475e-07 3.180813e-09 9.166682e-07 9.346929e-07 7.872964e+01 1.790023e+02 6.319502e+01 
5.053749e+05 4.183193e+06 1.545501e+03 -1.821776e-07 2.454288e-09 9.149503e-07 9.329141e-07 7.873800e+01 1.792282e+02 6.455714e+01 
5.053752e+05 4.183194e+06 1.545501e+03 -1.817132e-07 1.945866e-09 9.132417e-07 9.311465e-07 7.874586e+01 1.793865e+02 6.593101e+01 
5.053762e+05 4.183195e+06 1.545501e+03 -1.813174e-07 2.386655e-10 9.117278e-07 9.295825e-07 7.875220e+01 1.799246e+02 6.749700e+01 
5.053759e+05 4.183197e+06 1.545501e+03 -1.807667e-07 6.878911e-10 9.096359e-07 9.274236e-07 7.876029e+01 1.797820e+02 6.929172e+01 
5.053759e+05 4.183198e+06 1.545501e+03 -1.802954e-07 7.007498e-10 9.077710e-07 9.255026e-07 7.876640e+01 1.797773e+02 7.093375e+01 
5.053764e+05 4.183200e+06 1.545501e+03 -1.798640e-07 -5.568730e-11 9.059819e-07 9.236635e-07 7.877111e+01 -1.799823e+02 7.262516e+01 
5.053772e+05 4.183202e+06 1.545501e+03 -1.793539e-07 -1.550457e-09 9.037867e-07 9.214123e-07 7.877523e+01 -1.795047e+02 7.492696e+01 
5.053775e+05 4.183204e+06 1.545501e+03 -1.788823e-07 -1.929426e-09 9.015724e-07 9.191493e-07 7.877697e+01 -1.793820e+02 7.718037e+01 
5.053783e+05 4.183207e+06 1.545501e+03 -1.784889e-07 -3.330778e-09 8.996316e-07 9.171730e-07 7.877621e+01 -1.789309e+02 7.948909e+01 
5.053792e+05 4.183208e+06 1.545501e+03 -1.782813e-07 -4.785768e-09 8.986356e-07 9.161621e-07 7.877480e+01 -1.784623e+02 8.102207e+01 
5.053796e+05 4.183210e+06 1.545501e+03 -1.779829e-07 -5.262423e-09 8.967884e-07 9.142948e-07 7.876977e+01 -1.783064e+02 8.324161e+01 
5.053800e+05 4.183212e+06 1.545501e+03 -1.777989e-07 -6.000165e-09 8.955378e-07 9.130369e-07 7.876437e+01 -1.780672e+02 8.494116e+01 
5.053812e+05 4.183213e+06 1.545501e+03 -1.776323e-07 -7.822405e-09 8.945272e-07 9.120271e-07 7.875789e+01 -1.774785e+02 8.694708e+01 
5.053813e+05 4.183215e+06 1.545501e+03 -1.775054e-07 -7.973869e-09 8.929808e-07 9.104870e-07 7.874633e+01 -1.774279e+02 8.905913e+01 
5.053809e+05 4.183218e+06 1.545501e+03 -1.774536e-07 -7.309348e-09 8.913493e-07 9.088711e-07 7.873123e+01 -1.776413e+02 9.124541e+01 
5.053820e+05 4.183220e+06 1.545501e+03 -1.774222e-07 -8.953233e-09 8.903666e-07 9.079160e-07 7.871639e+01 -1.771111e+02 9.347366e+01 
5.053823e+05 4.183222e+06 1.545501e+03 -1.774761e-07 -9.296522e-09 8.890957e-07 9.066837e-07 7.869625e+01 -1.770015e+02 9.565355e+01 
5.053829e+05 4.183223e+06 1.545501e+03 -1.775062e-07 -1.017299e-08 8.887163e-07 9.063270e-07 7.868670e+01 -1.767199e+02 9.679860e+01 
5.053828e+05 4.183225e+06 1.545501e+03 -1.776536e-07 -9.987851e-09 8.875478e-07 9.052081e-07 7.866371e+01 -1.767822e+02 9.879789e+01 
5.053840e+05 4.183226e+06 1.545501e+03 -1.777606e-07 -1.174545e-08 8.871871e-07 9.048965e-07 7.864593e+01 -1.762197e+02 1.007518e+02 
5.053867e+05 4.183227e+06 1.545501e+03 -1.776797e-07 -1.603685e-08 8.883776e-07 9.061137e-07 7.864503e+01 -1.748426e+02 1.035650e+02 
5.053884e+05 4.183228e+06 1.545501e+03 -1.777200e-07 -1.866472e-08 8.889166e-07 9.067004e-07 7.863343e+01 -1.740046e+02 1.056521e+02 
5.053895e+05 4.183229e+06 1.545501e+03 -1.778307e-07 -2.021466e-08 8.890706e-07 9.069062e-07 7.861809e+01 -1.735148e+02 1.073063e+02 
5.053907e+05 4.183230e+06 1.545501e+03 -1.778044e-07 -2.213791e-08 8.898685e-07 9.077282e-07 7.861557e+01 -1.729028e+02 1.086161e+02 
5.053924e+05 4.183231e+06 1.545501e+03 -1.778485e-07 -2.469196e-08 8.908616e-07 9.087762e-07 7.860463e+01 -1.720958e+02 1.106090e+02 
5.053927e+05 4.183232e+06 1.545501e+03 -1.780158e-07 -2.511647e-08 8.907087e-07 9.086707e-07 7.858884e+01 -1.719691e+02 1.117330e+02 
5.053928e+05 4.183234e+06 1.545501e+03 -1.783415e-07 -2.510372e-08 8.901188e-07 9.081561e-07 7.856164e+01 -1.719876e+02 1.133783e+02 
5.053956e+05 4.183235e+06 1.545501e+03 -1.783165e-07 -2.956616e-08 8.927030e-07 9.108181e-07 7.855372e+01 -1.705856e+02 1.164429e+02 
5.053947e+05 4.183236e+06 1.545501e+03 -1.788027e-07 -2.793704e-08 8.911039e-07 9.092948e-07 7.852007e+01 -1.711196e+02 1.182755e+02 
5.053957e+05 4.183238e+06 1.545501e+03 -1.790806e-07 -2.945765e-08 8.917912e-07 9.100709e-07 7.849690e+01 -1.706589e+02 1.200628e+02 
5.053971e+05 4.183239e+06 1.545501e+03 -1.792265e-07 -3.151594e-08 8.930821e-07 9.114335e-07 7.848295e+01 -1.700268e+02 1.217589e+02 
5.053976e+05 4.183241e+06 1.545501e+03 -1.797238e-07 -3.211837e-08 8.931853e-07 9.116536e-07 7.844762e+01 -1.698677e+02 1.236359e+02 
5.053998e+05 4.183241e+06 1.545501e+03 -1.795334e-07 -3.581181e-08 8.961743e-07 9.146819e-07 7.845448e+01 -1.687192e+02 1.259096e+02 
5.054001e+05 4.183243e+06 1.545501e+03 -1.801009e-07 -3.601226e-08 8.960906e-07 9.147194e-07 7.841687e+01 -1.686925e+02 1.277039e+02 
5.054007e+05 4.183245e+06 1.545501e+03 -1.809815e-07 -3.659678e-08 8.963360e-07 9.151567e-07 7.835994e+01 -1.685682e+02 1.303288e+02 
5.054011e+05 4.183247e+06 1.545501e+03 -1.815289e-07 -3.720306e-08 8.967817e-07 9.157261e-07 7.832528e+01 -1.684180e+02 1.319264e+02 
5.054014e+05 4.183249e+06 1.545501e+03 -1.823016e-07 -3.728545e-08 8.967895e-07 9.158906e-07 7.827799e+01 -1.684409e+02 1.337913e+02 
5.054015e+05 4.183250e+06 1.545501e+03 -1.829545e-07 -3.726120e-08 8.967548e-07 9.159858e-07 7.823867e+01 -1.684884e+02 1.352497e+02 
5.054019e+05 4.183252e+06 1.545501e+03 -1.836792e-07 -3.777676e-08 8.972722e-07 9.166583e-07 7.819549e+01 -1.683782e+02 1.369434e+02 
5.054018e+05 4.183253e+06 1.545501e+03 -1.845387e-07 -3.735240e-08 8.969455e-07 9.164939e-07 7.814497e+01 -1.685574e+02 1.385889e+02 
5.054013e+05 4.183255e+06 1.545501e+03 -1.854804e-07 -3.627423e-08 8.960339e-07 9.157486e-07 7.808958e+01 -1.689344e+02 1.402659e+02 
5.054023e+05 4.183257e+06 1.545501e+03 -1.865232e-07 -3.760753e-08 8.975321e-07 9.174798e-07 7.803052e+01 -1.686006e+02 1.425849e+02 
5.054023e+05 4.183259e+06 1.545501e+03 -1.874900e-07 -3.729960e-08 8.974468e-07 9.175808e-07 7.797520e+01 -1.687484e+02 1.441713e+02 
5.054034e+05 4.183260e+06 1.545501e+03 -1.881878e-07 -3.890619e-08 8.992907e-07 9.195935e-07 7.793800e+01 -1.683192e+02 1.459531e+02 
5.054041e+05 4.183261e+06 1.545501e+03 -1.885584e-07 -3.990223e-08 9.004621e-07 9.208575e-07 7.791875e+01 -1.680515e+02 1.469585e+02 
5.054049e+05 4.183262e+06 1.545501e+03 -1.894841e-07 -4.091898e-08 9.018818e-07 9.224800e-07 7.786932e+01 -1.678141e+02 1.487142e+02 
5.054068e+05 4.183263e+06 1.545501e+03 -1.897645e-07 -4.410787e-08 9.056066e-07 9.263257e-07 7.785900e+01 -1.669148e+02 1.508990e+02 
5.054097e+05 4.183266e+06 1.545501e+03 -1.910257e-07 -4.867501e-08 9.116771e-07 9.327460e-07 7.779892e+01 -1.657047e+02 1.547376e+02 
5.054110e+05 4.183267e+06 1.545501e+03 -1.915189e-07 -5.069495e-08 9.144770e-07 9.356910e-07 7.777619e+01 -1.651739e+02 1.563237e+02 
5.054118e+05 4.183268e+06 1.545501e+03 -1.924993e-07 -5.193410e-08 9.165984e-07 9.380329e-07 7.772798e+01 -1.649017e+02 1.580484e+02 
5.054119e+05 4.183270e+06 1.545501e+03 -1.938326e-07 -5.168644e-08 9.170072e-07 9.386931e-07 7.766031e+01 -1.650692e+02 1.597138e+02 
5.054125e+05 4.183272e+06 1.545501e+03 -1.950984e-07 -5.242458e-08 9.187082e-07 9.406575e-07 7.759833e+01 -1.649594e+02 1.614858e+02 
5.054120e+05 4.183274e+06 1.545501e+03 -1.971736e-07 -5.101341e-08 9.180280e-07 9.403485e-07 7.749144e+01 -1.654943e+02 1.637563e+02 
5.054100e+05 4.183275e+06 1.545501e+03 -1.986256e-07 -4.715440e-08 9.137512e-07 9.362782e-07 7.740606e+01 -1.666450e+02 1.660495e+02 
5.054102e+05 4.183277e+06 1.545501e+03 -2.005507e-07 -4.716200e-08 9.148640e-07 9.377745e-07 7.730906e+01 -1.667666e+02 1.681422e+02 
5.054102e+05 4.183277e+06 1.545501e+03 -2.005176e-07 -4.709538e-08 9.147566e-07 9.376593e-07 7.731045e+01 -1.667826e+02 1.682044e+02 
5.054098e+05 4.183278e+06 1.545501e+03 -2.019492e-07 -4.613307e-08 9.143151e-07 9.374881e-07 7.723432e+01 -1.671322e+02 1.696096e+02 
5.054083e+05 4.183281e+06 1.545501e+03 -2.056155e-07 -4.294212e-08 9.122424e-07 9.361132e-07 7.703316e+01 -1.682035e+02 1.731167e+02 
5.054108e+05 4.183283e+06 1.545501e+03 -2.069062e-07 -4.665788e-08 9.180053e-07 9.421894e-07 7.699031e+01 -1.672922e+02 1.760754e+02 
5.054117e+05 4.183284e+06 1.545501e+03 -2.076448e-07 -4.807955e-08 9.204405e-07 9.447956e-07 7.696230e+01 -1.669631e+02 1.773472e+02 
5.054096e+05 4.183285e+06 1.545501e+03 -2.092851e-07 -4.423860e-08 9.161578e-07 9.407988e-07 7.685771e+01 -1.680645e+02 1.796748e+02 
5.054101e+05 4.183287e+06 1.545501e+03 -2.111970e-07 -4.470944e-08 9.179847e-07 9.430266e-07 7.676651e+01 -1.680472e+02 1.814633e+02 
5.054103e+05 4.183288e+06 1.545501e+03 -2.130307e-07 -4.452997e-08 9.188854e-07 9.443068e-07 7.667522e+01 -1.681934e+02 1.829765e+02 
5.054108e+05 4.183290e+06 1.545501e+03 -2.149601e-07 -4.511970e-08 9.209449e-07 9.467752e-07 7.658562e+01 -1.681458e+02 1.847136e+02 
5.054119e+05 4.183291e+06 1.545501e+03 -2.164088e-07 -4.654693e-08 9.239379e-07 9.500846e-07 7.652696e+01 -1.678613e+02 1.863904e+02 
5.054140e+05 4.183291e+06 1.545501e+03 -2.163510e-07 -5.004157e-08 9.290396e-07 9.552102e-07 7.655715e+01 -1.669766e+02 1.884935e+02 
5.054143e+05 4.183293e+06 1.545501e+03 -2.182240e-07 -5.014870e-08 9.304906e-07 9.570524e-07 7.646967e+01 -1.670579e+02 1.899643e+02 
5.054152e+05 4.183294e+06 1.545501e+03 -2.198145e-07 -5.149367e-08 9.336431e-07 9.605517e-07 7.640618e+01 -1.668157e+02 1.916195e+02 
5.054163e+05 4.183296e+06 1.545501e+03 -2.213316e-07 -5.316012e-08 9.372948e-07 9.645389e-07 7.634973e+01 -1.664943e+02 1.933386e+02 
5.054171e+05 4.183297e+06 1.545501e+03 -2.230130e-07 -5.417359e-08 9.401006e-07 9.677080e-07 7.628121e+01 -1.663464e+02 1.948557e+02 
5.054186e+05 4.183298e+06 1.545501e+03 -2.249013e-07 -5.650397e-08 9.451962e-07 9.732261e-07 7.621554e+01 -1.658970e+02 1.970284e+02 
5.054201e+05 4.183301e+06 1.545501e+03 -2.280142e-07 -5.855316e-08 9.508662e-07 9.795741e-07 7.609451e+01 -1.655979e+02 1.997555e+02 
5.054212e+05 4.183303e+06 1.545501e+03 -2.317947e-07 -5.986967e-08 9.559521e-07 9.854733e-07 7.594043e+01 -1.655177e+02 2.025419e+02 
5.054223e+05 4.183305e+06 1.545501e+03 -2.338167e-07 -6.168731e-08 9.605622e-07 9.905329e-07 7.586967e+01 -1.652206e+02 2.043886e+02 
5.054229e+05 4.183306e+06 1.545501e+03 -2.366047e-07 -6.224451e-08 9.637111e-07 9.942812e-07 7.575538e+01 -1.652609e+02 2.062066e+02 
5.054238e+05 4.183308e+06 1.545501e+03 -2.391728e-07 -6.341834e-08 9.677536e-07 9.988857e-07 7.565772e+01 -1.651494e+02 2.080318e+02 
5.054246e+05 4.183310e+06 1.545501e+03 -2.422245e-07 -6.449412e-08 9.720548e-07 1.003854e-06 7.554017e+01 -1.650905e+02 2.100417e+02 
5.054255e+05 4.183312e+06 1.545501e+03 -2.457897e-07 -6.553919e-08 9.767573e-07 1.009338e-06 7.540267e+01 -1.650696e+02 2.122547e+02 
5.054265e+05 4.183314e+06 1.545501e+03 -2.495618e-07 -6.670193e-08 9.818711e-07 1.015284e-06 7.525999e+01 -1.650360e+02 2.145339e+02 
5.054278e+05 4.183316e+06 1.545501e+03 -2.529255e-07 -6.882647e-08 9.883704e-07 1.022538e-06 7.514669e+01 -1.647772e+02 2.168454e+02 
5.054288e+05 4.183318e+06 1.545501e+03 -2.568242e-07 -7.023333e-08 9.940983e-07 1.029137e-06 7.500610e+01 -1.647054e+02 2.191083e+02 
5.054300e+05 4.183320e+06 1.545501e+03 -2.600482e-07 -7.223189e-08 1.000338e-06 1.036107e-06 7.490098e+01 -1.644767e+02 2.211803e+02 
5.054312e+05 4.183321e+06 1.545501e+03 -2.632499e-07 -7.450218e-08 1.007067e-06 1.043568e-06 7.480131e+01 -1.641980e+02 2.232723e+02 
5.054319e+05 4.183323e+06 1.545501e+03 -2.667984e-07 -7.530933e-08 1.011514e-06 1.048815e-06 7.467341e+01 -1.642372e+02 2.250348e+02 
5.054328e+05 4.183325e+06 1.545501e+03 -2.702624e-07 -7.679660e-08 1.017110e-06 1.055203e-06 7.455797e+01 -1.641372e+02 2.268908e+02 
5.054348e+05 4.183326e+06 1.545501e+03 -2.739463e-07 -8.089409e-08 1.027547e-06 1.066510e-06 7.446498e+01 -1.635486e+02 2.295877e+02 
5.054368e+05 4.183327e+06 1.545501e+03 -2.754312e-07 -8.614120e-08 1.038078e-06 1.077445e-06 7.446398e+01 -1.626329e+02 2.318938e+02 
5.054384e+05 4.183328e+06 1.545501e+03 -2.750329e-07 -9.091279e-08 1.046036e-06 1.085403e-06 7.452148e+01 -1.617086e+02 2.335234e+02 
5.054392e+05 4.183329e+06 1.545501e+03 -2.788962e-07 -9.217153e-08 1.051592e-06 1.091844e-06 7.439380e+01 -1.617120e+02 2.353038e+02 
5.054397e+05 4.183330e+06 1.545501e+03 -2.809324e-07 -9.336122e-08 1.055426e-06 1.096159e-06 7.433157e+01 -1.616170e+02 2.363412e+02 
5.054408e+05 4.183332e+06 1.545501e+03 -2.843595e-07 -9.604040e-08 1.063032e-06 1.104591e-06 7.423332e+01 -1.613380e+02 2.382151e+02 
5.054413e+05 4.183333e+06 1.545501e+03 -2.874011e-07 -9.674483e-08 1.066897e-06 1.109157e-06 7.413310e+01 -1.613958e+02 2.394675e+02 
5.054428e+05 4.183334e+06 1.545501e+03 -2.893265e-07 -1.012244e-07 1.076213e-06 1.119013e-06 7.410220e+01 -1.607170e+02 2.412849e+02 
5.054442e+05 4.183335e+06 1.545501e+03 -2.902963e-07 -1.058921e-07 1.084911e-06 1.128059e-06 7.410188e+01 -1.599594e+02 2.428526e+02 
5.054451e+05 4.183335e+06 1.545501e+03 -2.918033e-07 -1.085974e-07 1.090734e-06 1.134303e-06 7.406831e+01 -1.595868e+02 2.439705e+02 
5.054462e+05 4.183336e+06 1.545501e+03 -2.940387e-07 -1.123398e-07 1.098863e-06 1.143056e-06 7.401569e+01 -1.590902e+02 2.455183e+02 
5.054477e+05 4.183337e+06 1.545501e+03 -2.936165e-07 -1.181514e-07 1.107930e-06 1.152250e-06 7.405720e+01 -1.580801e+02 2.469844e+02 
5.054488e+05 4.183337e+06 1.545501e+03 -2.932316e-07 -1.229282e-07 1.115223e-06 1.159663e-06 7.408686e+01 -1.572557e+02 2.481270e+02 
5.054496e+05 4.183337e+06 1.545501e+03 -2.941607e-07 -1.262621e-07 1.121305e-06 1.166103e-06 7.406685e+01 -1.567696e+02 2.491184e+02 
5.054507e+05 4.183338e+06 1.545501e+03 -2.952763e-07 -1.306495e-07 1.129134e-06 1.174394e-06 7.404150e+01 -1.561323e+02 2.503611e+02 
5.054538e+05 4.183339e+06 1.545501e+03 -2.950282e-07 -1.456992e-07 1.151731e-06 1.197813e-06 7.405563e+01 -1.537176e+02 2.535700e+02 
5.054561e+05 4.183338e+06 1.545501e+03 -2.907942e-07 -1.594013e-07 1.167908e-06 1.214076e-06 7.414857e+01 -1.512703e+02 2.559534e+02 
5.054583e+05 4.183340e+06 1.545501e+03 -2.929628e-07 -1.722036e-07 1.187791e-06 1.235447e-06 7.403425e+01 -1.495530e+02 2.586392e+02 
5.054332e+05 4.183356e+06 1.545501e+03 -3.849676e-07 -5.563803e-08 1.068203e-06 1.136817e-06 6.999179e+01 -1.717762e+02 2.888399e+02 
5.054311e+05 4.183353e+06 1.545501e+03 -3.683893e-07 -5.401242e-08 1.052159e-06 1.116094e-06 7.051263e+01 -1.716589e+02 2.931717e+02 
5.054309e+05 4.183351e+06 1.545501e+03 -3.604140e-07 -5.492609e-08 1.047980e-06 1.109584e-06 7.081804e+01 -1.713350e+02 2.949700e+02 
5.054304e+05 4.183348e+06 1.545501e+03 -3.477253e-07 -5.593557e-08 1.040279e-06 1.098282e-06 7.129603e+01 -1.708616e+02 2.980614e+02 
5.054304e+05 4.183346e+06 1.545501e+03 -3.402240e-07 -5.731891e-08 1.037267e-06 1.093143e-06 7.160170e+01 -1.704370e+02 2.998929e+02 
5.054298e+05 4.183344e+06 1.545501e+03 -3.337462e-07 -5.727237e-08 1.032095e-06 1.086226e-06 7.183562e+01 -1.702626e+02 3.017394e+02 
5.054291e+05 4.183342e+06 1.545501e+03 -3.274991e-07 -5.697270e-08 1.026581e-06 1.079060e-06 7.205750e+01 -1.701314e+02 3.036463e+02 
5.054297e+05 4.183340e+06 1.545501e+03 -3.196650e-07 -5.963399e-08 1.025681e-06 1.075994e-06 7.240941e+01 -1.694329e+02 3.057892e+02 
5.054293e+05 4.183339e+06 1.545501e+03 -3.140292e-07 -5.979599e-08 1.021507e-06 1.070358e-06 7.262296e+01 -1.692191e+02 3.075387e+02 
5.054293e+05 4.183337e+06 1.545501e+03 -3.094904e-07 -6.058458e-08 1.019416e-06 1.067082e-06 7.281012e+01 -1.689241e+02 3.088919e+02 
5.054297e+05 4.183336e+06 1.545501e+03 -3.059062e-07 -6.205680e-08 1.019384e-06 1.066102e-06 7.297531e+01 -1.685325e+02 3.099811e+02 
5.054315e+05 4.183336e+06 1.545501e+03 -3.021709e-07 -6.678029e-08 1.025378e-06 1.071058e-06 7.320602e+01 -1.675378e+02 3.119751e+02 
5.054332e+05 4.183335e+06 1.545501e+03 -2.992563e-07 -7.123887e-08 1.031363e-06 1.076261e-06 7.339203e+01 -1.666098e+02 3.137316e+02 
5.054352e+05 4.183334e+06 1.545501e+03 -2.964598e-07 -7.693109e-08 1.039552e-06 1.083732e-06 7.358366e+01 -1.654527e+02 3.158266e+02 
5.054372e+05 4.183334e+06 1.545501e+03 -2.925101e-07 -8.313517e-08 1.047447e-06 1.090697e-06 7.381094e+01 -1.641342e+02 3.179838e+02 
5.054397e+05 4.183333e+06 1.545501e+03 -2.903235e-07 -9.090724e-08 1.059328e-06 1.102147e-06 7.397672e+01 -1.626134e+02 3.204795e+02 
