# 1, 2, 3, 4   , 5   , 6   , 7   , 8   , 9   , 10  
# x, y, z, Bx_si, By_si, Bz_si, In_si, Ic_si, Dc_si, dmeas 
5.053600e+05 4.183132e+06 1.556266e+03 -9.969859e-07 -1.056800e-06 -3.087938e-07 1.485315e-06 1.199919e+01 -1.366682e+02 0.000000e+00 
5.053607e+05 4.183134e+06 1.555682e+03 -9.692799e-07 -1.007289e-06 -2.013032e-07 1.412323e-06 8.194467e+00 -1.361016e+02 2.157064e+00 
5.053605e+05 4.183136e+06 1.555524e+03 -8.905182e-07 -1.043646e-06 -2.319007e-07 1.391401e-06 9.594088e+00 -1.395267e+02 4.009790e+00 
5.053603e+05 4.183139e+06 1.555228e+03 -7.950812e-07 -1.089774e-06 -3.399776e-07 1.391167e-06 1.414537e+01 -1.438861e+02 6.432482e+00 
5.053594e+05 4.183143e+06 1.554987e+03 -3.927502e-07 -1.868873e-06 -3.048690e-07 1.933878e-06 9.070313e+00 -1.681318e+02 1.060382e+01 
5.053599e+05 4.183145e+06 1.553799e+03 3.942510e-08 -2.050722e-06 9.574197e-07 2.263552e-06 -2.502238e+01 1.788986e+02 1.279858e+01 
5.053622e+05 4.183147e+06 1.552447e+03 1.330964e-07 -1.476541e-06 9.105987e-07 1.739850e-06 -3.155910e+01 1.748492e+02 1.570972e+01 
5.053634e+05 4.183149e+06 1.551012e+03 6.069874e-08 -1.056525e-06 9.734238e-07 1.437875e-06 -4.260872e+01 1.767119e+02 1.871373e+01 
5.053652e+05 4.183154e+06 1.548554e+03 6.429241e-08 -5.259429e-07 1.132612e-06 1.250424e-06 -6.492889e+01 1.730306e+02 2.378995e+01 
5.053655e+05 4.183155e+06 1.548130e+03 7.811323e-08 -4.828516e-07 1.181783e-06 1.279007e-06 -6.751579e+01 1.708106e+02 2.482539e+01 
5.053652e+05 4.183156e+06 1.547834e+03 8.735173e-08 -4.053509e-07 1.279662e-06 1.345167e-06 -7.204583e+01 1.678389e+02 2.569447e+01 
5.053662e+05 4.183159e+06 1.546610e+03 7.318885e-08 3.208824e-08 1.117234e-06 1.120088e-06 -8.590868e+01 6.632588e+01 2.920594e+01 
5.053677e+05 4.183162e+06 1.545895e+03 -5.300646e-08 -1.361044e-08 9.574473e-07 9.590100e-07 -8.672864e+01 -1.044007e+02 3.250502e+01 
5.053688e+05 4.183164e+06 1.545507e+03 -1.821881e-07 2.565706e-08 9.304651e-07 9.484809e-07 -7.881488e+01 -8.198391e+01 3.440177e+01 
5.053695e+05 4.183165e+06 1.545133e+03 -2.365373e-07 5.696601e-08 9.864256e-07 1.015987e-06 -7.614464e+01 -7.645914e+01 3.600708e+01 
5.053702e+05 4.183167e+06 1.544676e+03 -2.398806e-07 1.925485e-07 1.083737e-06 1.126545e-06 -7.415433e+01 -5.124651e+01 3.806029e+01 
5.053715e+05 4.183169e+06 1.544287e+03 -2.754880e-07 3.621654e-07 1.009392e-06 1.107217e-06 -6.573407e+01 -3.725913e+01 4.012339e+01 
5.053725e+05 4.183170e+06 1.544040e+03 -3.569481e-07 3.021613e-07 9.435649e-07 1.053104e-06 -6.363517e+01 -4.975164e+01 4.206202e+01 
5.053731e+05 4.183172e+06 1.543803e+03 -3.855340e-07 3.127053e-07 1.018548e-06 1.133076e-06 -6.401686e+01 -5.095461e+01 4.396952e+01 
5.053732e+05 4.183175e+06 1.543597e+03 -4.673267e-07 3.330638e-07 1.048561e-06 1.195326e-06 -6.130845e+01 -5.452253e+01 4.625121e+01 
5.053734e+05 4.183177e+06 1.543383e+03 -4.678351e-07 4.738904e-07 1.250553e-06 1.416801e-06 -6.196488e+01 -4.463159e+01 4.892883e+01 
5.053739e+05 4.183179e+06 1.543261e+03 -3.758677e-07 7.749646e-07 1.136074e-06 1.425662e-06 -5.283271e+01 -2.587398e+01 5.087570e+01 
5.053738e+05 4.183181e+06 1.543507e+03 -4.020190e-07 8.019215e-07 8.068651e-07 1.206536e-06 -4.197030e+01 -2.662551e+01 5.302838e+01 
5.053744e+05 4.183183e+06 1.543641e+03 -2.493411e-07 1.034749e-06 6.391502e-07 1.241527e-06 -3.098473e+01 -1.354814e+01 5.487540e+01 
5.053749e+05 4.183185e+06 1.544288e+03 -1.498151e-07 1.208117e-06 -2.575414e-07 1.244315e-06 1.194511e+01 -7.068996e+00 5.719304e+01 
5.053746e+05 4.183188e+06 1.545109e+03 -3.178736e-08 4.089359e-07 -1.015350e-06 1.095068e-06 6.800284e+01 -4.444771e+00 5.955443e+01 
5.053744e+05 4.183189e+06 1.545241e+03 -1.545247e-08 -5.297655e-07 -6.294697e-07 8.228745e-07 4.990383e+01 -1.783292e+02 6.111958e+01 
5.053745e+05 4.183191e+06 1.544877e+03 -8.088593e-08 -6.723374e-07 -2.761866e-08 6.777484e-07 2.335485e+00 -1.731400e+02 6.319502e+01 
5.053749e+05 4.183193e+06 1.544620e+03 -1.640118e-07 -7.213488e-07 2.255114e-07 7.733688e-07 -1.695354e+01 -1.671905e+02 6.455714e+01 
5.053752e+05 4.183194e+06 1.544292e+03 -1.603574e-07 -7.426970e-07 5.839796e-07 9.583035e-07 -3.754534e+01 -1.678162e+02 6.593101e+01 
5.053762e+05 4.183195e+06 1.543874e+03 -8.885464e-08 -5.891843e-07 8.932004e-07 1.073704e-06 -5.629307e+01 -1.714239e+02 6.749700e+01 
5.053759e+05 4.183197e+06 1.543386e+03 1.777939e-08 -2.815674e-07 1.215978e-06 1.248278e-06 -7.693749e+01 1.763869e+02 6.929172e+01 
5.053759e+05 4.183198e+06 1.542951e+03 3.832022e-08 2.249902e-07 1.240663e-06 1.261481e-06 -7.957651e+01 9.665834e+00 7.093375e+01 
5.053764e+05 4.183200e+06 1.542931e+03 1.963416e-08 3.218958e-07 8.371069e-07 8.970788e-07 -6.893090e+01 3.490454e+00 7.262516e+01 
5.053772e+05 4.183202e+06 1.542915e+03 -2.330932e-08 2.299196e-07 5.888777e-07 6.326005e-07 -6.857306e+01 -5.788886e+00 7.492696e+01 
5.053775e+05 4.183204e+06 1.542831e+03 -1.032098e-07 1.097199e-07 6.189826e-07 6.370480e-07 -7.632249e+01 -4.324879e+01 7.718037e+01 
5.053783e+05 4.183207e+06 1.542659e+03 -1.916910e-07 1.441976e-07 7.721326e-07 8.085340e-07 -7.274201e+01 -5.304807e+01 7.948909e+01 
5.053792e+05 4.183208e+06 1.542506e+03 -2.333414e-07 2.408750e-07 8.346834e-07 8.995362e-07 -6.811044e+01 -4.408985e+01 8.102207e+01 
5.053796e+05 4.183210e+06 1.542444e+03 -3.111710e-07 4.055659e-07 7.747374e-07 9.281859e-07 -5.658244e+01 -3.749728e+01 8.324161e+01 
5.053800e+05 4.183212e+06 1.542390e+03 -3.942277e-07 4.723830e-07 7.921434e-07 1.003022e-06 -5.216281e+01 -3.984672e+01 8.494116e+01 
5.053812e+05 4.183213e+06 1.542215e+03 -4.882458e-07 6.977705e-07 9.357353e-07 1.265254e-06 -4.769421e+01 -3.498135e+01 8.694708e+01 
5.053813e+05 4.183215e+06 1.542490e+03 -6.356155e-07 8.282938e-07 6.361614e-07 1.222612e-06 -3.135439e+01 -3.750189e+01 8.905913e+01 
5.053809e+05 4.183218e+06 1.542880e+03 -7.482444e-07 8.559437e-07 4.248306e-07 1.213668e-06 -2.048967e+01 -4.115914e+01 9.124541e+01 
5.053820e+05 4.183220e+06 1.543012e+03 -6.974484e-07 9.094169e-07 3.315996e-07 1.193077e-06 -1.613709e+01 -3.748525e+01 9.347366e+01 
5.053823e+05 4.183222e+06 1.543457e+03 -5.838755e-07 6.435684e-07 -7.640624e-08 8.723123e-07 5.025004e+00 -4.221579e+01 9.565355e+01 
5.053829e+05 4.183223e+06 1.543570e+03 -4.501563e-07 3.337359e-07 -1.446397e-07 5.787408e-07 1.447286e+01 -5.344758e+01 9.679860e+01 
5.053828e+05 4.183225e+06 1.543560e+03 5.435790e-08 -1.560941e-07 5.127003e-07 5.386852e-07 -7.213134e+01 1.607999e+02 9.879789e+01 
5.053840e+05 4.183226e+06 1.543365e+03 2.863240e-07 1.514358e-07 6.056589e-07 6.868311e-07 -6.186226e+01 6.212579e+01 1.007518e+02 
5.053867e+05 4.183227e+06 1.543354e+03 2.935199e-07 6.032046e-07 2.511385e-07 7.162962e-07 -2.052445e+01 2.594760e+01 1.035650e+02 
5.053884e+05 4.183228e+06 1.543513e+03 2.194803e-07 9.846676e-07 6.001932e-08 1.010616e-06 -3.404734e+00 1.256569e+01 1.056521e+02 
5.053895e+05 4.183229e+06 1.543841e+03 1.174794e-07 1.244161e-06 -2.133680e-07 1.267779e-06 9.689030e+00 5.394137e+00 1.073063e+02 
5.053907e+05 4.183230e+06 1.543947e+03 -2.725883e-08 1.226696e-06 -3.169827e-07 1.267283e-06 1.448508e+01 -1.272979e+00 1.086161e+02 
5.053924e+05 4.183231e+06 1.544195e+03 -1.858589e-07 1.120199e-06 -4.448685e-07 1.219548e-06 2.139414e+01 -9.420473e+00 1.106090e+02 
5.053927e+05 4.183232e+06 1.544448e+03 -2.579239e-07 1.113376e-06 -4.581249e-07 1.231264e-06 2.184377e+01 -1.304302e+01 1.117330e+02 
5.053928e+05 4.183234e+06 1.544864e+03 -3.964539e-07 1.276191e-06 -6.092480e-07 1.468680e-06 2.450841e+01 -1.725762e+01 1.133783e+02 
5.053956e+05 4.183235e+06 1.545085e+03 -5.436486e-07 8.901800e-07 -8.260592e-07 1.330544e-06 3.837773e+01 -3.141315e+01 1.164429e+02 
5.053947e+05 4.183236e+06 1.545647e+03 -8.088172e-07 8.611099e-07 -1.201730e-06 1.685186e-06 4.548888e+01 -4.320640e+01 1.182755e+02 
5.053957e+05 4.183238e+06 1.545878e+03 -1.039291e-06 1.738256e-07 -1.240177e-06 1.627385e-06 4.964680e+01 -8.050494e+01 1.200628e+02 
5.053971e+05 4.183239e+06 1.545694e+03 -9.387474e-07 -2.711342e-07 -8.274755e-07 1.280420e-06 4.025969e+01 -1.061101e+02 1.217589e+02 
5.053976e+05 4.183241e+06 1.545508e+03 -7.716451e-07 -3.575071e-07 -4.436719e-07 9.592144e-07 2.755092e+01 -1.148585e+02 1.236359e+02 
5.053998e+05 4.183241e+06 1.545113e+03 -7.207316e-07 -3.716763e-07 -3.497267e-07 8.831229e-07 2.332906e+01 -1.172798e+02 1.259096e+02 
5.054001e+05 4.183243e+06 1.545001e+03 -8.067289e-07 -4.294742e-07 -1.829127e-07 9.320497e-07 1.131762e+01 -1.180293e+02 1.277039e+02 
5.054007e+05 4.183245e+06 1.544738e+03 -9.429104e-07 -3.984427e-07 1.096429e-07 1.029494e-06 -6.113692e+00 -1.129073e+02 1.303288e+02 
5.054011e+05 4.183247e+06 1.544486e+03 -1.038415e-06 -4.845313e-07 3.076920e-07 1.186487e-06 -1.503033e+01 -1.150141e+02 1.319264e+02 
5.054014e+05 4.183249e+06 1.544235e+03 -9.284021e-07 -5.758249e-07 5.945868e-07 1.243800e-06 -2.855750e+01 -1.218085e+02 1.337913e+02 
5.054015e+05 4.183250e+06 1.543927e+03 -7.714493e-07 -4.996960e-07 8.685168e-07 1.264576e-06 -4.337772e+01 -1.229326e+02 1.352497e+02 
5.054019e+05 4.183252e+06 1.543481e+03 -5.844644e-07 -3.247205e-07 1.101387e-06 1.288447e-06 -5.873957e+01 -1.190560e+02 1.369434e+02 
5.054018e+05 4.183253e+06 1.543222e+03 -4.683658e-07 -1.663109e-07 1.264214e-06 1.358405e-06 -6.853808e+01 -1.095493e+02 1.385889e+02 
5.054013e+05 4.183255e+06 1.543092e+03 -3.113542e-07 -1.742944e-08 1.357986e-06 1.393331e-06 -7.706708e+01 -9.320404e+01 1.402659e+02 
5.054023e+05 4.183257e+06 1.542552e+03 -3.522076e-08 4.734719e-07 1.604694e-06 1.673458e-06 -7.351812e+01 -4.254300e+00 1.425849e+02 
5.054023e+05 4.183259e+06 1.542437e+03 7.012032e-08 1.184006e-06 1.687859e-06 2.062924e-06 -5.490379e+01 3.389266e+00 1.441713e+02 
5.054034e+05 4.183260e+06 1.542767e+03 1.384949e-07 1.530724e-06 1.150364e-06 1.919800e-06 -3.681336e+01 5.169859e+00 1.459531e+02 
5.054041e+05 4.183261e+06 1.542986e+03 1.235597e-07 1.584481e-06 9.652558e-07 1.859453e-06 -3.127239e+01 4.458967e+00 1.469585e+02 
5.054049e+05 4.183262e+06 1.543562e+03 2.095621e-07 1.772193e-06 8.715110e-07 1.985979e-06 -2.602937e+01 6.743920e+00 1.487142e+02 
5.054068e+05 4.183263e+06 1.544059e+03 1.631942e-07 2.093511e-06 3.930187e-07 2.136325e-06 -1.060106e+01 4.457327e+00 1.508990e+02 
5.054097e+05 4.183266e+06 1.545427e+03 -3.023084e-08 1.732636e-06 -3.958663e-07 1.777541e-06 1.286793e+01 -9.995888e-01 1.547376e+02 
5.054110e+05 4.183267e+06 1.546035e+03 7.365422e-08 1.842857e-06 -8.274217e-07 2.021429e-06 2.416245e+01 2.288745e+00 1.563237e+02 
5.054118e+05 4.183268e+06 1.546950e+03 -1.334405e-07 1.604314e-06 -1.510588e-06 2.207602e-06 4.317795e+01 -4.754692e+00 1.580484e+02 
5.054119e+05 4.183270e+06 1.547545e+03 -6.778608e-07 1.144851e-06 -1.638141e-06 2.110376e-06 5.091687e+01 -3.062958e+01 1.597138e+02 
5.054125e+05 4.183272e+06 1.547979e+03 -1.272613e-06 7.899731e-07 -1.148365e-06 1.887417e-06 3.747621e+01 -5.817010e+01 1.614858e+02 
5.054120e+05 4.183274e+06 1.548948e+03 -1.649710e-06 1.301552e-06 -1.401308e-06 2.525717e-06 3.369804e+01 -5.172806e+01 1.637563e+02 
5.054100e+05 4.183275e+06 1.550463e+03 -1.593174e-06 1.536513e-06 -2.545334e-06 3.373099e-06 4.899025e+01 -4.603719e+01 1.660495e+02 
5.054102e+05 4.183277e+06 1.551664e+03 -1.816936e-06 6.496970e-07 -3.267411e-06 3.794646e-06 5.943560e+01 -7.032405e+01 1.681422e+02 
5.054102e+05 4.183277e+06 1.551653e+03 -1.802778e-06 6.906211e-07 -3.263748e-06 3.791968e-06 5.939533e+01 -6.903880e+01 1.682044e+02 
5.054098e+05 4.183278e+06 1.552655e+03 -1.488972e-06 -9.336874e-07 -3.140287e-06 3.598641e-06 6.076590e+01 -1.220905e+02 1.696096e+02 
5.054083e+05 4.183281e+06 1.551894e+03 -7.371738e-07 -2.245085e-06 -1.564864e-06 2.834190e-06 3.351383e+01 -1.618224e+02 1.731167e+02 
5.054108e+05 4.183283e+06 1.550315e+03 -1.340353e-06 -2.428252e-06 1.270650e-07 2.776527e-06 -2.623001e+00 -1.511021e+02 1.760754e+02 
5.054117e+05 4.183284e+06 1.549118e+03 -9.673424e-07 -2.287037e-06 1.201878e-06 2.758768e-06 -2.582714e+01 -1.570732e+02 1.773472e+02 
5.054096e+05 4.183285e+06 1.549316e+03 -1.009720e-06 -1.870648e-06 1.213136e-06 2.447561e-06 -2.971268e+01 -1.516411e+02 1.796748e+02 
5.054101e+05 4.183287e+06 1.547402e+03 -8.941875e-07 -9.519527e-07 1.861918e-06 2.274318e-06 -5.495196e+01 -1.367922e+02 1.814633e+02 
5.054103e+05 4.183288e+06 1.545898e+03 -9.097181e-07 -5.762335e-08 2.025972e-06 2.221591e-06 -6.577569e+01 -9.362439e+01 1.829765e+02 
5.054108e+05 4.183290e+06 1.544850e+03 -1.051096e-06 1.165496e-07 1.606907e-06 1.923678e-06 -5.665027e+01 -8.367267e+01 1.847136e+02 
5.054119e+05 4.183291e+06 1.543783e+03 -8.490785e-07 2.062106e-07 1.769989e-06 1.973909e-06 -6.372661e+01 -7.634921e+01 1.863904e+02 
5.054140e+05 4.183291e+06 1.542529e+03 -3.904842e-07 4.554728e-07 2.077295e-06 2.162195e-06 -7.389073e+01 -4.060702e+01 1.884935e+02 
5.054143e+05 4.183293e+06 1.541948e+03 -1.394324e-07 7.966053e-07 2.106714e-06 2.256605e-06 -6.899943e+01 -9.928094e+00 1.899643e+02 
5.054152e+05 4.183294e+06 1.541606e+03 -6.225416e-08 1.072987e-06 1.515907e-06 1.858265e-06 -5.466302e+01 -3.320550e+00 1.916195e+02 
5.054163e+05 4.183296e+06 1.541451e+03 -7.152877e-09 1.052995e-06 1.203934e-06 1.599470e-06 -4.882548e+01 -3.891979e-01 1.933386e+02 
5.054171e+05 4.183297e+06 1.541429e+03 6.240864e-08 1.047409e-06 9.942694e-07 1.445522e-06 -4.345838e+01 3.409870e+00 1.948557e+02 
5.054186e+05 4.183298e+06 1.541433e+03 1.901464e-07 1.206377e-06 8.291327e-07 1.476130e-06 -3.417299e+01 8.957143e+00 1.970284e+02 
5.054201e+05 4.183301e+06 1.542100e+03 -1.642663e-08 1.097810e-06 -4.155576e-08 1.098719e-06 2.167559e+00 -8.572584e-01 1.997555e+02 
5.054212e+05 4.183303e+06 1.542595e+03 -3.930293e-07 4.367490e-07 -3.264457e-07 6.721522e-07 2.905653e+01 -4.198396e+01 2.025419e+02 
5.054223e+05 4.183305e+06 1.542510e+03 -4.390765e-07 2.252253e-07 -1.248724e-07 5.090262e-07 1.420053e+01 -6.284434e+01 2.043886e+02 
5.054229e+05 4.183306e+06 1.542486e+03 -4.532510e-07 1.917430e-07 1.932831e-09 4.921438e-07 -2.250224e-01 -6.706973e+01 2.062066e+02 
5.054238e+05 4.183308e+06 1.542419e+03 -4.524515e-07 1.815433e-07 6.184878e-08 4.914221e-07 -7.230235e+00 -6.813718e+01 2.080318e+02 
5.054246e+05 4.183310e+06 1.542389e+03 -4.986868e-07 1.839483e-07 9.065783e-08 5.392072e-07 -9.679211e+00 -6.975273e+01 2.100417e+02 
5.054255e+05 4.183312e+06 1.542302e+03 -5.819487e-07 1.483138e-07 1.461947e-07 6.180891e-07 -1.368165e+01 -7.570214e+01 2.122547e+02 
5.054265e+05 4.183314e+06 1.542153e+03 -5.250293e-07 2.143524e-07 3.144944e-07 6.484670e-07 -2.901125e+01 -6.779140e+01 2.145339e+02 
5.054278e+05 4.183316e+06 1.541989e+03 -3.558117e-07 2.991681e-07 3.858262e-07 6.041237e-07 -3.969155e+01 -4.994273e+01 2.168454e+02 
5.054288e+05 4.183318e+06 1.541925e+03 -9.925259e-08 3.103903e-07 4.940674e-07 5.918579e-07 -5.659228e+01 -1.773256e+01 2.191083e+02 
5.054300e+05 4.183320e+06 1.542058e+03 1.757916e-07 2.919517e-07 4.448174e-07 5.603579e-07 -5.254295e+01 3.105323e+01 2.211803e+02 
5.054312e+05 4.183321e+06 1.542257e+03 2.649104e-07 4.876016e-07 4.803256e-07 7.339247e-07 -4.087885e+01 2.851491e+01 2.232723e+02 
5.054319e+05 4.183323e+06 1.542438e+03 2.437710e-07 1.088697e-06 7.342332e-07 1.335584e-06 -3.334966e+01 1.262097e+01 2.250348e+02 
5.054328e+05 4.183325e+06 1.543451e+03 1.941405e-07 1.949910e-06 -2.241952e-07 1.972335e-06 6.526917e+00 5.685848e+00 2.268908e+02 
5.054348e+05 4.183326e+06 1.544963e+03 -5.620696e-07 1.927079e-06 -1.595537e-06 2.564234e-06 3.847900e+01 -1.626034e+01 2.295877e+02 
5.054368e+05 4.183327e+06 1.545680e+03 -8.853345e-07 1.219943e-06 -2.533331e-06 2.947854e-06 5.924720e+01 -3.596907e+01 2.318938e+02 
5.054384e+05 4.183328e+06 1.545818e+03 -1.229148e-06 6.797341e-07 -2.779744e-06 3.114454e-06 6.319294e+01 -6.105687e+01 2.335234e+02 
5.054392e+05 4.183329e+06 1.546016e+03 -1.549598e-06 -1.453272e-06 -1.953540e-06 2.886100e-06 4.260022e+01 -1.331627e+02 2.353038e+02 
5.054397e+05 4.183330e+06 1.545638e+03 -1.606921e-06 -1.887019e-06 -1.280872e-06 2.789923e-06 2.732947e+01 -1.395834e+02 2.363412e+02 
5.054408e+05 4.183332e+06 1.544869e+03 -1.591466e-06 -2.263923e-06 -3.266617e-07 2.786542e-06 6.732168e+00 -1.448940e+02 2.382151e+02 
5.054413e+05 4.183333e+06 1.544364e+03 -1.437198e-06 -2.457147e-06 3.191577e-07 2.864432e-06 -6.397234e+00 -1.496764e+02 2.394675e+02 
5.054428e+05 4.183334e+06 1.543205e+03 -1.073094e-06 -2.519116e-06 1.323954e-06 3.041436e-06 -2.580475e+01 -1.569270e+02 2.412849e+02 
5.054442e+05 4.183335e+06 1.542146e+03 -7.790756e-07 -2.148490e-06 1.942782e-06 2.999562e-06 -4.036756e+01 -1.600686e+02 2.428526e+02 
5.054451e+05 4.183335e+06 1.541329e+03 -6.280945e-07 -1.798474e-06 2.192201e-06 2.904265e-06 -4.900975e+01 -1.607489e+02 2.439705e+02 
5.054462e+05 4.183336e+06 1.540195e+03 -4.798021e-07 -1.372337e-06 2.399934e-06 2.805922e-06 -5.879400e+01 -1.607291e+02 2.455183e+02 
5.054477e+05 4.183337e+06 1.539574e+03 -4.322906e-07 -1.253055e-06 2.420345e-06 2.759545e-06 -6.129221e+01 -1.609661e+02 2.469844e+02 
5.054488e+05 4.183337e+06 1.539101e+03 -4.103786e-07 -1.149631e-06 2.449144e-06 2.736489e-06 -6.350781e+01 -1.603552e+02 2.481270e+02 
5.054496e+05 4.183337e+06 1.538405e+03 -3.448877e-07 -9.050657e-07 2.537505e-06 2.716068e-06 -6.910843e+01 -1.591400e+02 2.491184e+02 
5.054507e+05 4.183338e+06 1.537565e+03 -2.670193e-07 -6.335294e-07 2.548456e-06 2.639562e-06 -7.490260e+01 -1.571456e+02 2.503611e+02 
5.054538e+05 4.183339e+06 1.536082e+03 -5.068012e-08 -2.884767e-07 2.478973e-06 2.496216e-06 -8.326165e+01 -1.700359e+02 2.535700e+02 
5.054561e+05 4.183338e+06 1.535933e+03 1.555543e-08 -4.670818e-07 2.378564e-06 2.424041e-06 -7.888411e+01 1.780926e+02 2.559534e+02 
5.054583e+05 4.183340e+06 1.535078e+03 -8.420124e-09 -2.846416e-07 2.009385e-06 2.029463e-06 -8.193387e+01 -1.783056e+02 2.586392e+02 
5.054332e+05 4.183356e+06 1.537898e+03 -4.385444e-07 9.969523e-07 1.733817e-06 2.047524e-06 -5.786390e+01 -2.374397e+01 2.888399e+02 
5.054311e+05 4.183353e+06 1.538783e+03 -7.810421e-07 6.358491e-07 2.081680e-06 2.312514e-06 -6.418179e+01 -5.085084e+01 2.931717e+02 
5.054309e+05 4.183351e+06 1.539160e+03 -9.245795e-07 4.395346e-07 2.114453e-06 2.349244e-06 -6.416551e+01 -6.457412e+01 2.949700e+02 
5.054304e+05 4.183348e+06 1.540133e+03 -1.007596e-06 6.962907e-08 2.479538e-06 2.677350e-06 -6.783729e+01 -8.604691e+01 2.980614e+02 
5.054304e+05 4.183346e+06 1.540980e+03 -1.114133e-06 -4.149721e-07 2.305949e-06 2.594397e-06 -6.272520e+01 -1.104284e+02 2.998929e+02 
5.054298e+05 4.183344e+06 1.542138e+03 -1.277715e-06 -7.902417e-07 1.967134e-06 2.475208e-06 -5.263023e+01 -1.217360e+02 3.017394e+02 
5.054291e+05 4.183342e+06 1.543301e+03 -1.349293e-06 -1.064599e-06 1.516700e-06 2.292235e-06 -4.142725e+01 -1.282736e+02 3.036463e+02 
5.054297e+05 4.183340e+06 1.543837e+03 -1.483170e-06 -1.153476e-06 1.473322e-06 2.387672e-06 -3.810130e+01 -1.278726e+02 3.057892e+02 
5.054293e+05 4.183339e+06 1.544754e+03 -1.544471e-06 -1.351435e-06 1.407948e-06 2.488792e-06 -3.445198e+01 -1.311864e+02 3.075387e+02 
5.054293e+05 4.183337e+06 1.545582e+03 -1.550977e-06 -1.820974e-06 1.176519e-06 2.665647e-06 -2.619090e+01 -1.395780e+02 3.088919e+02 
5.054297e+05 4.183336e+06 1.546107e+03 -1.572212e-06 -2.131560e-06 8.630804e-07 2.785732e-06 -1.804849e+01 -1.435880e+02 3.099811e+02 
5.054315e+05 4.183336e+06 1.545924e+03 -1.465332e-06 -2.368491e-06 9.688070e-07 2.948819e-06 -1.918022e+01 -1.482559e+02 3.119751e+02 
5.054332e+05 4.183335e+06 1.545710e+03 -1.380241e-06 -2.609017e-06 1.001186e-06 3.116794e-06 -1.873691e+01 -1.521199e+02 3.137316e+02 
5.054352e+05 4.183334e+06 1.545423e+03 -1.240103e-06 -2.732125e-06 8.715539e-07 3.124415e-06 -1.619752e+01 -1.555868e+02 3.158266e+02 
5.054372e+05 4.183334e+06 1.545492e+03 -1.400464e-06 -2.699971e-06 6.572179e-08 3.042279e-06 -1.237846e+00 -1.525844e+02 3.179838e+02 
5.054397e+05 4.183333e+06 1.544774e+03 -1.411617e-06 -2.607769e-06 3.759080e-07 2.989051e-06 -7.224741e+00 -1.515728e+02 3.204795e+02 
