# 1    , 2      , 3      , 4      , 5      , 6      , 7       
# dmeas, Bx_siB0, By_siB0, Bz_siB0, In_siB0, Ic_siB0, Dc_siB0 
0.000000e+00 2.576730e-05 5.659141e-07 3.665709e-05 4.481090e-05 5.488904e+01 1.258156e+00 
2.157064e+00 2.581681e-05 5.936201e-07 3.654960e-05 4.475191e-05 5.475739e+01 1.317201e+00 
4.009790e+00 2.578045e-05 6.723818e-07 3.658020e-05 4.475707e-05 5.481598e+01 1.493997e+00 
6.432482e+00 2.573433e-05 7.678188e-07 3.668828e-05 4.482047e-05 5.494097e+01 1.708991e+00 
1.060382e+01 2.495523e-05 1.170150e-06 3.665317e-05 4.435750e-05 5.572182e+01 2.684631e+00 
1.279858e+01 2.477338e-05 1.602325e-06 3.539088e-05 4.322964e-05 5.495203e+01 3.700697e+00 
1.570972e+01 2.534756e-05 1.695996e-06 3.543770e-05 4.360282e-05 5.436439e+01 3.827935e+00 
1.871373e+01 2.576757e-05 1.623599e-06 3.537488e-05 4.379482e-05 5.387582e+01 3.605405e+00 
2.378995e+01 2.629816e-05 1.627192e-06 3.521569e-05 4.398165e-05 5.319609e+01 3.540649e+00 
2.482539e+01 2.634125e-05 1.641013e-06 3.516652e-05 4.396860e-05 5.311193e+01 3.564819e+00 
2.569447e+01 2.641875e-05 1.650252e-06 3.506864e-05 4.393726e-05 5.295404e+01 3.574347e+00 
2.920594e+01 2.685619e-05 1.636089e-06 3.523107e-05 4.433012e-05 5.263102e+01 3.486171e+00 
3.250502e+01 2.681049e-05 1.509894e-06 3.539085e-05 4.442516e-05 5.281042e+01 3.223337e+00 
3.440177e+01 2.684976e-05 1.380712e-06 3.541783e-05 4.446615e-05 5.279832e+01 2.943764e+00 
3.600708e+01 2.688107e-05 1.326363e-06 3.536187e-05 4.443887e-05 5.272539e+01 2.824791e+00 
3.806029e+01 2.701665e-05 1.323019e-06 3.526456e-05 4.444366e-05 5.251067e+01 2.803565e+00 
4.012339e+01 2.718627e-05 1.287412e-06 3.533891e-05 4.460481e-05 5.239785e+01 2.711230e+00 
4.206202e+01 2.712626e-05 1.205952e-06 3.540474e-05 4.461820e-05 5.251422e+01 2.545522e+00 
4.396952e+01 2.713681e-05 1.177366e-06 3.532975e-05 4.456438e-05 5.244608e+01 2.484295e+00 
4.625121e+01 2.715716e-05 1.095573e-06 3.529974e-05 4.455091e-05 5.240530e+01 2.310171e+00 
4.892883e+01 2.729799e-05 1.095065e-06 3.509775e-05 4.447731e-05 5.210295e+01 2.297201e+00 
5.087570e+01 2.759906e-05 1.187032e-06 3.521223e-05 4.475509e-05 5.188522e+01 2.462766e+00 
5.302838e+01 2.762602e-05 1.160881e-06 3.554143e-05 4.503042e-05 5.211792e+01 2.406227e+00 
5.487540e+01 2.785885e-05 1.313559e-06 3.570915e-05 4.530987e-05 5.200921e+01 2.699526e+00 
5.719304e+01 2.803222e-05 1.413085e-06 3.660584e-05 4.612797e-05 5.252054e+01 2.885798e+00 
5.955443e+01 2.723304e-05 1.531113e-06 3.736365e-05 4.626040e-05 5.386998e+01 3.217931e+00 
6.111958e+01 2.629433e-05 1.547448e-06 3.697777e-05 4.539980e-05 5.453715e+01 3.368028e+00 
6.319502e+01 2.615176e-05 1.482014e-06 3.637592e-05 4.482542e-05 5.424294e+01 3.243469e+00 
6.455714e+01 2.610275e-05 1.398888e-06 3.612279e-05 4.458886e-05 5.410867e+01 3.067638e+00 
6.593101e+01 2.608140e-05 1.402543e-06 3.576432e-05 4.428649e-05 5.385892e+01 3.078149e+00 
6.749700e+01 2.623492e-05 1.474045e-06 3.545510e-05 4.413058e-05 5.345731e+01 3.215862e+00 
6.929172e+01 2.654253e-05 1.580679e-06 3.513232e-05 4.406001e-05 5.288010e+01 3.408093e+00 
7.093375e+01 2.704909e-05 1.601220e-06 3.510764e-05 4.434821e-05 5.233866e+01 3.387775e+00 
7.262516e+01 2.714600e-05 1.582534e-06 3.551119e-05 4.472644e-05 5.255753e+01 3.336404e+00 
7.492696e+01 2.705402e-05 1.539591e-06 3.575942e-05 4.486676e-05 5.284586e+01 3.257076e+00 
7.718037e+01 2.693382e-05 1.459690e-06 3.572932e-05 4.476768e-05 5.294953e+01 3.102135e+00 
7.948909e+01 2.696830e-05 1.371209e-06 3.557617e-05 4.466355e-05 5.280066e+01 2.910710e+00 
8.102207e+01 2.706498e-05 1.329559e-06 3.551362e-05 4.467099e-05 5.265563e+01 2.812377e+00 
8.324161e+01 2.722967e-05 1.251729e-06 3.557356e-05 4.481629e-05 5.253868e+01 2.631995e+00 
8.494116e+01 2.729648e-05 1.168672e-06 3.555616e-05 4.484087e-05 5.246118e+01 2.451566e+00 
8.694708e+01 2.752187e-05 1.074654e-06 3.541256e-05 4.486266e-05 5.212528e+01 2.236108e+00 
8.905913e+01 2.765239e-05 9.272845e-07 3.571214e-05 4.517601e-05 5.223331e+01 1.920614e+00 
9.124541e+01 2.768004e-05 8.146556e-07 3.592347e-05 4.535796e-05 5.237274e+01 1.685794e+00 
9.347366e+01 2.773352e-05 8.654516e-07 3.601670e-05 4.546537e-05 5.238959e+01 1.787391e+00 
9.565355e+01 2.746767e-05 9.790245e-07 3.642471e-05 4.563103e-05 5.296277e+01 2.041318e+00 
9.679860e+01 2.715784e-05 1.112744e-06 3.649294e-05 4.550298e-05 5.332057e+01 2.346280e+00 
9.879789e+01 2.666801e-05 1.617258e-06 3.583560e-05 4.469886e-05 5.329387e+01 3.470402e+00 
1.007518e+02 2.697554e-05 1.849224e-06 3.574264e-05 4.481780e-05 5.289297e+01 3.921599e+00 
1.035650e+02 2.742730e-05 1.856420e-06 3.609716e-05 4.537299e-05 5.270865e+01 3.872165e+00 
1.056521e+02 2.780877e-05 1.782380e-06 3.628828e-05 4.575307e-05 5.247928e+01 3.667310e+00 
1.073063e+02 2.806826e-05 1.680379e-06 3.656167e-05 4.612382e-05 5.243716e+01 3.426071e+00 
1.086161e+02 2.805080e-05 1.535641e-06 3.666528e-05 4.619035e-05 5.254080e+01 3.133530e+00 
1.106090e+02 2.794430e-05 1.377041e-06 3.679317e-05 4.622248e-05 5.274997e+01 2.821143e+00 
1.117330e+02 2.793748e-05 1.304976e-06 3.680642e-05 4.622682e-05 5.277005e+01 2.674376e+00 
1.133783e+02 2.810029e-05 1.166446e-06 3.695755e-05 4.644187e-05 5.272907e+01 2.376989e+00 
1.164429e+02 2.771428e-05 1.019251e-06 3.717436e-05 4.637945e-05 5.327613e+01 2.106225e+00 
1.182755e+02 2.768521e-05 7.540828e-07 3.755003e-05 4.665881e-05 5.358892e+01 1.560222e+00 
1.200628e+02 2.699793e-05 5.236085e-07 3.758848e-05 4.628235e-05 5.430710e+01 1.111078e+00 
1.217589e+02 2.655297e-05 6.241526e-07 3.717578e-05 4.568903e-05 5.445602e+01 1.346544e+00 
1.236359e+02 2.646659e-05 7.912549e-07 3.679197e-05 4.532941e-05 5.425822e+01 1.712425e+00 
1.259096e+02 2.645242e-05 8.421684e-07 3.669803e-05 4.524583e-05 5.420167e+01 1.823515e+00 
1.277039e+02 2.639463e-05 7.561711e-07 3.653121e-05 4.507524e-05 5.413988e+01 1.640999e+00 
1.303288e+02 2.642566e-05 6.199896e-07 3.623866e-05 4.485465e-05 5.389252e+01 1.344007e+00 
1.319264e+02 2.633957e-05 5.244846e-07 3.604061e-05 4.464273e-05 5.383412e+01 1.140747e+00 
1.337913e+02 2.624828e-05 6.344979e-07 3.575371e-05 4.435879e-05 5.370809e+01 1.384737e+00 
1.352497e+02 2.632440e-05 7.914507e-07 3.547978e-05 4.418615e-05 5.341386e+01 1.722095e+00 
1.369434e+02 2.649938e-05 9.784356e-07 3.524691e-05 4.410804e-05 5.304463e+01 2.114569e+00 
1.385889e+02 2.665779e-05 1.094534e-06 3.508409e-05 4.407640e-05 5.274825e+01 2.351170e+00 
1.402659e+02 2.680667e-05 1.251546e-06 3.499031e-05 4.409633e-05 5.251355e+01 2.673076e+00 
1.425849e+02 2.729757e-05 1.527679e-06 3.474361e-05 4.421096e-05 5.180024e+01 3.203155e+00 
1.441713e+02 2.800811e-05 1.633020e-06 3.466044e-05 4.459223e-05 5.101178e+01 3.336868e+00 
1.459531e+02 2.835482e-05 1.701395e-06 3.519794e-05 4.523036e-05 5.109540e+01 3.433843e+00 
1.469585e+02 2.840858e-05 1.686460e-06 3.538304e-05 4.540761e-05 5.119027e+01 3.397345e+00 
1.487142e+02 2.859629e-05 1.772462e-06 3.547679e-05 4.560145e-05 5.107554e+01 3.546783e+00 
1.508990e+02 2.891761e-05 1.726094e-06 3.595528e-05 4.617348e-05 5.114169e+01 3.415936e+00 
1.547376e+02 2.855674e-05 1.532669e-06 3.674417e-05 4.656147e-05 5.210652e+01 3.072175e+00 
1.563237e+02 2.866696e-05 1.636554e-06 3.717572e-05 4.697347e-05 5.231837e+01 3.267385e+00 
1.580484e+02 2.842841e-05 1.429459e-06 3.785889e-05 4.736574e-05 5.306220e+01 2.878566e+00 
1.597138e+02 2.796895e-05 8.850392e-07 3.798644e-05 4.718067e-05 5.362255e+01 1.812442e+00 
1.614858e+02 2.761407e-05 2.902871e-07 3.749666e-05 4.656846e-05 5.362904e+01 6.022876e-01 
1.637563e+02 2.812565e-05 -8.681043e-08 3.774961e-05 4.707539e-05 5.331162e+01 -1.768441e-01 
1.660495e+02 2.836061e-05 -3.027371e-08 3.889363e-05 4.813564e-05 5.390105e+01 -6.116070e-02 
1.681422e+02 2.747380e-05 -2.540363e-07 3.961571e-05 4.821077e-05 5.525725e+01 -5.297699e-01 
1.682044e+02 2.751472e-05 -2.398777e-07 3.961205e-05 4.823103e-05 5.521495e+01 -4.995009e-01 
1.696096e+02 2.589041e-05 7.392804e-08 3.948859e-05 4.721935e-05 5.674932e+01 1.636032e-01 
1.731167e+02 2.457902e-05 8.257262e-07 3.791316e-05 4.519090e-05 5.703000e+01 1.924114e+00 
1.760754e+02 2.439585e-05 2.225473e-07 3.622123e-05 4.367133e-05 5.603771e+01 5.226572e-01 
1.773472e+02 2.453706e-05 5.955576e-07 3.514642e-05 4.286832e-05 5.507171e+01 1.390396e+00 
1.796748e+02 2.495345e-05 5.531797e-07 3.513516e-05 4.309827e-05 5.461049e+01 1.269951e+00 
1.814633e+02 2.587215e-05 6.687125e-07 3.448638e-05 4.311758e-05 5.311309e+01 1.480584e+00 
1.829765e+02 2.676648e-05 6.531819e-07 3.432233e-05 4.353037e-05 5.204263e+01 1.397911e+00 
1.847136e+02 2.694065e-05 5.118038e-07 3.474139e-05 4.396618e-05 5.220276e+01 1.088343e+00 
1.863904e+02 2.703031e-05 7.138215e-07 3.457831e-05 4.389541e-05 5.197511e+01 1.512726e+00 
1.884935e+02 2.727957e-05 1.172416e-06 3.427100e-05 4.381839e-05 5.145460e+01 2.460932e+00 
1.899643e+02 2.762071e-05 1.423468e-06 3.424159e-05 4.401609e-05 5.107175e+01 2.950200e+00 
1.916195e+02 2.789709e-05 1.500646e-06 3.483239e-05 4.465193e-05 5.126855e+01 3.079099e+00 
1.933386e+02 2.787709e-05 1.555747e-06 3.514437e-05 4.488518e-05 5.153458e+01 3.194213e+00 
1.948557e+02 2.787151e-05 1.625309e-06 3.535403e-05 4.504853e-05 5.170207e+01 3.337386e+00 
1.970284e+02 2.803048e-05 1.753046e-06 3.551917e-05 4.528125e-05 5.166634e+01 3.578659e+00 
1.997555e+02 2.792191e-05 1.546473e-06 3.638986e-05 4.589386e-05 5.245861e+01 3.170126e+00 
2.025419e+02 2.726085e-05 1.169871e-06 3.667475e-05 4.571170e-05 5.335082e+01 2.457281e+00 
2.043886e+02 2.704933e-05 1.123824e-06 3.647317e-05 4.542270e-05 5.341489e+01 2.379111e+00 
2.062066e+02 2.701584e-05 1.109649e-06 3.634637e-05 4.530061e-05 5.335387e+01 2.352045e+00 
2.080318e+02 2.700564e-05 1.110448e-06 3.628645e-05 4.524649e-05 5.331891e+01 2.354626e+00 
2.100417e+02 2.700805e-05 1.064213e-06 3.625764e-05 4.522371e-05 5.329655e+01 2.256490e+00 
2.122547e+02 2.697241e-05 9.809513e-07 3.620211e-05 4.515602e-05 5.329387e+01 2.082854e+00 
2.145339e+02 2.703845e-05 1.037871e-06 3.603381e-05 4.506207e-05 5.309652e+01 2.198219e+00 
2.168454e+02 2.712327e-05 1.207088e-06 3.596247e-05 4.506027e-05 5.294877e+01 2.548198e+00 
2.191083e+02 2.713449e-05 1.463647e-06 3.585423e-05 4.498832e-05 5.284150e+01 3.087570e+00 
2.211803e+02 2.711605e-05 1.738692e-06 3.590348e-05 4.502625e-05 5.288158e+01 3.668805e+00 
2.232723e+02 2.731170e-05 1.827810e-06 3.586797e-05 4.511964e-05 5.265078e+01 3.828758e+00 
2.250348e+02 2.791280e-05 1.806671e-06 3.561407e-05 4.528521e-05 5.185399e+01 3.703335e+00 
2.268908e+02 2.877401e-05 1.757040e-06 3.657250e-05 4.656800e-05 5.175370e+01 3.494339e+00 
2.295877e+02 2.875118e-05 1.000830e-06 3.794384e-05 4.761687e-05 5.283100e+01 1.993665e+00 
2.318938e+02 2.804404e-05 6.775655e-07 3.888163e-05 4.794485e-05 5.419039e+01 1.384041e+00 
2.335234e+02 2.750383e-05 3.337516e-07 3.912804e-05 4.782861e-05 5.489391e+01 6.952347e-01 
2.353038e+02 2.537083e-05 1.330166e-08 3.830184e-05 4.594246e-05 5.647983e+01 3.003957e-02 
2.363412e+02 2.493708e-05 -4.402131e-08 3.762917e-05 4.514216e-05 5.646728e+01 -1.011439e-01 
2.382151e+02 2.456018e-05 -2.856624e-08 3.667496e-05 4.413905e-05 5.619089e+01 -6.664138e-02 
2.394675e+02 2.436695e-05 1.257021e-07 3.602914e-05 4.349556e-05 5.592867e+01 2.955698e-01 
2.412849e+02 2.430498e-05 4.898062e-07 3.502435e-05 4.263422e-05 5.523601e+01 1.154497e+00 
2.428526e+02 2.467561e-05 7.838244e-07 3.440552e-05 4.234666e-05 5.433826e+01 1.819397e+00 
2.439705e+02 2.502563e-05 9.348055e-07 3.415610e-05 4.235322e-05 5.375132e+01 2.139228e+00 
2.455183e+02 2.545176e-05 1.083098e-06 3.394837e-05 4.244357e-05 5.311550e+01 2.436747e+00 
2.469844e+02 2.557104e-05 1.130609e-06 3.392796e-05 4.250015e-05 5.296826e+01 2.531652e+00 
2.481270e+02 2.567447e-05 1.152521e-06 3.389916e-05 4.254009e-05 5.283276e+01 2.570270e+00 
2.491184e+02 2.591903e-05 1.218012e-06 3.381079e-05 4.261983e-05 5.249605e+01 2.690519e+00 
2.503611e+02 2.619057e-05 1.295881e-06 3.379984e-05 4.277914e-05 5.219496e+01 2.832622e+00 
2.535700e+02 2.653562e-05 1.512220e-06 3.386933e-05 4.305296e-05 5.187724e+01 3.261661e+00 
2.559534e+02 2.635702e-05 1.578455e-06 3.396974e-05 4.302472e-05 5.214253e+01 3.427207e+00 
2.586392e+02 2.653946e-05 1.554480e-06 3.433891e-05 4.342718e-05 5.225322e+01 3.352122e+00 
2.888399e+02 2.782105e-05 1.124356e-06 3.461448e-05 4.442339e-05 5.118693e+01 2.314283e+00 
2.931717e+02 2.745995e-05 7.818579e-07 3.426662e-05 4.391880e-05 5.128133e+01 1.630923e+00 
2.949700e+02 2.726363e-05 6.383205e-07 3.423385e-05 4.376836e-05 5.145874e+01 1.341215e+00 
2.980614e+02 2.689373e-05 5.553043e-07 3.386876e-05 4.325129e-05 5.154247e+01 1.182881e+00 
2.998929e+02 2.640913e-05 4.487668e-07 3.404235e-05 4.308741e-05 5.219266e+01 9.735258e-01 
3.017394e+02 2.603386e-05 2.851854e-07 3.438117e-05 4.312665e-05 5.286487e+01 6.276159e-01 
3.036463e+02 2.575950e-05 2.136066e-07 3.483160e-05 4.332249e-05 5.351450e+01 4.751053e-01 
3.057892e+02 2.567062e-05 7.973038e-08 3.487498e-05 4.330417e-05 5.364399e+01 1.779544e-01 
3.075387e+02 2.547266e-05 1.842923e-08 3.494035e-05 4.323986e-05 5.390671e+01 4.145295e-02 
3.088919e+02 2.500313e-05 1.192342e-08 3.517178e-05 4.315334e-05 5.459151e+01 2.732304e-02 
3.099811e+02 2.469254e-05 -9.311697e-09 3.548522e-05 4.323104e-05 5.516771e+01 -2.160656e-02 
3.119751e+02 2.445561e-05 9.756791e-08 3.537949e-05 4.300924e-05 5.534613e+01 2.285856e-01 
3.137316e+02 2.421508e-05 1.826594e-07 3.534711e-05 4.284649e-05 5.558555e+01 4.321858e-01 
3.158266e+02 2.409198e-05 3.227965e-07 3.547675e-05 4.288504e-05 5.581750e+01 7.676321e-01 
3.179838e+02 2.412413e-05 1.624355e-07 3.628258e-05 4.357092e-05 5.637964e+01 3.857851e-01 
3.204795e+02 2.421633e-05 1.512829e-07 3.597239e-05 4.336435e-05 5.605135e+01 3.579302e-01 
