# 1 2 3 4 5 6 7 8 9 10 11 12 13 14
# IGRF_In IGRF_Ic IGRF_Dc dmeas height In_siB0 Ic_siB0 Dc_siB0 'height (m-poh)' In_m Ic_m Dc_m 'min hp' 'max hp'
0.00004520148 53.52724 3.334555 0 1556.266 0.0000448109 54.88904 1.258156 1557.3 44.48792 55.83627 -1.122377 1535.078 1556.266 
0.00004520148 53.52724 3.334555 2.157064 1555.682 0.00004475191 54.75739 1.317201 1556 41.96911 53.05396 1.006797 1535.078 1556.266 
0.00004520148 53.52724 3.334555 4.00979 1555.524 0.00004475707 54.81598 1.493997 1555.3 44.46192 53.14424 0.06568822 1535.078 1556.266 
0.00004520148 53.52724 3.334555 6.432482 1555.228 0.00004482047 54.94097 1.708991 1554.7 43.90247 55.01466 -0.02053104 1535.078 1556.266 
0.00004520148 53.52724 3.334555 10.60382 1554.987 0.0000443575 55.72182 2.684631 1554 43.32387 56.24892 2.283837 1535.078 1556.266 
0.00004520148 53.52724 3.334555 12.79858 1553.799 0.00004322964 54.95203 3.700697 1553.3 41.42757 57.67648 2.327239 1535.078 1556.266 
0.00004520148 53.52724 3.334555 15.70972 1552.447 0.00004360282 54.36439 3.827935 1552 41.4505 55.46068 3.812288 1535.078 1556.266 
0.00004520148 53.52724 3.334555 18.71373 1551.012 0.00004379482 53.87582 3.605405 1550.6 41.36905 54.43539 3.024181 1535.078 1556.266 
0.00004520148 53.52724 3.334555 23.78995 1548.554 0.00004398165 53.19609 3.540649 1548.3 41.52581 51.2087 1.675675 1535.078 1556.266 
0.00004520148 53.52724 3.334555 24.82539 1548.13 0.0000439686 53.11193 3.564819 1547.2 41.69582 50.02213 1.848368 1535.078 1556.266 
0.00004520148 53.52724 3.334555 25.69447 1547.834 0.00004393726 52.95404 3.574347 1545.7 43.19422 48.68189 -0.7589213 1535.078 1556.266 
0.00004520148 53.52724 3.334555 29.20594 1546.61 0.00004433012 52.63102 3.486171 1544.7 43.33031 51.64319 1.495654 1535.078 1556.266 
0.00004520148 53.52724 3.334555 32.50502 1545.895 0.00004442516 52.81042 3.223337 1543.7 42.7191 50.84754 1.506776 1535.078 1556.266 
0.00004520148 53.52724 3.334555 34.40177 1545.507 0.00004446615 52.79832 2.943764 1543.4 43.24763 50.55983 1.43058 1535.078 1556.266 
0.00004520148 53.52724 3.334555 36.00708 1545.133 0.00004443887 52.72539 2.824791 1543.5 43.79217 51.29007 1.584933 1535.078 1556.266 
0.00004520148 53.52724 3.334555 38.06029 1544.676 0.00004444366 52.51067 2.803565 1543.4 43.99741 51.98218 1.437308 1535.078 1556.266 
0.00004520148 53.52724 3.334555 40.12339 1544.287 0.00004460481 52.39785 2.71123 1543.4 44.28109 52.39893 1.402505 1535.078 1556.266 
0.00004520148 53.52724 3.334555 42.06202 1544.04 0.0000446182 52.51422 2.545522 1543.6 44.15443 52.50524 1.276626 1535.078 1556.266 
0.00004520148 53.52724 3.334555 43.96952 1543.803 0.00004456438 52.44608 2.484295 1543.1 43.86501 52.30985 0.7168437 1535.078 1556.266 
0.00004520148 53.52724 3.334555 46.25121 1543.597 0.00004455091 52.4053 2.310171 1543 43.64468 51.92835 0.3594499 1535.078 1556.266 
0.00004520148 53.52724 3.334555 48.92883 1543.383 0.00004447731 52.10295 2.297201 1542.7 43.64898 50.88048 -0.149337 1535.078 1556.266 
0.00004520148 53.52724 3.334555 50.8757 1543.261 0.00004475509 51.88522 2.462766 1542.6 44.11006 49.12592 -1.025141 1535.078 1556.266 
0.00004520148 53.52724 3.334555 53.02838 1543.507 0.00004503042 52.11792 2.406227 1543.6 46.85463 49.30186 -2.361017 1535.078 1556.266 
0.00004520148 53.52724 3.334555 54.8754 1543.641 0.00004530987 52.00921 2.699526 1545.7 47.6754 52.39186 -2.225564 1535.078 1556.266 
0.00004520148 53.52724 3.334555 57.19304 1544.288 0.00004612797 52.52054 2.885798 1546.6 46.91841 54.2865 0.2349734 1535.078 1556.266 
0.00004520148 53.52724 3.334555 59.55443 1545.109 0.0000462604 53.86998 3.217931 1547.1 46.62411 54.3832 1.165516 1535.078 1556.266 
0.00004520148 53.52724 3.334555 61.11958 1545.241 0.0000453998 54.53715 3.368028 1547.4 46.38731 56.08657 1.661418 1535.078 1556.266 
0.00004520148 53.52724 3.334555 63.19502 1544.877 0.00004482542 54.24294 3.243469 1547.5 44.29685 56.51648 3.191259 1535.078 1556.266 
0.00004520148 53.52724 3.334555 64.55714 1544.62 0.00004458886 54.10867 3.067638 1545.9 42.27339 56.62921 2.873329 1535.078 1556.266 
0.00004520148 53.52724 3.334555 65.93101 1544.292 0.00004428649 53.85892 3.078149 1544.8 40.97923 55.12826 2.597322 1535.078 1556.266 
0.00004520148 53.52724 3.334555 67.497 1543.874 0.00004413058 53.45731 3.215862 1543.9 41.00407 52.31613 2.928146 1535.078 1556.266 
0.00004520148 53.52724 3.334555 69.29172 1543.386 0.00004406001 52.8801 3.408093 1543.1 41.81209 52.69397 2.313403 1535.078 1556.266 
0.00004520148 53.52724 3.334555 70.93375 1542.951 0.00004434821 52.33866 3.387775 1542.1 41.60604 51.92082 1.837403 1535.078 1556.266 
0.00004520148 53.52724 3.334555 72.62516 1542.931 0.00004472644 52.55753 3.336404 1541.9 42.5799 51.71535 2.168046 1535.078 1556.266 
0.00004520148 53.52724 3.334555 74.92696 1542.915 0.00004486676 52.84586 3.257076 1541.6 42.86244 52.24487 3.161507 1535.078 1556.266 
0.00004520148 53.52724 3.334555 77.18037 1542.831 0.00004476768 52.94953 3.102135 1541.2 42.9058 53.10423 3.222746 1535.078 1556.266 
0.00004520148 53.52724 3.334555 79.48909 1542.659 0.00004466355 52.80066 2.91071 1540.6 42.38042 52.95924 2.702064 1535.078 1556.266 
0.00004520148 53.52724 3.334555 81.02207 1542.506 0.00004467099 52.65563 2.812377 1540.3 42.31536 52.5196 3.145245 1535.078 1556.266 
0.00004520148 53.52724 3.334555 83.24161 1542.444 0.00004481629 52.53868 2.631995 1540 42.57007 51.67717 2.593745 1535.078 1556.266 
0.00004520148 53.52724 3.334555 84.94116 1542.39 0.00004484087 52.46118 2.451566 1539.7 43.2353 51.82386 2.435426 1535.078 1556.266 
0.00004520148 53.52724 3.334555 86.94708 1542.215 0.00004486266 52.12528 2.236108 1539.7 43.48858 52.13753 2.205294 1535.078 1556.266 
0.00004520148 53.52724 3.334555 89.05913 1542.49 0.00004517601 52.23331 1.920614 1539.8 43.75665 51.53973 1.794059 1535.078 1556.266 
0.00004520148 53.52724 3.334555 91.24541 1542.88 0.00004535796 52.37274 1.685794 1539.8 43.33735 52.42923 1.497827 1535.078 1556.266 
0.00004520148 53.52724 3.334555 93.47366 1543.012 0.00004546537 52.38959 1.787391 1539.6 43.40233 50.63036 1.295131 1535.078 1556.266 
0.00004520148 53.52724 3.334555 95.65355 1543.457 0.00004563103 52.96277 2.041318 1539.6 46.93453 47.01704 1.684363 1535.078 1556.266 
0.00004520148 53.52724 3.334555 96.7986 1543.57 0.00004550298 53.32057 2.34628 1540.9 46.12276 52.26802 -0.5761827 1535.078 1556.266 
0.00004520148 53.52724 3.334555 98.79789 1543.56 0.00004469886 53.29387 3.470402 1540.8 46.59234 54.60551 -2.922006 1535.078 1556.266 
0.00004520148 53.52724 3.334555 100.7518 1543.365 0.0000448178 52.89297 3.921599 1541.9 44.61297 55.79629 -0.3906813 1535.078 1556.266 
0.00004520148 53.52724 3.334555 103.565 1543.354 0.00004537299 52.70865 3.872165 1542.4 43.94269 55.41521 -0.2411192 1535.078 1556.266 
0.00004520148 53.52724 3.334555 105.6521 1543.513 0.00004575307 52.47928 3.66731 1542.1 42.22226 55.14488 2.161051 1535.078 1556.266 
0.00004520148 53.52724 3.334555 107.3063 1543.841 0.00004612382 52.43716 3.426071 1542.2 41.64813 52.73971 4.78356 1535.078 1556.266 
0.00004520148 53.52724 3.334555 108.6161 1543.947 0.00004619035 52.5408 3.13353 1541.8 43.5137 51.09438 6.023655 1535.078 1556.266 
0.00004520148 53.52724 3.334555 110.609 1544.195 0.00004622248 52.74997 2.821143 1542.1 46.07738 51.47225 3.011337 1535.078 1556.266 
0.00004520148 53.52724 3.334555 111.733 1544.448 0.00004622682 52.77005 2.674376 1542.6 46.70324 52.71624 2.011809 1535.078 1556.266 
0.00004520148 53.52724 3.334555 113.3783 1544.864 0.00004644187 52.72907 2.376989 1542.6 45.58016 53.22058 -0.6130479 1535.078 1556.266 
0.00004520148 53.52724 3.334555 116.4429 1545.085 0.00004637945 53.27613 2.106225 1542.7 45.26098 52.69316 -1.001412 1535.078 1556.266 
0.00004520148 53.52724 3.334555 118.2755 1545.647 0.00004665881 53.58892 1.560222 1543.4 45.21312 52.51648 0.7519339 1535.078 1556.266 
0.00004520148 53.52724 3.334555 120.0628 1545.878 0.00004628235 54.3071 1.111078 1543.7 45.14027 50.70417 1.222414 1535.078 1556.266 
0.00004520148 53.52724 3.334555 121.7589 1545.694 0.00004568903 54.45602 1.346544 1544.8 47.44231 52.05731 1.068296 1535.078 1556.266 
0.00004520148 53.52724 3.334555 123.6359 1545.508 0.00004532941 54.25822 1.712425 1544.9 47.09993 56.3943 -2.769507 1535.078 1556.266 
0.00004520148 53.52724 3.334555 125.9096 1545.113 0.00004524583 54.20167 1.823515 1544.4 43.6494 56.67753 -7.207159 1535.078 1556.266 
0.00004520148 53.52724 3.334555 127.7039 1545.001 0.00004507524 54.13988 1.640999 1543.8 41.21377 53.79794 -2.278588 1535.078 1556.266 
0.00004520148 53.52724 3.334555 130.3288 1544.738 0.00004485465 53.89252 1.344007 1543.1 43.60169 52.23138 0.4067718 1535.078 1556.266 
0.00004520148 53.52724 3.334555 131.9264 1544.486 0.00004464273 53.83412 1.140747 1542.8 44.07682 52.62185 -0.1190656 1535.078 1556.266 
0.00004520148 53.52724 3.334555 133.7913 1544.235 0.00004435879 53.70809 1.384737 1542.7 44.39353 53.44606 -0.5660931 1535.078 1556.266 
0.00004520148 53.52724 3.334555 135.2497 1543.927 0.00004418615 53.41386 1.722095 1542.8 43.47919 54.14681 -1.049436 1535.078 1556.266 
0.00004520148 53.52724 3.334555 136.9434 1543.481 0.00004410804 53.04463 2.114569 1542.7 43.11361 53.47171 -0.233854 1535.078 1556.266 
0.00004520148 53.52724 3.334555 138.5889 1543.222 0.0000440764 52.74825 2.35117 1543.5 43.29046 52.71491 0.6364126 1535.078 1556.266 
0.00004520148 53.52724 3.334555 140.2659 1543.092 0.00004409633 52.51355 2.673076 1543.3 44.05094 53.71134 1.076425 1535.078 1556.266 
0.00004520148 53.52724 3.334555 142.5849 1542.552 0.00004421096 51.80024 3.203155 1543.2 43.08813 52.6671 0.936076 1535.078 1556.266 
0.00004520148 53.52724 3.334555 144.1713 1542.437 0.00004459223 51.01178 3.336868 1543.1 43.61254 52.37617 1.271262 1535.078 1556.266 
0.00004520148 53.52724 3.334555 145.9531 1542.767 0.00004523036 51.0954 3.433843 1542.8 43.47306 52.03587 1.375366 1535.078 1556.266 
0.00004520148 53.52724 3.334555 146.9585 1542.986 0.00004540761 51.19027 3.397345 1542.4 43.63393 51.88368 1.439842 1535.078 1556.266 
0.00004520148 53.52724 3.334555 148.7142 1543.562 0.00004560145 51.07554 3.546783 1541.5 43.73689 50.44286 1.122758 1535.078 1556.266 
0.00004520148 53.52724 3.334555 150.899 1544.059 0.00004617348 51.14169 3.415936 1541.4 43.99965 50.75273 0.6641804 1535.078 1556.266 
0.00004520148 53.52724 3.334555 154.7376 1545.427 0.00004656147 52.10652 3.072175 1543.2 45.45103 48.49445 2.634746 1535.078 1556.266 
0.00004520148 53.52724 3.334555 156.3237 1546.035 0.00004697347 52.31837 3.267385 1544.4 47.70238 49.25869 2.282191 1535.078 1556.266 
0.00004520148 53.52724 3.334555 158.0484 1546.95 0.00004736574 53.0622 2.878566 1544.8 49.17775 51.32983 1.15775 1535.078 1556.266 
0.00004520148 53.52724 3.334555 159.7138 1547.545 0.00004718067 53.62255 1.812442 1544.7 47.03244 54.24963 0.1997217 1535.078 1556.266 
0.00004520148 53.52724 3.334555 161.4858 1547.979 0.00004656846 53.62904 0.6022876 1544.3 46.15388 51.50006 1.715321 1535.078 1556.266 
0.00004520148 53.52724 3.334555 163.7563 1548.948 0.00004707539 53.31162 -0.1768441 1544.6 48.04514 49.44723 5.2605 1535.078 1556.266 
0.00004520148 53.52724 3.334555 166.0495 1550.463 0.00004813564 53.90105 -0.0611607 1545.3 47.37498 50.87166 7.040976 1535.078 1556.266 
0.00004520148 53.52724 3.334555 168.1422 1551.664 0.00004821077 55.25725 -0.5297699 1547.4 48.32565 54.7304 8.034639 1535.078 1556.266 
0.00004520148 53.52724 3.334555 168.2044 1551.653 0.00004823103 55.21495 -0.4995009 1547.4 48.49527 53.83797 5.516721 1535.078 1556.266 
0.00004520148 53.52724 3.334555 169.6096 1552.655 0.00004721935 56.74932 0.1636032 1548.7 47.47329 53.53095 4.105337 1535.078 1556.266 
0.00004520148 53.52724 3.334555 173.1167 1551.894 0.0000451909 57.03 1.924114 1544.2 48.15239 55.3715 -1.326956 1535.078 1556.266 
0.00004520148 53.52724 3.334555 176.0754 1550.315 0.00004367133 56.03771 0.5226572 1543.9 46.12961 60.74418 0.5561774 1535.078 1556.266 
0.00004520148 53.52724 3.334555 177.3472 1549.118 0.00004286832 55.07171 1.390396 1542.8 44.45392 65.68666 -12.4181 1535.078 1556.266 
0.00004520148 53.52724 3.334555 179.6748 1549.316 0.00004309827 54.61049 1.269951 1541.8 42.79455 61.24319 2.857434 1535.078 1556.266 
0.00004520148 53.52724 3.334555 181.4633 1547.402 0.00004311758 53.11309 1.480584 1548.8 41.79907 53.044 -0.3836298 1535.078 1556.266 
0.00004520148 53.52724 3.334555 182.9765 1545.898 0.00004353037 52.04263 1.397911 1548.2 42.16683 53.07585 -1.674401 1535.078 1556.266 
0.00004520148 53.52724 3.334555 184.7136 1544.85 0.00004396618 52.20276 1.088343 1547.4 42.90856 53.31989 -1.589852 1535.078 1556.266 
0.00004520148 53.52724 3.334555 186.3904 1543.783 0.00004389541 51.97511 1.512726 1546.7 42.88546 53.36968 -3.594397 1535.078 1556.266 
0.00004520148 53.52724 3.334555 188.4935 1542.529 0.00004381839 51.4546 2.460932 1546 42.23477 52.59882 -1.291264 1535.078 1556.266 
0.00004520148 53.52724 3.334555 189.9643 1541.948 0.00004401609 51.07175 2.9502 1545.1 41.02368 52.8797 -1.148582 1535.078 1556.266 
0.00004520148 53.52724 3.334555 191.6195 1541.606 0.00004465193 51.26855 3.079099 1543.9 41.64495 50.03042 1.669709 1535.078 1556.266 
0.00004520148 53.52724 3.334555 193.3386 1541.451 0.00004488518 51.53458 3.194213 1543 42.64267 50.5657 1.614315 1535.078 1556.266 
0.00004520148 53.52724 3.334555 194.8557 1541.429 0.00004504853 51.70207 3.337386 1541.7 43.42484 50.52783 1.789757 1535.078 1556.266 
0.00004520148 53.52724 3.334555 197.0284 1541.433 0.00004528125 51.66634 3.578659 1540.9 43.97124 51.69277 2.69367 1535.078 1556.266 
0.00004520148 53.52724 3.334555 199.7555 1542.1 0.00004589386 52.45861 3.170126 1540.6 44.52215 51.85518 1.583166 1535.078 1556.266 
0.00004520148 53.52724 3.334555 202.5419 1542.595 0.0000457117 53.35082 2.457281 1540.5 45.78723 52.42492 0.7333876 1535.078 1556.266 
0.00004520148 53.52724 3.334555 204.3886 1542.51 0.0000454227 53.41489 2.379111 1541.1 45.01628 54.16932 -0.3666159 1535.078 1556.266 
0.00004520148 53.52724 3.334555 206.2066 1542.486 0.00004530061 53.35387 2.352045 1541 44.40732 54.56089 -1.18051 1535.078 1556.266 
0.00004520148 53.52724 3.334555 208.0318 1542.419 0.00004524649 53.31891 2.354626 1540.9 43.45749 54.5576 -1.319032 1535.078 1556.266 
0.00004520148 53.52724 3.334555 210.0417 1542.389 0.00004522371 53.29655 2.25649 1540.6 43.33011 53.5125 -0.1189557 1535.078 1556.266 
0.00004520148 53.52724 3.334555 212.2547 1542.302 0.00004515602 53.29387 2.082854 1540.6 43.8321 53.02252 -0.0692334 1535.078 1556.266 
0.00004520148 53.52724 3.334555 214.5339 1542.153 0.00004506207 53.09652 2.198219 1540.6 44.53225 53.3103 -0.179581 1535.078 1556.266 
0.00004520148 53.52724 3.334555 216.8454 1541.989 0.00004506027 52.94877 2.548198 1540.6 44.49596 54.5269 -0.4801669 1535.078 1556.266 
0.00004520148 53.52724 3.334555 219.1083 1541.925 0.00004498832 52.8415 3.08757 1539.9 43.21488 54.91263 -0.3391484 1535.078 1556.266 
0.00004520148 53.52724 3.334555 221.1803 1542.058 0.00004502625 52.88158 3.668805 1539.6 43.62244 53.37837 0.000282623 1535.078 1556.266 
0.00004520148 53.52724 3.334555 223.2723 1542.257 0.00004511964 52.65078 3.828758 1539.1 43.57931 53.63767 0.5904045 1535.078 1556.266 
0.00004520148 53.52724 3.334555 225.0348 1542.438 0.00004528521 51.85399 3.703335 1539 42.75391 53.23554 1.235312 1535.078 1556.266 
0.00004520148 53.52724 3.334555 226.8908 1543.451 0.000046568 51.7537 3.494339 1539.3 42.86663 51.68238 1.508501 1535.078 1556.266 
0.00004520148 53.52724 3.334555 229.5877 1544.963 0.00004761687 52.831 1.993665 1539.6 43.15136 50.19224 2.788409 1535.078 1556.266 
0.00004520148 53.52724 3.334555 231.8938 1545.68 0.00004794485 54.19039 1.384041 1540.5 45.78857 48.78858 2.683316 1535.078 1556.266 
0.00004520148 53.52724 3.334555 233.5234 1545.818 0.00004782861 54.89391 0.6952347 1541.3 47.27535 50.90495 -0.09930897 1535.078 1556.266 
0.00004520148 53.52724 3.334555 235.3038 1546.016 0.00004594246 56.47983 0.03003957 1542.1 48.38431 52.8441 1.144985 1535.078 1556.266 
0.00004520148 53.52724 3.334555 236.3412 1545.638 0.00004514216 56.46728 -0.1011439 1543.5 47.56678 54.84378 -1.263009 1535.078 1556.266 
0.00004520148 53.52724 3.334555 238.2151 1544.869 0.00004413905 56.19089 -0.06664138 1544.1 47.7111 57.11368 -1.193583 1535.078 1556.266 
0.00004520148 53.52724 3.334555 239.4675 1544.364 0.00004349556 55.92867 0.2955698 1544.9 45.43249 59.9278 -3.243286 1535.078 1556.266 
0.00004520148 53.52724 3.334555 241.2849 1543.205 0.00004263422 55.23601 1.154497 1544.9 42.67248 60.27011 -3.17343 1535.078 1556.266 
0.00004520148 53.52724 3.334555 242.8526 1542.146 0.00004234666 54.33826 1.819397 1543.6 41.59712 57.89257 -2.91518 1535.078 1556.266 
0.00004520148 53.52724 3.334555 243.9705 1541.329 0.00004235322 53.75132 2.139228 1542.7 40.47966 57.33275 0.259139 1535.078 1556.266 
0.00004520148 53.52724 3.334555 245.5183 1540.195 0.00004244357 53.1155 2.436747 1541.8 40.40144 56.38868 0.4943449 1535.078 1556.266 
0.00004520148 53.52724 3.334555 246.9844 1539.574 0.00004250015 52.96826 2.531652 1541 40.71995 56.18657 0.712387 1535.078 1556.266 
0.00004520148 53.52724 3.334555 248.127 1539.101 0.00004254009 52.83276 2.57027 1540.8 40.75032 55.83331 0.5342485 1535.078 1556.266 
0.00004520148 53.52724 3.334555 249.1184 1538.405 0.00004261983 52.49605 2.690519 1540.4 40.78849 56.07136 1.117144 1535.078 1556.266 
0.00004520148 53.52724 3.334555 250.3611 1537.565 0.00004277914 52.19496 2.832622 1540.1 40.76222 56.15789 1.025457 1535.078 1556.266 
0.00004520148 53.52724 3.334555 253.57 1536.082 0.00004305296 51.87724 3.261661 1538.3 39.76962 55.63509 0.6568993 1535.078 1556.266 
0.00004520148 53.52724 3.334555 255.9534 1535.933 0.00004302472 52.14253 3.427207 1537.7 40.16802 56.75772 -0.1581074 1535.078 1556.266 
0.00004520148 53.52724 3.334555 258.6392 1535.078 0.00004342718 52.25322 3.352122 1536.2 40.25341 55.97967 -0.2144414 1535.078 1556.266 
0.00004520148 53.52724 3.334555 288.8399 1537.898 0.00004442339 51.18693 2.314283 1537.4 42.9396 51.11345 -0.01028746 1535.078 1556.266 
0.00004520148 53.52724 3.334555 293.1717 1538.783 0.0000439188 51.28133 1.630923 1538 42.40373 51.4362 -1.577845 1535.078 1556.266 
0.00004520148 53.52724 3.334555 294.97 1539.16 0.00004376836 51.45874 1.341215 1539.1 42.23195 50.69244 -1.598336 1535.078 1556.266 
0.00004520148 53.52724 3.334555 298.0614 1540.133 0.00004325129 51.54247 1.182881 1540.5 40.27488 50.84315 1.633675 1535.078 1556.266 
0.00004520148 53.52724 3.334555 299.8929 1540.98 0.00004308741 52.19266 0.9735258 1541.3 39.89841 52.77636 -1.039823 1535.078 1556.266 
0.00004520148 53.52724 3.334555 301.7394 1542.138 0.00004312665 52.86487 0.6276159 1542.3 40.38977 54.43445 -1.483066 1535.078 1556.266 
0.00004520148 53.52724 3.334555 303.6463 1543.301 0.00004332249 53.5145 0.4751053 1543.4 40.42214 54.17343 -1.701861 1535.078 1556.266 
0.00004520148 53.52724 3.334555 305.7892 1543.837 0.00004330417 53.64399 0.1779544 1545 40.39419 55.74209 -2.134232 1535.078 1556.266 
0.00004520148 53.52724 3.334555 307.5387 1544.754 0.00004323986 53.90671 0.04145295 1547.1 41.00769 58.96923 -3.263895 1535.078 1556.266 
0.00004520148 53.52724 3.334555 308.8919 1545.582 0.00004315334 54.59151 0.02732304 1548.2 44.06393 64.90037 -12.74586 1535.078 1556.266 
0.00004520148 53.52724 3.334555 309.9811 1546.107 0.00004323104 55.16771 -0.02160656 1548.2 46.32386 59.79148 -5.335812 1535.078 1556.266 
0.00004520148 53.52724 3.334555 311.9751 1545.924 0.00004300924 55.34613 0.2285856 1548.2 46.33012 59.43835 -4.52548 1535.078 1556.266 
0.00004520148 53.52724 3.334555 313.7316 1545.71 0.00004284649 55.58555 0.4321858 1547.5 46.33235 59.53845 -5.154669 1535.078 1556.266 
0.00004520148 53.52724 3.334555 315.8266 1545.423 0.00004288504 55.8175 0.7676321 1547 45.59281 60.84432 -2.315776 1535.078 1556.266 
0.00004520148 53.52724 3.334555 317.9838 1545.492 0.00004357092 56.37964 0.3857851 1546.4 46.18013 59.29545 -3.779381 1535.078 1556.266 
0.00004520148 53.52724 3.334555 320.4795 1544.774 0.00004336435 56.05135 0.3579302 1546 45.4081 59.9511 -4.404756 1535.078 1556.266 
