# 1 , 2 , 3 , 4      , 5      , 6      , 7      , 8      , 9      ,                           10 (pm), 11 (pm), 12 (pm)  
# xm, ym, zm, IGRF_In, IGRF_Ic, IGRF_Dc, In_siB0, Ic_siB0, Dc_siB0,                           Bx_siB0, By_siB0, Bz_siB0  
1.002300e+02 1.247790e+02 4.578644e-01 4.518274e-05 5.346856e+01 3.327694e+00 4.478804e-05 5.287447e+01 8.047218e+00 2.676623e-05 3.784245e-06 3.571018e-05 
1.012943e+02 1.247790e+02 1.505164e+00 4.518274e-05 5.346856e+01 3.327694e+00 4.537950e-05 5.325013e+01 8.814494e+00 2.683092e-05 4.160595e-06 3.636056e-05 
1.023587e+02 1.247790e+02 2.461530e+00 4.518274e-05 5.346856e+01 3.327694e+00 4.615753e-05 5.377080e+01 9.325321e+00 2.691935e-05 4.420430e-06 3.723340e-05 
1.034230e+02 1.247790e+02 3.258937e+00 4.518274e-05 5.346856e+01 3.327694e+00 4.711112e-05 5.445932e+01 9.202191e+00 2.703235e-05 4.379347e-06 3.833446e-05 
1.044874e+02 1.247790e+02 3.840665e+00 4.518274e-05 5.346856e+01 3.327694e+00 4.808911e-05 5.523809e+01 7.977033e+00 2.715354e-05 3.805083e-06 3.950657e-05 
1.055517e+02 1.247790e+02 4.165335e+00 4.518274e-05 5.346856e+01 3.327694e+00 4.876526e-05 5.586192e+01 5.461109e+00 2.724232e-05 2.604476e-06 4.036240e-05 
1.066161e+02 1.247790e+02 4.209853e+00 4.518274e-05 5.346856e+01 3.327694e+00 4.881998e-05 5.603377e+01 2.222574e+00 2.725541e-05 1.057801e-06 4.048968e-05 
1.076804e+02 1.247790e+02 3.971053e+00 4.518274e-05 5.346856e+01 3.327694e+00 4.821265e-05 5.567442e+01 -6.284431e-01 2.718523e-05 -2.981905e-07 3.981625e-05 
1.087448e+02 1.247790e+02 3.465920e+00 4.518274e-05 5.346856e+01 3.327694e+00 4.722393e-05 5.499729e+01 -2.249115e+00 2.706750e-05 -1.063066e-06 3.868229e-05 
1.098091e+02 1.247790e+02 2.730385e+00 4.518274e-05 5.346856e+01 3.327694e+00 4.622443e-05 5.429457e+01 -2.621813e+00 2.694917e-05 -1.234036e-06 3.753554e-05 
1.108735e+02 1.247790e+02 1.816767e+00 4.518274e-05 5.346856e+01 3.327694e+00 4.540483e-05 5.371001e+01 -2.234355e+00 2.685343e-05 -1.047730e-06 3.659773e-05 
1.119378e+02 1.247790e+02 7.900523e-01 4.518274e-05 5.346856e+01 3.327694e+00 4.478010e-05 5.325368e+01 -1.508301e+00 2.678145e-05 -7.051796e-07 3.588195e-05 
1.130022e+02 1.247790e+02 -2.767291e-01 4.518274e-05 5.346856e+01 3.327694e+00 4.431121e-05 5.289839e+01 -6.645861e-01 2.672807e-05 -3.100386e-07 3.534116e-05 
1.140665e+02 1.247790e+02 -1.307696e+00 4.518274e-05 5.346856e+01 3.327694e+00 4.396359e-05 5.262200e+01 1.953813e-01 2.668886e-05 9.101062e-08 3.493557e-05 
1.151309e+02 1.247790e+02 -2.229516e+00 4.518274e-05 5.346856e+01 3.327694e+00 4.371511e-05 5.241227e+01 1.014458e+00 2.666097e-05 4.720988e-07 3.464074e-05 
1.161952e+02 1.247790e+02 -2.976619e+00 4.518274e-05 5.346856e+01 3.327694e+00 4.354509e-05 5.225772e+01 1.762433e+00 2.664181e-05 8.197674e-07 3.443424e-05 
1.172596e+02 1.247790e+02 -3.495863e+00 4.518274e-05 5.346856e+01 3.327694e+00 4.343845e-05 5.214980e+01 2.449264e+00 2.662944e-05 1.139042e-06 3.429977e-05 
1.183239e+02 1.247790e+02 -3.750315e+00 4.518274e-05 5.346856e+01 3.327694e+00 4.338997e-05 5.208593e+01 3.102642e+00 2.662315e-05 1.443089e-06 3.423179e-05 
1.193883e+02 1.247790e+02 -3.721874e+00 4.518274e-05 5.346856e+01 3.327694e+00 4.339992e-05 5.206620e+01 3.754837e+00 2.662285e-05 1.747211e-06 3.423045e-05 
1.204526e+02 1.247790e+02 -3.412564e+00 4.518274e-05 5.346856e+01 3.327694e+00 4.347355e-05 5.209335e+01 4.435453e+00 2.662914e-05 2.065577e-06 3.430119e-05 
1.215170e+02 1.247790e+02 -2.844387e+00 4.518274e-05 5.346856e+01 3.327694e+00 4.361853e-05 5.217156e+01 5.155919e+00 2.664297e-05 2.404034e-06 3.445212e-05 
1.225813e+02 1.247790e+02 -2.057757e+00 4.518274e-05 5.346856e+01 3.327694e+00 4.383797e-05 5.230100e+01 5.914715e+00 2.666479e-05 2.762459e-06 3.468610e-05 
1.236457e+02 1.247790e+02 -1.108627e+00 4.518274e-05 5.346856e+01 3.327694e+00 4.413659e-05 5.248218e+01 6.712403e+00 2.669529e-05 3.141835e-06 3.500756e-05 
1.247100e+02 1.247790e+02 -6.450978e-02 4.518274e-05 5.346856e+01 3.327694e+00 4.452954e-05 5.272388e+01 7.538634e+00 2.673651e-05 3.538270e-06 3.543331e-05 
1.257743e+02 1.247790e+02 1.000327e+00 4.518274e-05 5.346856e+01 3.327694e+00 4.504667e-05 5.304830e+01 8.349500e+00 2.679240e-05 3.932232e-06 3.599871e-05 
1.268387e+02 1.247790e+02 2.010140e+00 4.518274e-05 5.346856e+01 3.327694e+00 4.573204e-05 5.349531e+01 9.018853e+00 2.686912e-05 4.264715e-06 3.675979e-05 
1.279030e+02 1.247790e+02 2.893101e+00 4.518274e-05 5.346856e+01 3.327694e+00 4.660988e-05 5.410530e+01 9.257956e+00 2.697129e-05 4.396398e-06 3.775848e-05 
1.289674e+02 1.247790e+02 3.586405e+00 4.518274e-05 5.346856e+01 3.327694e+00 4.760780e-05 5.485975e+01 8.622425e+00 2.709238e-05 4.108185e-06 3.893106e-05 
1.300317e+02 1.247790e+02 4.040737e+00 4.518274e-05 5.346856e+01 3.327694e+00 4.848140e-05 5.559817e+01 6.718827e+00 2.720355e-05 3.204745e-06 4.000178e-05 
1.310961e+02 1.247790e+02 4.223780e+00 4.518274e-05 5.346856e+01 3.327694e+00 4.886972e-05 5.601760e+01 3.712235e+00 2.725784e-05 1.768531e-06 4.052322e-05 
1.321604e+02 1.247790e+02 4.122513e+00 4.518274e-05 5.346856e+01 3.327694e+00 4.857163e-05 5.590480e+01 5.306019e-01 2.722661e-05 2.521461e-07 4.022252e-05 
1.332248e+02 1.247790e+02 3.744141e+00 4.518274e-05 5.346856e+01 3.327694e+00 4.772353e-05 5.534261e+01 -1.745060e+00 2.712626e-05 -8.264412e-07 3.925581e-05 
1.342891e+02 1.247790e+02 3.115577e+00 4.518274e-05 5.346856e+01 3.327694e+00 4.669387e-05 5.462319e+01 -2.678510e+00 2.700394e-05 -1.263323e-06 3.807241e-05 
1.353535e+02 1.247790e+02 2.281531e+00 4.518274e-05 5.346856e+01 3.327694e+00 4.577888e-05 5.397524e+01 -2.595876e+00 2.689652e-05 -1.219424e-06 3.702426e-05 
1.364178e+02 1.247790e+02 1.301329e+00 4.518274e-05 5.346856e+01 3.327694e+00 4.506388e-05 5.346033e+01 -1.994475e+00 2.681384e-05 -9.337711e-07 3.620634e-05 
1.374822e+02 1.247790e+02 2.446926e-01 4.518274e-05 5.346856e+01 3.327694e+00 4.452493e-05 5.306060e+01 -1.186429e+00 2.675241e-05 -5.540437e-07 3.558751e-05 
1.385465e+02 1.247790e+02 -8.132180e-01 4.518274e-05 5.346856e+01 3.327694e+00 4.412291e-05 5.274962e+01 -3.207595e-01 2.670715e-05 -1.495164e-07 3.512175e-05 
1.396109e+02 1.247790e+02 -1.797154e+00 4.518274e-05 5.346856e+01 3.327694e+00 4.383074e-05 5.251113e+01 5.275487e-01 2.667458e-05 2.456121e-07 3.477845e-05 
1.406752e+02 1.247790e+02 -2.637127e+00 4.518274e-05 5.346856e+01 3.327694e+00 4.362655e-05 5.233301e+01 1.311900e+00 2.665194e-05 6.103554e-07 3.453372e-05 
1.417396e+02 1.247790e+02 -3.273389e+00 4.518274e-05 5.346856e+01 3.327694e+00 4.349092e-05 5.220409e+01 2.026695e+00 2.663676e-05 9.426020e-07 3.436647e-05 
1.428039e+02 1.247790e+02 -3.660683e+00 4.518274e-05 5.346856e+01 3.327694e+00 4.341504e-05 5.211982e+01 2.694323e+00 2.662789e-05 1.253095e-06 3.426734e-05 
1.438683e+02 1.247790e+02 -3.771461e+00 4.518274e-05 5.346856e+01 3.327694e+00 4.339720e-05 5.207959e+01 3.344940e+00 2.662502e-05 1.556143e-06 3.423454e-05 
1.449326e+02 1.247790e+02 -3.597843e+00 4.518274e-05 5.346856e+01 3.327694e+00 4.344056e-05 5.208511e+01 4.010246e+00 2.662844e-05 1.866827e-06 3.427132e-05 
1.459970e+02 1.247790e+02 -3.152178e+00 4.518274e-05 5.346856e+01 3.327694e+00 4.355242e-05 5.214053e+01 4.709740e+00 2.663904e-05 2.194687e-06 3.438544e-05 
1.470613e+02 1.247790e+02 -2.466167e+00 4.518274e-05 5.346856e+01 3.327694e+00 4.373719e-05 5.224741e+01 5.445009e+00 2.665739e-05 2.540995e-06 3.458133e-05 
1.481257e+02 1.247790e+02 -1.588606e+00 4.518274e-05 5.346856e+01 3.327694e+00 4.399703e-05 5.240457e+01 6.218167e+00 2.668388e-05 2.907358e-06 3.486053e-05 
1.491900e+02 1.247790e+02 -5.819160e-01 4.518274e-05 5.346856e+01 3.327694e+00 4.434178e-05 5.261630e+01 7.028085e+00 2.671981e-05 3.294077e-06 3.523342e-05 
