# 1,2,3, 4    , 5    , 6    , 7    , 8    , 9     
# x,y,z, Bx_si, By_si, Bz_si, In_si, Ic_si, Dc_si 
1.002300e+02 1.247790e+02 4.578644e-01 2.184006e-06 2.418213e-07 1.637659e-06 2.740490e-06 -3.669669e+01 8.368173e+01 
1.012943e+02 1.247790e+02 1.505164e+00 2.562286e-06 3.069167e-07 9.853424e-07 2.762319e-06 -2.089818e+01 8.316952e+01 
1.023587e+02 1.247790e+02 2.461530e+00 2.824015e-06 3.957489e-07 1.106610e-07 2.853756e-06 -2.222333e+00 8.202269e+01 
1.034230e+02 1.247790e+02 3.258937e+00 2.784794e-06 5.091225e-07 -9.921500e-07 2.999774e-06 1.931379e+01 7.963947e+01 
1.044874e+02 1.247790e+02 3.840665e+00 2.212361e-06 6.306701e-07 -2.165911e-06 3.159661e-06 4.327403e+01 7.408892e+01 
1.055517e+02 1.247790e+02 4.165335e+00 1.013555e-06 7.197866e-07 -3.023301e-06 3.268904e-06 6.764827e+01 5.461914e+01 
1.066161e+02 1.247790e+02 4.209853e+00 -5.313452e-07 7.331960e-07 -3.152057e-06 3.279537e-06 7.397233e+01 -3.593074e+01 
1.076804e+02 1.247790e+02 3.971053e+00 -1.885589e-06 6.633191e-07 -2.480008e-06 3.185259e-06 5.113157e+01 -7.061897e+01 
1.087448e+02 1.247790e+02 3.465920e+00 -2.648740e-06 5.458692e-07 -1.347348e-06 3.021448e-06 2.648273e+01 -7.835516e+01 
1.098091e+02 1.247790e+02 2.730385e+00 -2.818008e-06 4.278129e-07 -2.018021e-07 2.857432e-06 4.049805e+00 -8.136762e+01 
1.108735e+02 1.247790e+02 1.816767e+00 -2.630021e-06 3.323168e-07 7.348863e-07 2.750910e-06 -1.549433e+01 -8.279855e+01 
1.119378e+02 1.247790e+02 7.900523e-01 -2.285808e-06 2.605699e-07 1.449632e-06 2.719237e-06 -3.221532e+01 -8.349666e+01 
1.130022e+02 1.247790e+02 -2.767291e-01 -1.889023e-06 2.074028e-07 1.989469e-06 2.751256e-06 -4.631210e+01 -8.373438e+01 
1.140665e+02 1.247790e+02 -1.307696e+00 -1.486345e-06 1.683808e-07 2.394182e-06 2.823062e-06 -5.800343e+01 -8.353679e+01 
1.151309e+02 1.247790e+02 -2.229516e+00 -1.103642e-06 1.406708e-07 2.688226e-06 2.909360e-06 -6.751690e+01 -8.273622e+01 
1.161952e+02 1.247790e+02 -2.976619e+00 -7.543718e-07 1.216669e-07 2.894022e-06 2.993200e-06 -7.520950e+01 -8.083810e+01 
1.172596e+02 1.247790e+02 -3.495863e+00 -4.335073e-07 1.094432e-07 3.027876e-06 3.060709e-06 -8.160016e+01 -7.583118e+01 
1.183239e+02 1.247790e+02 -3.750315e+00 -1.278801e-07 1.032671e-07 3.095310e-06 3.099672e-06 -8.696029e+01 -5.107806e+01 
1.193883e+02 1.247790e+02 -3.721874e+00 1.778133e-07 1.030775e-07 3.096185e-06 3.102999e-06 -8.620218e+01 5.989933e+01 
1.204526e+02 1.247790e+02 -3.412564e+00 4.977430e-07 1.094541e-07 3.025072e-06 3.067701e-06 -8.043715e+01 7.759800e+01 
1.215170e+02 1.247790e+02 -2.844387e+00 8.377582e-07 1.233450e-07 2.873836e-06 2.995995e-06 -7.358214e+01 8.162439e+01 
1.225813e+02 1.247790e+02 -2.057757e+00 1.197738e-06 1.452156e-07 2.639634e-06 2.902298e-06 -6.543608e+01 8.308711e+01 
1.236457e+02 1.247790e+02 -1.108627e+00 1.578664e-06 1.757533e-07 2.318038e-06 2.810048e-06 -5.557941e+01 8.364740e+01 
1.247100e+02 1.247790e+02 -6.450978e-02 1.976648e-06 2.169799e-07 1.892225e-06 2.744947e-06 -4.357856e+01 8.373563e+01 
1.257743e+02 1.247790e+02 1.000327e+00 2.372158e-06 2.728733e-07 1.326845e-06 2.731686e-06 -2.905989e+01 8.343801e+01 
1.268387e+02 1.247790e+02 2.010140e+00 2.706191e-06 3.495713e-07 5.658610e-07 2.786731e-06 -1.171569e+01 8.263960e+01 
1.279030e+02 1.247790e+02 2.893101e+00 2.839426e-06 4.516978e-07 -4.326479e-07 2.907500e-06 8.557629e+00 8.096109e+01 
1.289674e+02 1.247790e+02 3.586405e+00 2.552768e-06 5.727336e-07 -1.604979e-06 3.069301e-06 3.152789e+01 7.735464e+01 
1.300317e+02 1.247790e+02 4.040737e+00 1.650890e-06 6.838229e-07 -2.675363e-06 3.217238e-06 5.626050e+01 6.749995e+01 
1.310961e+02 1.247790e+02 4.223780e+00 2.162427e-07 7.380210e-07 -3.196386e-06 3.287601e-06 7.647180e+01 1.633077e+01 
1.321604e+02 1.247790e+02 4.122513e+00 -1.298567e-06 7.066804e-07 -2.895186e-06 3.250811e-06 6.294926e+01 -6.144496e+01 
1.332248e+02 1.247790e+02 3.744141e+00 -2.375570e-06 6.061945e-07 -1.927893e-06 3.118906e-06 3.817979e+01 -7.568484e+01 
1.342891e+02 1.247790e+02 3.115577e+00 -2.810856e-06 4.837246e-07 -7.438378e-07 2.947575e-06 1.461696e+01 -8.023552e+01 
1.353535e+02 1.247790e+02 2.281531e+00 -2.765350e-06 3.761451e-07 3.050577e-07 2.807438e-06 -6.238107e+00 -8.225412e+01 
1.364178e+02 1.247790e+02 1.301329e+00 -2.478077e-06 2.932780e-07 1.123800e-06 2.736750e-06 -2.424460e+01 -8.325050e+01 
1.374822e+02 1.247790e+02 2.446926e-01 -2.096713e-06 2.316427e-07 1.743540e-06 2.736749e-06 -3.957474e+01 -8.369559e+01 
1.385465e+02 1.247790e+02 -8.132180e-01 -1.690533e-06 1.861621e-07 2.210289e-06 2.788895e-06 -5.242277e+01 -8.371589e+01 
1.396109e+02 1.247790e+02 -1.797154e+00 -1.293734e-06 1.533566e-07 2.554670e-06 2.867683e-06 -6.298002e+01 -8.323982e+01 
1.406752e+02 1.247790e+02 -2.637127e+00 -9.273005e-07 1.304565e-07 2.800563e-06 2.952974e-06 -7.151146e+01 -8.199195e+01 
1.417396e+02 1.247790e+02 -3.273389e+00 -5.933421e-07 1.150102e-07 2.969056e-06 3.029946e-06 -7.849399e+01 -7.903013e+01 
1.428039e+02 1.247790e+02 -3.660683e+00 -2.811140e-07 1.058464e-07 3.069522e-06 3.084185e-06 -8.441088e+01 -6.936740e+01 
1.438683e+02 1.247790e+02 -3.771461e+00 2.369303e-08 1.026607e-07 3.103739e-06 3.105527e-06 -8.805579e+01 1.299574e+01 
1.449326e+02 1.247790e+02 -3.597843e+00 3.361640e-07 1.057567e-07 3.068481e-06 3.088651e-06 -8.344843e+01 7.253651e+01 
1.459970e+02 1.247790e+02 -3.152178e+00 6.658380e-07 1.160038e-07 2.955958e-06 3.032241e-06 -7.712094e+01 8.011700e+01 
1.470613e+02 1.247790e+02 -2.466167e+00 1.013991e-06 1.339961e-07 2.761768e-06 2.945080e-06 -6.967815e+01 8.247214e+01 
1.481257e+02 1.247790e+02 -1.588606e+00 1.382230e-06 1.600943e-07 2.484353e-06 2.847490e-06 -6.074709e+01 8.339326e+01 
1.491900e+02 1.247790e+02 -5.819160e-01 1.770860e-06 1.956294e-07 2.113352e-06 2.764141e-06 -4.986790e+01 8.369601e+01 
