# 1, 2, 3, 4     , 5     , 6     , 7   , 8   , 9   , 10  
# x, y, z, Bbx_si, Bby_si, Bbz_si, In_si, Ic_si, Dc_si, dmeas 
1.002300e+02 1.247790e+02 2.500000e-01 3.903967e-08 -3.258885e-07 -1.042137e-06 1.092601e-06 7.251830e+01 1.731688e+02 
1.012943e+02 1.247790e+02 2.500000e-01 3.710941e-08 -3.263005e-07 -1.040201e-06 1.090810e-06 7.247846e+01 1.735118e+02 
1.023587e+02 1.247790e+02 2.500000e-01 3.521434e-08 -3.266943e-07 -1.038360e-06 1.089110e-06 7.244014e+01 1.738478e+02 
1.034230e+02 1.247790e+02 2.500000e-01 3.335246e-08 -3.270698e-07 -1.036613e-06 1.087499e-06 7.240337e+01 1.741775e+02 
1.044874e+02 1.247790e+02 2.500000e-01 3.152179e-08 -3.274271e-07 -1.034960e-06 1.085976e-06 7.236820e+01 1.745010e+02 
1.055517e+02 1.247790e+02 2.500000e-01 2.972044e-08 -3.277661e-07 -1.033397e-06 1.084539e-06 7.233464e+01 1.748188e+02 
1.066161e+02 1.247790e+02 2.500000e-01 2.794658e-08 -3.280869e-07 -1.031925e-06 1.083186e-06 7.230274e+01 1.751313e+02 
1.076804e+02 1.247790e+02 2.500000e-01 2.619842e-08 -3.283896e-07 -1.030542e-06 1.081916e-06 7.227250e+01 1.754387e+02 
1.087448e+02 1.247790e+02 2.500000e-01 2.447423e-08 -3.286740e-07 -1.029247e-06 1.080729e-06 7.224397e+01 1.757414e+02 
1.098091e+02 1.247790e+02 2.500000e-01 2.277232e-08 -3.289404e-07 -1.028039e-06 1.079622e-06 7.221715e+01 1.760398e+02 
1.108735e+02 1.247790e+02 2.500000e-01 2.109105e-08 -3.291886e-07 -1.026916e-06 1.078595e-06 7.219207e+01 1.763341e+02 
1.119378e+02 1.247790e+02 2.500000e-01 1.942881e-08 -3.294188e-07 -1.025879e-06 1.077646e-06 7.216874e+01 1.766247e+02 
1.130022e+02 1.247790e+02 2.500000e-01 1.778403e-08 -3.296308e-07 -1.024926e-06 1.076776e-06 7.214718e+01 1.769118e+02 
1.140665e+02 1.247790e+02 2.500000e-01 1.615517e-08 -3.298248e-07 -1.024056e-06 1.075982e-06 7.212741e+01 1.771958e+02 
1.151309e+02 1.247790e+02 2.500000e-01 1.454073e-08 -3.300007e-07 -1.023269e-06 1.075264e-06 7.210944e+01 1.774770e+02 
1.161952e+02 1.247790e+02 2.500000e-01 1.293923e-08 -3.301586e-07 -1.022565e-06 1.074621e-06 7.209327e+01 1.777557e+02 
1.172596e+02 1.247790e+02 2.500000e-01 1.134920e-08 -3.302984e-07 -1.021942e-06 1.074053e-06 7.207892e+01 1.780321e+02 
1.183239e+02 1.247790e+02 2.500000e-01 9.769226e-09 -3.304203e-07 -1.021400e-06 1.073560e-06 7.206641e+01 1.783065e+02 
1.193883e+02 1.247790e+02 2.500000e-01 8.197876e-09 -3.305241e-07 -1.020939e-06 1.073140e-06 7.205572e+01 1.785792e+02 
1.204526e+02 1.247790e+02 2.500000e-01 6.633753e-09 -3.306099e-07 -1.020558e-06 1.072794e-06 7.204688e+01 1.788505e+02 
1.215170e+02 1.247790e+02 2.500000e-01 5.075472e-09 -3.306778e-07 -1.020258e-06 1.072520e-06 7.203989e+01 1.791207e+02 
1.225813e+02 1.247790e+02 2.500000e-01 3.521651e-09 -3.307276e-07 -1.020037e-06 1.072319e-06 7.203474e+01 1.793899e+02 
1.236457e+02 1.247790e+02 2.500000e-01 1.970925e-09 -3.307595e-07 -1.019896e-06 1.072191e-06 7.203145e+01 1.796586e+02 
1.247100e+02 1.247790e+02 2.500000e-01 4.219292e-10 -3.307734e-07 -1.019835e-06 1.072135e-06 7.203002e+01 1.799269e+02 
1.257743e+02 1.247790e+02 2.500000e-01 -1.126697e-09 -3.307693e-07 -1.019853e-06 1.072152e-06 7.203044e+01 -1.798048e+02 
1.268387e+02 1.247790e+02 2.500000e-01 -2.676310e-09 -3.307472e-07 -1.019950e-06 1.072240e-06 7.203272e+01 -1.795364e+02 
1.279030e+02 1.247790e+02 2.500000e-01 -4.228276e-09 -3.307072e-07 -1.020128e-06 1.072402e-06 7.203686e+01 -1.792675e+02 
1.289674e+02 1.247790e+02 2.500000e-01 -5.783956e-09 -3.306491e-07 -1.020385e-06 1.072636e-06 7.204284e+01 -1.789978e+02 
1.300317e+02 1.247790e+02 2.500000e-01 -7.344725e-09 -3.305731e-07 -1.020722e-06 1.072942e-06 7.205068e+01 -1.787272e+02 
1.310961e+02 1.247790e+02 2.500000e-01 -8.911963e-09 -3.304791e-07 -1.021139e-06 1.073322e-06 7.206036e+01 -1.784553e+02 
1.321604e+02 1.247790e+02 2.500000e-01 -1.048706e-08 -3.303671e-07 -1.021636e-06 1.073775e-06 7.207188e+01 -1.781818e+02 
1.332248e+02 1.247790e+02 2.500000e-01 -1.207144e-08 -3.302370e-07 -1.022215e-06 1.074303e-06 7.208523e+01 -1.779066e+02 
1.342891e+02 1.247790e+02 2.500000e-01 -1.366651e-08 -3.300890e-07 -1.022875e-06 1.074904e-06 7.210040e+01 -1.776292e+02 
1.353535e+02 1.247790e+02 2.500000e-01 -1.527371e-08 -3.299229e-07 -1.023617e-06 1.075581e-06 7.211739e+01 -1.773494e+02 
1.364178e+02 1.247790e+02 2.500000e-01 -1.689453e-08 -3.297387e-07 -1.024442e-06 1.076333e-06 7.213619e+01 -1.770670e+02 
1.374822e+02 1.247790e+02 2.500000e-01 -1.853044e-08 -3.295365e-07 -1.025349e-06 1.077162e-06 7.215677e+01 -1.767815e+02 
1.385465e+02 1.247790e+02 2.500000e-01 -2.018298e-08 -3.293163e-07 -1.026340e-06 1.078068e-06 7.217914e+01 -1.764929e+02 
1.396109e+02 1.247790e+02 2.500000e-01 -2.185368e-08 -3.290779e-07 -1.027416e-06 1.079052e-06 7.220326e+01 -1.762006e+02 
1.406752e+02 1.247790e+02 2.500000e-01 -2.354415e-08 -3.288214e-07 -1.028578e-06 1.080116e-06 7.222914e+01 -1.759045e+02 
1.417396e+02 1.247790e+02 2.500000e-01 -2.525599e-08 -3.285468e-07 -1.029825e-06 1.081259e-06 7.225674e+01 -1.756042e+02 
1.428039e+02 1.247790e+02 2.500000e-01 -2.699087e-08 -3.282541e-07 -1.031160e-06 1.082484e-06 7.228605e+01 -1.752994e+02 
1.438683e+02 1.247790e+02 2.500000e-01 -2.875051e-08 -3.279432e-07 -1.032584e-06 1.083791e-06 7.231705e+01 -1.749897e+02 
1.449326e+02 1.247790e+02 2.500000e-01 -3.053665e-08 -3.276141e-07 -1.034097e-06 1.085182e-06 7.234971e+01 -1.746749e+02 
1.459970e+02 1.247790e+02 2.500000e-01 -3.235111e-08 -3.272667e-07 -1.035701e-06 1.086658e-06 7.238401e+01 -1.743545e+02 
1.470613e+02 1.247790e+02 2.500000e-01 -3.419575e-08 -3.269012e-07 -1.037397e-06 1.088221e-06 7.241991e+01 -1.740282e+02 
1.481257e+02 1.247790e+02 2.500000e-01 -3.607249e-08 -3.265174e-07 -1.039186e-06 1.089872e-06 7.245739e+01 -1.736957e+02 
1.491900e+02 1.247790e+02 2.500000e-01 -3.798331e-08 -3.261153e-07 -1.041070e-06 1.091614e-06 7.249640e+01 -1.733566e+02 
