# 1    , 2      , 3      , 4      , 5      , 6      , 7       
# dmeas, Bx_siB0, By_siB0, Bz_siB0, In_siB0, Ic_siB0, Dc_siB0 
0.000000e+00 2.709212e-05 3.745206e-06 3.466804e-05 4.415748e-05 5.172994e+01 7.870665e+00 
0.000000e+00 2.715722e-05 4.123486e-06 3.532036e-05 4.474422e-05 5.212795e+01 8.633706e+00 
0.000000e+00 2.724605e-05 4.385215e-06 3.619504e-05 4.551547e-05 5.267651e+01 9.143267e+00 
0.000000e+00 2.735942e-05 4.345994e-06 3.729785e-05 4.646025e-05 5.339741e+01 9.025918e+00 
0.000000e+00 2.748097e-05 3.773561e-06 3.847161e-05 4.742898e-05 5.420760e+01 7.818697e+00 
0.000000e+00 2.757009e-05 2.574755e-06 3.932900e-05 4.809895e-05 5.485208e+01 5.335346e+00 
0.000000e+00 2.758350e-05 1.029855e-06 3.945776e-05 4.815417e-05 5.502525e+01 2.138197e+00 
0.000000e+00 2.751362e-05 -3.243889e-07 3.878571e-05 4.755455e-05 5.464718e+01 -6.754929e-01 
0.000000e+00 2.739617e-05 -1.087540e-06 3.765305e-05 4.657773e-05 5.393909e+01 -2.273266e+00 
0.000000e+00 2.727811e-05 -1.256808e-06 3.650750e-05 4.559027e-05 5.320408e+01 -2.637973e+00 
0.000000e+00 2.718262e-05 -1.068821e-06 3.557081e-05 4.478080e-05 5.259219e+01 -2.251712e+00 
0.000000e+00 2.711087e-05 -7.246084e-07 3.485607e-05 4.416412e-05 5.211449e+01 -1.531014e+00 
0.000000e+00 2.705770e-05 -3.278226e-07 3.431623e-05 4.370161e-05 5.174284e+01 -6.941436e-01 
0.000000e+00 2.701868e-05 7.485545e-08 3.391152e-05 4.335903e-05 5.145414e+01 1.587380e-01 
0.000000e+00 2.699097e-05 4.575580e-07 3.361747e-05 4.311446e-05 5.123552e+01 9.712001e-01 
0.000000e+00 2.697197e-05 8.068282e-07 3.341168e-05 4.294739e-05 5.107487e+01 1.713411e+00 
0.000000e+00 2.695974e-05 1.127693e-06 3.327782e-05 4.284289e-05 5.096314e+01 2.395215e+00 
0.000000e+00 2.695357e-05 1.433320e-06 3.321039e-05 4.279578e-05 5.089761e+01 3.043972e+00 
0.000000e+00 2.695338e-05 1.739013e-06 3.320952e-05 4.280632e-05 5.087842e+01 3.691567e+00 
0.000000e+00 2.695975e-05 2.058943e-06 3.328063e-05 4.287969e-05 5.090847e+01 4.367258e+00 
0.000000e+00 2.697364e-05 2.398958e-06 3.343186e-05 4.302351e-05 5.099221e+01 5.082349e+00 
0.000000e+00 2.699552e-05 2.758938e-06 3.366607e-05 4.324088e-05 5.112986e+01 5.835360e+00 
0.000000e+00 2.702605e-05 3.139864e-06 3.398766e-05 4.353651e-05 5.132200e+01 6.626866e+00 
0.000000e+00 2.706728e-05 3.537848e-06 3.441347e-05 4.392541e-05 5.157779e+01 7.446671e+00 
0.000000e+00 2.712317e-05 3.933358e-06 3.497886e-05 4.443713e-05 5.192033e+01 8.251418e+00 
0.000000e+00 2.719987e-05 4.267391e-06 3.573984e-05 4.511518e-05 5.239073e+01 8.916457e+00 
0.000000e+00 2.730200e-05 4.400626e-06 3.673835e-05 4.598338e-05 5.302981e+01 9.156371e+00 
0.000000e+00 2.742303e-05 4.113968e-06 3.791068e-05 4.696985e-05 5.381626e+01 8.531815e+00 
0.000000e+00 2.753412e-05 3.212090e-06 3.898106e-05 4.783272e-05 5.458199e+01 6.653965e+00 
0.000000e+00 2.758832e-05 1.777443e-06 3.950209e-05 4.821503e-05 5.501376e+01 3.686321e+00 
0.000000e+00 2.755698e-05 2.626331e-07 3.920089e-05 4.791832e-05 5.489277e+01 5.460437e-01 
0.000000e+00 2.745649e-05 -8.143698e-07 3.823359e-05 4.707791e-05 5.430500e+01 -1.698916e+00 
0.000000e+00 2.733402e-05 -1.249656e-06 3.704954e-05 4.605843e-05 5.355264e+01 -2.617624e+00 
0.000000e+00 2.722645e-05 -1.204150e-06 3.600064e-05 4.515280e-05 5.287370e+01 -2.532383e+00 
0.000000e+00 2.714358e-05 -9.168766e-07 3.518190e-05 4.444525e-05 5.233326e+01 -1.934645e+00 
0.000000e+00 2.708194e-05 -5.355132e-07 3.456216e-05 4.391197e-05 5.191331e+01 -1.132808e+00 
0.000000e+00 2.703646e-05 -1.293334e-07 3.409541e-05 4.351418e-05 5.158650e+01 -2.740818e-01 
0.000000e+00 2.700366e-05 2.674658e-07 3.375103e-05 4.322500e-05 5.133589e+01 5.674846e-01 
0.000000e+00 2.698076e-05 6.338995e-07 3.350514e-05 4.302275e-05 5.114875e+01 1.345888e+00 
0.000000e+00 2.696531e-05 9.678579e-07 3.333664e-05 4.288819e-05 5.101330e+01 2.055618e+00 
0.000000e+00 2.695615e-05 1.280086e-06 3.323618e-05 4.281257e-05 5.092470e+01 2.718804e+00 
0.000000e+00 2.695296e-05 1.584893e-06 3.320196e-05 4.279421e-05 5.088232e+01 3.365242e+00 
0.000000e+00 2.695606e-05 1.897364e-06 3.323722e-05 4.283622e-05 5.088797e+01 4.026255e+00 
0.000000e+00 2.696630e-05 2.227038e-06 3.334974e-05 4.294586e-05 5.094606e+01 4.721113e+00 
0.000000e+00 2.698430e-05 2.575191e-06 3.354393e-05 4.312748e-05 5.105828e+01 5.451396e+00 
0.000000e+00 2.701039e-05 2.943430e-06 3.382135e-05 4.338328e-05 5.122343e+01 6.219208e+00 
0.000000e+00 2.704593e-05 3.332060e-06 3.419235e-05 4.372301e-05 5.144607e+01 7.023451e+00 
