# 1 , 2 , 3 , 4      , 5      , 6      , 7      , 8      , 9      , 10 (pm), 11 (pm), 12 (pm)  
# xm, ym, zm, IGRF_In, IGRF_Ic, IGRF_Dc, In_siB0, Ic_siB0, Dc_siB0, Bx_siB0, By_siB0, Bz_siB0  
1.247790e+02 1.002300e+02 1.254321e+00 4.518274e-05 5.346856e+01 3.327694e+00 4.679354e-05 5.050330e+01 2.232540e+00 2.973968e-05 1.159399e-06 3.610876e-05 
1.247790e+02 1.012943e+02 2.301620e+00 4.518274e-05 5.346856e+01 3.327694e+00 4.730311e-05 5.129531e+01 2.092093e+00 2.955923e-05 1.079803e-06 3.691436e-05 
1.247790e+02 1.023587e+02 3.257986e+00 4.518274e-05 5.346856e+01 3.327694e+00 4.766636e-05 5.235511e+01 1.963279e+00 2.909589e-05 9.973812e-07 3.774277e-05 
1.247790e+02 1.034230e+02 4.055393e+00 4.518274e-05 5.346856e+01 3.327694e+00 4.771620e-05 5.361770e+01 1.884252e+00 2.828852e-05 9.306430e-07 3.841522e-05 
1.247790e+02 1.044874e+02 4.637121e+00 4.518274e-05 5.346856e+01 3.327694e+00 4.734373e-05 5.486068e+01 1.897089e+00 2.723453e-05 9.020771e-07 3.871557e-05 
1.247790e+02 1.055517e+02 4.961791e+00 4.518274e-05 5.346856e+01 3.327694e+00 4.661560e-05 5.583006e+01 2.012490e+00 2.616547e-05 9.194290e-07 3.856860e-05 
1.247790e+02 1.066161e+02 5.006309e+00 4.518274e-05 5.346856e+01 3.327694e+00 4.567239e-05 5.641060e+01 2.211542e+00 2.524885e-05 9.750570e-07 3.804618e-05 
1.247790e+02 1.076804e+02 4.767509e+00 4.518274e-05 5.346856e+01 3.327694e+00 4.461256e-05 5.653065e+01 2.473814e+00 2.458049e-05 1.061952e-06 3.721495e-05 
1.247790e+02 1.087448e+02 4.262376e+00 4.518274e-05 5.346856e+01 3.327694e+00 4.358008e-05 5.608098e+01 2.759597e+00 2.429038e-05 1.170829e-06 3.616393e-05 
1.247790e+02 1.098091e+02 3.526841e+00 4.518274e-05 5.346856e+01 3.327694e+00 4.280506e-05 5.510243e+01 2.994418e+00 2.445581e-05 1.279286e-06 3.510769e-05 
1.247790e+02 1.108735e+02 2.613223e+00 4.518274e-05 5.346856e+01 3.327694e+00 4.241796e-05 5.388272e+01 3.128323e+00 2.496559e-05 1.364465e-06 3.426574e-05 
1.247790e+02 1.119378e+02 1.586508e+00 4.518274e-05 5.346856e+01 3.327694e+00 4.235472e-05 5.271276e+01 3.173259e+00 2.561962e-05 1.420365e-06 3.369777e-05 
1.247790e+02 1.130022e+02 5.197270e-01 4.518274e-05 5.346856e+01 3.327694e+00 4.249026e-05 5.171886e+01 3.163156e+00 2.628349e-05 1.452522e-06 3.335402e-05 
1.247790e+02 1.140665e+02 -5.112402e-01 4.518274e-05 5.346856e+01 3.327694e+00 4.272490e-05 5.091737e+01 3.125462e+00 2.689544e-05 1.468593e-06 3.316467e-05 
1.247790e+02 1.151309e+02 -1.433060e+00 4.518274e-05 5.346856e+01 3.327694e+00 4.300479e-05 5.028739e+01 3.074915e+00 2.743779e-05 1.473930e-06 3.308182e-05 
1.247790e+02 1.161952e+02 -2.180163e+00 4.518274e-05 5.346856e+01 3.327694e+00 4.330186e-05 4.980798e+01 3.018911e+00 2.790613e-05 1.471734e-06 3.307768e-05 
1.247790e+02 1.172596e+02 -2.699407e+00 4.518274e-05 5.346856e+01 3.327694e+00 4.360925e-05 4.946103e+01 2.959380e+00 2.830668e-05 1.463368e-06 3.314146e-05 
1.247790e+02 1.183239e+02 -2.953858e+00 4.518274e-05 5.346856e+01 3.327694e+00 4.392813e-05 4.923437e+01 2.896145e+00 2.864696e-05 1.449260e-06 3.327059e-05 
1.247790e+02 1.193883e+02 -2.925418e+00 4.518274e-05 5.346856e+01 3.327694e+00 4.426661e-05 4.911934e+01 2.827364e+00 2.893659e-05 1.429089e-06 3.346885e-05 
1.247790e+02 1.204526e+02 -2.616108e+00 4.518274e-05 5.346856e+01 3.327694e+00 4.463483e-05 4.910979e+01 2.750678e+00 2.918481e-05 1.402193e-06 3.374238e-05 
1.247790e+02 1.215170e+02 -2.047931e+00 4.518274e-05 5.346856e+01 3.327694e+00 4.504218e-05 4.920369e+01 2.663721e+00 2.939749e-05 1.367695e-06 3.409860e-05 
1.247790e+02 1.225813e+02 -1.261301e+00 4.518274e-05 5.346856e+01 3.327694e+00 4.549626e-05 4.940480e+01 2.564169e+00 2.957526e-05 1.324471e-06 3.454649e-05 
1.247790e+02 1.236457e+02 -3.121711e-01 4.518274e-05 5.346856e+01 3.327694e+00 4.599554e-05 4.972732e+01 2.450944e+00 2.970551e-05 1.271490e-06 3.509352e-05 
1.247790e+02 1.247100e+02 7.319463e-01 4.518274e-05 5.346856e+01 3.327694e+00 4.653048e-05 5.020235e+01 2.323384e+00 2.975867e-05 1.207397e-06 3.574982e-05 
1.247790e+02 1.257743e+02 1.796783e+00 4.518274e-05 5.346856e+01 3.327694e+00 4.706390e-05 5.087811e+01 2.184987e+00 2.967442e-05 1.132189e-06 3.651242e-05 
1.247790e+02 1.268387e+02 2.806596e+00 4.518274e-05 5.346856e+01 3.327694e+00 4.751606e-05 5.180704e+01 2.047012e+00 2.936099e-05 1.049430e-06 3.734444e-05 
1.247790e+02 1.279030e+02 3.689557e+00 4.518274e-05 5.346856e+01 3.327694e+00 4.773793e-05 5.298964e+01 1.938499e+00 2.871985e-05 9.720550e-07 3.812001e-05 
1.247790e+02 1.289674e+02 4.382861e+00 4.518274e-05 5.346856e+01 3.327694e+00 4.757410e-05 5.427893e+01 1.903154e+00 2.776033e-05 9.224350e-07 3.862393e-05 
1.247790e+02 1.300317e+02 4.837193e+00 4.518274e-05 5.346856e+01 3.327694e+00 4.700120e-05 5.540629e+01 1.970807e+00 2.666931e-05 9.177080e-07 3.869133e-05 
1.247790e+02 1.310961e+02 5.020236e+00 4.518274e-05 5.346856e+01 3.327694e+00 4.614782e-05 5.618425e+01 2.132759e+00 2.566458e-05 9.557713e-07 3.834107e-05 
1.247790e+02 1.321604e+02 4.918969e+00 4.518274e-05 5.346856e+01 3.327694e+00 4.513350e-05 5.654173e+01 2.367820e+00 2.486219e-05 1.028046e-06 3.765432e-05 
1.247790e+02 1.332248e+02 4.540597e+00 4.518274e-05 5.346856e+01 3.327694e+00 4.406258e-05 5.638045e+01 2.650398e+00 2.437028e-05 1.128129e-06 3.669233e-05 
1.247790e+02 1.342891e+02 3.912033e+00 4.518274e-05 5.346856e+01 3.327694e+00 4.313516e-05 5.563601e+01 2.919742e+00 2.431596e-05 1.240194e-06 3.560671e-05 
1.247790e+02 1.353535e+02 3.077987e+00 4.518274e-05 5.346856e+01 3.327694e+00 4.255710e-05 5.448894e+01 3.104500e+00 2.468344e-05 1.338752e-06 3.464162e-05 
1.247790e+02 1.364178e+02 2.097785e+00 4.518274e-05 5.346856e+01 3.327694e+00 4.235299e-05 5.326836e+01 3.187955e+00 2.529076e-05 1.408640e-06 3.394362e-05 
1.247790e+02 1.374822e+02 1.041149e+00 4.518274e-05 5.346856e+01 3.327694e+00 4.240865e-05 5.217994e+01 3.199650e+00 2.596375e-05 1.451440e-06 3.350031e-05 
1.247790e+02 1.385465e+02 -1.676191e-02 4.518274e-05 5.346856e+01 3.327694e+00 4.260636e-05 5.128544e+01 3.172007e+00 2.660694e-05 1.474519e-06 3.324453e-05 
1.247790e+02 1.396109e+02 -1.000698e+00 4.518274e-05 5.346856e+01 3.327694e+00 4.287061e-05 5.057350e+01 3.125821e+00 2.718610e-05 1.484634e-06 3.311497e-05 
1.247790e+02 1.406752e+02 -1.840670e+00 4.518274e-05 5.346856e+01 3.327694e+00 4.316326e-05 5.002345e+01 3.071263e+00 2.769145e-05 1.485786e-06 3.307633e-05 
1.247790e+02 1.417396e+02 -2.476933e+00 4.518274e-05 5.346856e+01 3.327694e+00 4.346741e-05 4.961279e+01 3.012887e+00 2.812577e-05 1.480353e-06 3.310839e-05 
1.247790e+02 1.428039e+02 -2.864227e+00 4.518274e-05 5.346856e+01 3.327694e+00 4.378072e-05 4.932874e+01 2.951302e+00 2.849484e-05 1.469067e-06 3.320598e-05 
1.247790e+02 1.438683e+02 -2.975005e+00 4.518274e-05 5.346856e+01 3.327694e+00 4.410876e-05 4.916029e+01 2.885279e+00 2.880814e-05 1.451937e-06 3.337013e-05 
1.247790e+02 1.449326e+02 -2.801387e+00 4.518274e-05 5.346856e+01 3.327694e+00 4.446080e-05 4.910011e+01 2.812677e+00 2.907517e-05 1.428461e-06 3.360591e-05 
1.247790e+02 1.459970e+02 -2.355722e+00 4.518274e-05 5.346856e+01 3.327694e+00 4.484723e-05 4.914399e+01 2.731002e+00 2.930396e-05 1.397831e-06 3.392046e-05 
1.247790e+02 1.470613e+02 -1.669711e+00 4.518274e-05 5.346856e+01 3.327694e+00 4.527637e-05 4.929151e+01 2.638017e+00 2.949844e-05 1.359130e-06 3.432120e-05 
1.247790e+02 1.481257e+02 -7.921498e-01 4.518274e-05 5.346856e+01 3.327694e+00 4.575197e-05 4.955327e+01 2.531821e+00 2.965219e-05 1.311143e-06 3.481768e-05 
1.247790e+02 1.491900e+02 2.145401e-01 4.518274e-05 5.346856e+01 3.327694e+00 4.627010e-05 4.994876e+01 2.411422e+00 2.974717e-05 1.252716e-06 3.541834e-05 
