# 1,2,3, 4    , 5    , 6    , 7    , 8    , 9     
# x,y,z, Bx_si, By_si, Bz_si, In_si, Ic_si, Dc_si 
1.247790e+02 1.002300e+02 1.254321e+00 -4.018012e-07 2.889379e-06 1.969387e-07 2.923823e-06 -3.862171e+00 -7.916862e+00 
1.247790e+02 1.012943e+02 2.301620e+00 -4.813973e-07 2.708928e-06 -6.086584e-07 2.817889e-06 1.247408e+01 -1.007670e+01 
1.247790e+02 1.023587e+02 3.257986e+00 -5.638188e-07 2.245594e-06 -1.437067e-06 2.725022e-06 3.182725e+01 -1.409435e+01 
1.247790e+02 1.034230e+02 4.055393e+00 -6.305570e-07 1.438219e-06 -2.109518e-06 2.629856e-06 5.333513e+01 -2.367404e+01 
1.247790e+02 1.044874e+02 4.637121e+00 -6.591229e-07 3.842334e-07 -2.409871e-06 2.527757e-06 7.243274e+01 -5.976010e+01 
1.247790e+02 1.055517e+02 4.961791e+00 -6.417710e-07 -6.848308e-07 -2.262896e-06 2.449809e-06 6.747362e+01 -1.368591e+02 
1.247790e+02 1.066161e+02 5.006309e+00 -5.861430e-07 -1.601445e-06 -1.740480e-06 2.436691e-06 4.558425e+01 -1.598969e+02 
1.247790e+02 1.076804e+02 4.767509e+00 -4.992479e-07 -2.269813e-06 -9.092465e-07 2.495602e-06 2.136694e+01 -1.675953e+02 
1.247790e+02 1.087448e+02 4.262376e+00 -3.903710e-07 -2.559916e-06 1.417690e-07 2.593388e-06 -3.133668e+00 -1.713296e+02 
1.247790e+02 1.098091e+02 3.526841e+00 -2.819142e-07 -2.394488e-06 1.198011e-06 2.692263e-06 -2.642224e+01 -1.732852e+02 
1.247790e+02 1.108735e+02 2.613223e+00 -1.967347e-07 -1.884715e-06 2.039956e-06 2.784291e-06 -4.711039e+01 -1.740408e+02 
1.247790e+02 1.119378e+02 1.586508e+00 -1.408348e-07 -1.230678e-06 2.607928e-06 2.887160e-06 -6.459328e+01 -1.734717e+02 
1.247790e+02 1.130022e+02 5.197270e-01 -1.086784e-07 -5.668105e-07 2.951685e-06 3.007578e-06 -7.893668e+01 -1.691460e+02 
1.247790e+02 1.140665e+02 -5.112402e-01 -9.260722e-08 4.514284e-08 3.141025e-06 3.142714e-06 -8.812140e+01 -6.401236e+01 
1.247790e+02 1.151309e+02 -1.433060e+00 -8.726995e-08 5.874948e-07 3.223880e-06 3.278135e-06 -7.956135e+01 -8.449268e+00 
1.247790e+02 1.161952e+02 -2.180163e+00 -8.946570e-08 1.055832e-06 3.228022e-06 3.397486e-06 -7.182730e+01 -4.843377e+00 
1.247790e+02 1.172596e+02 -2.699407e+00 -9.783194e-08 1.456385e-06 3.164238e-06 3.484685e-06 -6.523606e+01 -3.843043e+00 
1.247790e+02 1.183239e+02 -2.953858e+00 -1.119398e-07 1.796660e-06 3.035107e-06 3.528795e-06 -5.932752e+01 -3.565172e+00 
1.247790e+02 1.193883e+02 -2.925418e+00 -1.321114e-07 2.086292e-06 2.836852e-06 3.523889e-06 -5.361358e+01 -3.623335e+00 
1.247790e+02 1.204526e+02 -2.616108e+00 -1.590070e-07 2.334510e-06 2.563317e-06 3.470708e-06 -4.760866e+01 -3.896483e+00 
1.247790e+02 1.215170e+02 -2.047931e+00 -1.935046e-07 2.547192e-06 2.207100e-06 3.375933e-06 -4.082682e+01 -4.344289e+00 
1.247790e+02 1.225813e+02 -1.261301e+00 -2.367287e-07 2.724957e-06 1.759214e-06 3.252117e-06 -3.274793e+01 -4.965064e+00 
1.247790e+02 1.236457e+02 -3.121711e-01 -2.897103e-07 2.855214e-06 1.212177e-06 3.115374e-06 -2.289821e+01 -5.793808e+00 
1.247790e+02 1.247100e+02 7.319463e-01 -3.538034e-07 2.908365e-06 5.558756e-07 2.982073e-06 -1.074310e+01 -6.935966e+00 
1.247790e+02 1.257743e+02 1.796783e+00 -4.290106e-07 2.824123e-06 -2.067225e-07 2.863993e-06 4.139197e+00 -8.637722e+00 
1.247790e+02 1.268387e+02 2.806596e+00 -5.117702e-07 2.510693e-06 -1.038738e-06 2.764862e-06 2.206713e+01 -1.152112e+01 
1.247790e+02 1.279030e+02 3.689557e+00 -5.891450e-07 1.869550e-06 -1.814309e-06 2.670960e-06 4.278680e+01 -1.749103e+01 
1.247790e+02 1.289674e+02 4.382861e+00 -6.387650e-07 9.100318e-07 -2.318229e-06 2.571063e-06 6.437736e+01 -3.506559e+01 
1.247790e+02 1.300317e+02 4.837193e+00 -6.434920e-07 -1.809949e-07 -2.385630e-06 2.477513e-06 7.434695e+01 -1.057097e+02 
1.247790e+02 1.310961e+02 5.020236e+00 -6.054287e-07 -1.185723e-06 -2.035366e-06 2.432118e-06 5.681103e+01 -1.529512e+02 
1.247790e+02 1.321604e+02 4.918969e+00 -5.331535e-07 -1.988114e-06 -1.348621e-06 2.460819e-06 3.323248e+01 -1.649882e+02 
1.247790e+02 1.332248e+02 4.540597e+00 -4.330707e-07 -2.480021e-06 -3.866349e-07 2.547065e-06 8.731036e+00 -1.700947e+02 
1.247790e+02 1.342891e+02 3.912033e+00 -3.210065e-07 -2.534337e-06 6.989928e-07 2.648490e-06 -1.530286e+01 -1.727812e+02 
1.247790e+02 1.353535e+02 3.077987e+00 -2.224482e-07 -2.166860e-06 1.664075e-06 2.741152e-06 -3.737806e+01 -1.741386e+02 
1.247790e+02 1.364178e+02 2.097785e+00 -1.525603e-07 -1.559539e-06 2.362081e-06 2.834583e-06 -5.644007e+01 -1.744129e+02 
1.247790e+02 1.374822e+02 1.041149e+00 -1.097598e-07 -8.865451e-07 2.805392e-06 2.944186e-06 -7.233710e+01 -1.729423e+02 
1.247790e+02 1.385465e+02 -1.676191e-02 -8.668075e-08 -2.433624e-07 3.061167e-06 3.072049e-06 -8.517612e+01 -1.603951e+02 
1.247790e+02 1.396109e+02 -1.000698e+00 -7.656593e-08 3.357960e-07 3.190732e-06 3.209267e-06 -8.383922e+01 -1.284460e+01 
1.247790e+02 1.406752e+02 -1.840670e+00 -7.541399e-08 8.411454e-07 3.229372e-06 3.337972e-06 -7.534467e+01 -5.123230e+00 
1.247790e+02 1.417396e+02 -2.476933e+00 -8.084750e-08 1.275471e-06 3.197313e-06 3.443280e-06 -6.821241e+01 -3.626919e+00 
1.247790e+02 1.428039e+02 -2.864227e+00 -9.213329e-08 1.644535e-06 3.099718e-06 3.510161e-06 -6.201492e+01 -3.206581e+00 
1.247790e+02 1.438683e+02 -2.975005e+00 -1.092628e-07 1.957843e-06 2.935569e-06 3.530248e-06 -5.625803e+01 -3.194236e+00 
1.247790e+02 1.449326e+02 -2.801387e+00 -1.327385e-07 2.224868e-06 2.699794e-06 3.500935e-06 -5.045851e+01 -3.414294e+00 
1.247790e+02 1.459970e+02 -2.355722e+00 -1.633689e-07 2.453658e-06 2.385236e-06 3.425854e-06 -4.412656e+01 -3.809234e+00 
1.247790e+02 1.470613e+02 -1.669711e+00 -2.020698e-07 2.648142e-06 1.984503e-06 3.315379e-06 -3.676790e+01 -4.363570e+00 
1.247790e+02 1.481257e+02 -7.921498e-01 -2.500574e-07 2.801894e-06 1.488023e-06 3.182350e-06 -2.787773e+01 -5.099900e+00 
1.247790e+02 1.491900e+02 2.145401e-01 -3.084835e-07 2.896865e-06 8.873629e-07 3.045391e-06 -1.694053e+01 -6.078447e+00 
