# 1 , 2 , 3 , 4      , 5      , 6      , 7      , 8      , 9      , 10 (pm), 11 (pm), 12 (pm)  
# xm, ym, zm, IGRF_In, IGRF_Ic, IGRF_Dc, In_siB0, Ic_siB0, Dc_siB0, Bx_siB0, By_siB0, Bz_siB0  
1.247790e+02 1.002300e+02 1.254321e+00 4.518274e-05 5.346856e+01 3.327694e+00 4.742819e-05 5.161020e+01 2.256779e+00 2.943046e-05 1.159813e-06 3.717441e-05 
1.247790e+02 1.012943e+02 2.301620e+00 4.518274e-05 5.346856e+01 3.327694e+00 4.794733e-05 5.237772e+01 2.115019e+00 2.924966e-05 1.080214e-06 3.797680e-05 
1.247790e+02 1.023587e+02 3.257986e+00 4.518274e-05 5.346856e+01 3.327694e+00 4.832422e-05 5.341310e+01 1.985213e+00 2.878595e-05 9.977891e-07 3.880212e-05 
1.247790e+02 1.034230e+02 4.055393e+00 4.518274e-05 5.346856e+01 3.327694e+00 4.839060e-05 5.465537e+01 1.905967e+00 2.797814e-05 9.310475e-07 3.947159e-05 
1.247790e+02 1.044874e+02 4.637121e+00 4.518274e-05 5.346856e+01 3.327694e+00 4.803415e-05 5.588705e+01 1.919828e+00 2.692368e-05 9.024782e-07 3.976908e-05 
1.247790e+02 1.055517e+02 4.961791e+00 4.518274e-05 5.346856e+01 3.327694e+00 4.731780e-05 5.685646e+01 2.037587e+00 2.585410e-05 9.198267e-07 3.961936e-05 
1.247790e+02 1.066161e+02 5.006309e+00 4.518274e-05 5.346856e+01 3.327694e+00 4.638066e-05 5.744773e+01 2.240083e+00 2.493692e-05 9.754513e-07 3.909430e-05 
1.247790e+02 1.076804e+02 4.767509e+00 4.518274e-05 5.346856e+01 3.327694e+00 4.532029e-05 5.758900e+01 2.506556e+00 2.426793e-05 1.062343e-06 3.826052e-05 
1.247790e+02 1.087448e+02 4.262376e+00 4.518274e-05 5.346856e+01 3.327694e+00 4.427914e-05 5.717017e+01 2.796513e+00 2.397716e-05 1.171216e-06 3.720707e-05 
1.247790e+02 1.098091e+02 3.526841e+00 4.518274e-05 5.346856e+01 3.327694e+00 4.348771e-05 5.622577e+01 3.034193e+00 2.414187e-05 1.279670e-06 3.614849e-05 
1.247790e+02 1.108735e+02 2.613223e+00 4.518274e-05 5.346856e+01 3.327694e+00 4.308042e-05 5.503455e+01 3.169061e+00 2.465088e-05 1.364846e-06 3.530431e-05 
1.247790e+02 1.119378e+02 1.586508e+00 4.518274e-05 5.346856e+01 3.327694e+00 4.299744e-05 5.388349e+01 3.213596e+00 2.530409e-05 1.420742e-06 3.473420e-05 
1.247790e+02 1.130022e+02 5.197270e-01 4.518274e-05 5.346856e+01 3.327694e+00 4.311568e-05 5.290004e+01 3.202440e+00 2.596708e-05 1.452895e-06 3.438840e-05 
1.247790e+02 1.140665e+02 -5.112402e-01 4.518274e-05 5.346856e+01 3.327694e+00 4.333584e-05 5.210318e+01 3.163499e+00 2.657811e-05 1.468962e-06 3.419710e-05 
1.247790e+02 1.151309e+02 -1.433060e+00 4.518274e-05 5.346856e+01 3.327694e+00 4.360383e-05 5.147398e+01 3.111708e+00 2.711947e-05 1.474296e-06 3.411239e-05 
1.247790e+02 1.161952e+02 -2.180163e+00 4.518274e-05 5.346856e+01 3.327694e+00 4.389132e-05 5.099276e+01 3.054545e+00 2.758676e-05 1.472097e-06 3.410647e-05 
1.247790e+02 1.172596e+02 -2.699407e+00 4.518274e-05 5.346856e+01 3.327694e+00 4.419120e-05 5.064200e+01 2.993940e+00 2.798621e-05 1.463727e-06 3.416857e-05 
1.247790e+02 1.183239e+02 -2.953858e+00 4.518274e-05 5.346856e+01 3.327694e+00 4.450448e-05 5.040974e+01 2.929691e+00 2.832532e-05 1.449616e-06 3.429611e-05 
1.247790e+02 1.193883e+02 -2.925418e+00 4.518274e-05 5.346856e+01 3.327694e+00 4.483911e-05 5.028732e+01 2.859916e+00 2.861373e-05 1.429440e-06 3.449285e-05 
1.247790e+02 1.204526e+02 -2.616108e+00 4.518274e-05 5.346856e+01 3.327694e+00 4.520517e-05 5.026851e+01 2.782213e+00 2.886066e-05 1.402541e-06 3.476496e-05 
1.247790e+02 1.215170e+02 -2.047931e+00 4.518274e-05 5.346856e+01 3.327694e+00 4.561201e-05 5.035111e+01 2.694178e+00 2.907200e-05 1.368040e-06 3.511983e-05 
1.247790e+02 1.225813e+02 -1.261301e+00 4.518274e-05 5.346856e+01 3.327694e+00 4.606728e-05 5.053877e+01 2.593456e+00 2.924835e-05 1.324812e-06 3.556646e-05 
1.247790e+02 1.236457e+02 -3.121711e-01 4.518274e-05 5.346856e+01 3.327694e+00 4.656965e-05 5.084562e+01 2.478964e+00 2.937712e-05 1.271827e-06 3.611232e-05 
1.247790e+02 1.247100e+02 7.319463e-01 4.518274e-05 5.346856e+01 3.327694e+00 4.711007e-05 5.130269e+01 2.350052e+00 2.942873e-05 1.207730e-06 3.676752e-05 
1.247790e+02 1.257743e+02 1.796783e+00 4.518274e-05 5.346856e+01 3.327694e+00 4.765207e-05 5.195853e+01 2.210294e+00 2.934287e-05 1.132519e-06 3.752909e-05 
1.247790e+02 1.268387e+02 2.806596e+00 4.518274e-05 5.346856e+01 3.327694e+00 4.811668e-05 5.286661e+01 2.071134e+00 2.902775e-05 1.049756e-06 3.836017e-05 
1.247790e+02 1.279030e+02 3.689557e+00 4.518274e-05 5.346856e+01 3.327694e+00 4.835476e-05 5.403034e+01 1.962009e+00 2.838485e-05 9.723770e-07 3.913487e-05 
1.247790e+02 1.289674e+02 4.382861e+00 4.518274e-05 5.346856e+01 3.327694e+00 4.820862e-05 5.530746e+01 1.927177e+00 2.742350e-05 9.227533e-07 3.963800e-05 
1.247790e+02 1.300317e+02 4.837193e+00 4.518274e-05 5.346856e+01 3.327694e+00 4.765085e-05 5.643321e+01 1.996824e+00 2.633057e-05 9.180225e-07 3.970469e-05 
1.247790e+02 1.310961e+02 5.020236e+00 4.518274e-05 5.346856e+01 3.327694e+00 4.680739e-05 5.722046e+01 2.162129e+00 2.532386e-05 9.560819e-07 3.935378e-05 
1.247790e+02 1.321604e+02 4.918969e+00 4.518274e-05 5.346856e+01 3.327694e+00 4.579689e-05 5.759739e+01 2.401599e+00 2.451941e-05 1.028353e-06 3.866647e-05 
1.247790e+02 1.332248e+02 4.540597e+00 4.518274e-05 5.346856e+01 3.327694e+00 4.472228e-05 5.746569e+01 2.689113e+00 2.402536e-05 1.128432e-06 3.770400e-05 
1.247790e+02 1.342891e+02 3.912033e+00 4.518274e-05 5.346856e+01 3.327694e+00 4.378262e-05 5.675752e+01 2.962666e+00 2.396883e-05 1.240493e-06 3.661795e-05 
1.247790e+02 1.353535e+02 3.077987e+00 4.518274e-05 5.346856e+01 3.327694e+00 4.318610e-05 5.564486e+01 3.149685e+00 2.433400e-05 1.339047e-06 3.565252e-05 
1.247790e+02 1.364178e+02 2.097785e+00 4.518274e-05 5.346856e+01 3.327694e+00 4.296201e-05 5.444997e+01 3.233501e+00 2.493893e-05 1.408931e-06 3.495424e-05 
1.247790e+02 1.374822e+02 1.041149e+00 4.518274e-05 5.346856e+01 3.327694e+00 4.299933e-05 5.337793e+01 3.244463e+00 2.560945e-05 1.451727e-06 3.451073e-05 
1.247790e+02 1.385465e+02 -1.676191e-02 4.518274e-05 5.346856e+01 3.327694e+00 4.318141e-05 5.249283e+01 3.215657e+00 2.625007e-05 1.474803e-06 3.425483e-05 
1.247790e+02 1.396109e+02 -1.000698e+00 4.518274e-05 5.346856e+01 3.327694e+00 4.343270e-05 5.178574e+01 3.168222e+00 2.682657e-05 1.484913e-06 3.412520e-05 
1.247790e+02 1.406752e+02 -1.840670e+00 4.518274e-05 5.346856e+01 3.327694e+00 4.371484e-05 5.123755e+01 3.112471e+00 2.732917e-05 1.486061e-06 3.408658e-05 
1.247790e+02 1.417396e+02 -2.476933e+00 4.518274e-05 5.346856e+01 3.327694e+00 4.401061e-05 5.082667e+01 3.052996e+00 2.776066e-05 1.480624e-06 3.411872e-05 
1.247790e+02 1.428039e+02 -2.864227e+00 4.518274e-05 5.346856e+01 3.327694e+00 4.431751e-05 5.054065e+01 2.990395e+00 2.812678e-05 1.469334e-06 3.421647e-05 
1.247790e+02 1.438683e+02 -2.975005e+00 4.518274e-05 5.346856e+01 3.327694e+00 4.464098e-05 5.036856e+01 2.923396e+00 2.843704e-05 1.452200e-06 3.438085e-05 
1.247790e+02 1.449326e+02 -2.801387e+00 4.518274e-05 5.346856e+01 3.327694e+00 4.499017e-05 5.030299e+01 2.849808e+00 2.870092e-05 1.428720e-06 3.461692e-05 
1.247790e+02 1.459970e+02 -2.355722e+00 4.518274e-05 5.346856e+01 3.327694e+00 4.537542e-05 5.033958e+01 2.767090e+00 2.892646e-05 1.398086e-06 3.493184e-05 
1.247790e+02 1.470613e+02 -1.669711e+00 4.518274e-05 5.346856e+01 3.327694e+00 4.580506e-05 5.047778e+01 2.672964e+00 2.911759e-05 1.359381e-06 3.533301e-05 
1.247790e+02 1.481257e+02 -7.921498e-01 4.518274e-05 5.346856e+01 3.327694e+00 4.628301e-05 5.072805e+01 2.565504e+00 2.926787e-05 1.311389e-06 3.583000e-05 
1.247790e+02 1.491900e+02 2.145401e-01 4.518274e-05 5.346856e+01 3.327694e+00 4.680567e-05 5.110983e+01 2.443717e+00 2.935926e-05 1.252959e-06 3.643124e-05 
