# 1 , 2 , 3 , 4      , 5      , 6      , 7      , 8      , 9      ,                       10 (pm), 11 (pm), 12 (pm)  
# xm, ym, zm, IGRF_In, IGRF_Ic, IGRF_Dc, In_siB0, Ic_siB0, Dc_siB0,                       Bx_siB0, By_siB0, Bz_siB0  
1.002300e+02 1.247790e+02 2.007864e+00 2.215188e-05 -3.250676e+01 -1.512331e+01 2.172053e-05 -2.928324e+01 -2.029732e+01 1.776853e-05 -6.571835e-06 -1.062410e-05 
1.012943e+02 1.247790e+02 3.055164e+00 2.215188e-05 -3.250676e+01 -1.512331e+01 2.200823e-05 -3.066182e+01 -2.068868e+01 1.771050e-05 -6.688243e-06 -1.122353e-05 
1.023587e+02 1.247790e+02 4.011530e+00 2.215188e-05 -3.250676e+01 -1.512331e+01 2.226935e-05 -3.222501e+01 -2.049462e+01 1.764657e-05 -6.595894e-06 -1.187503e-05 
1.034230e+02 1.247790e+02 4.808937e+00 2.215188e-05 -3.250676e+01 -1.512331e+01 2.244106e-05 -3.369359e+01 -1.959483e+01 1.759003e-05 -6.261740e-06 -1.244921e-05 
1.044874e+02 1.247790e+02 5.390665e+00 2.215188e-05 -3.250676e+01 -1.512331e+01 2.249353e-05 -3.477719e+01 -1.818583e+01 1.755278e-05 -5.766250e-06 -1.283001e-05 
1.055517e+02 1.247790e+02 5.715335e+00 2.215188e-05 -3.250676e+01 -1.512331e+01 2.245023e-05 -3.541019e+01 -1.659234e+01 1.753560e-05 -5.225036e-06 -1.300825e-05 
1.066161e+02 1.247790e+02 5.759853e+00 2.215188e-05 -3.250676e+01 -1.512331e+01 2.234196e-05 -3.567737e+01 -1.496076e+01 1.753350e-05 -4.685220e-06 -1.303029e-05 
1.076804e+02 1.247790e+02 5.521053e+00 2.215188e-05 -3.250676e+01 -1.512331e+01 2.217112e-05 -3.559769e+01 -1.328453e+01 1.754546e-05 -4.142570e-06 -1.290559e-05 
1.087448e+02 1.247790e+02 5.015920e+00 2.215188e-05 -3.250676e+01 -1.512331e+01 2.192235e-05 -3.505708e+01 -1.164227e+01 1.757601e-05 -3.621350e-06 -1.259202e-05 
1.098091e+02 1.247790e+02 4.280385e+00 2.215188e-05 -3.250676e+01 -1.512331e+01 2.160539e-05 -3.396349e+01 -1.035815e+01 1.762735e-05 -3.221917e-06 -1.207017e-05 
1.108735e+02 1.247790e+02 3.366767e+00 2.215188e-05 -3.250676e+01 -1.512331e+01 2.127991e-05 -3.247815e+01 -9.782777e+00 1.769061e-05 -3.050224e-06 -1.142684e-05 
1.119378e+02 1.247790e+02 2.340052e+00 2.215188e-05 -3.250676e+01 -1.512331e+01 2.101040e-05 -3.093623e+01 -9.929491e+00 1.775151e-05 -3.107551e-06 -1.080111e-05 
1.130022e+02 1.247790e+02 1.273271e+00 2.215188e-05 -3.250676e+01 -1.512331e+01 2.081988e-05 -2.957311e+01 -1.054614e+01 1.780173e-05 -3.314186e-06 -1.027532e-05 
1.140665e+02 1.247790e+02 2.423037e-01 2.215188e-05 -3.250676e+01 -1.512331e+01 2.069979e-05 -2.846197e+01 -1.138176e+01 1.784000e-05 -3.591267e-06 -9.865007e-06 
1.151309e+02 1.247790e+02 -6.795161e-01 2.215188e-05 -3.250676e+01 -1.512331e+01 2.063395e-05 -2.759616e+01 -1.228316e+01 1.786791e-05 -3.890333e-06 -9.558402e-06 
1.161952e+02 1.247790e+02 -1.426619e+00 2.215188e-05 -3.250676e+01 -1.512331e+01 2.060946e-05 -2.695165e+01 -1.317815e+01 1.788727e-05 -4.188225e-06 -9.340999e-06 
1.172596e+02 1.247790e+02 -1.945863e+00 2.215188e-05 -3.250676e+01 -1.512331e+01 2.061854e-05 -2.650882e+01 -1.404329e+01 1.789938e-05 -4.477186e-06 -9.202789e-06 
1.183239e+02 1.247790e+02 -2.200315e+00 2.215188e-05 -3.250676e+01 -1.512331e+01 2.065763e-05 -2.625523e+01 -1.488224e+01 1.790498e-05 -4.758206e-06 -9.138329e-06 
1.193883e+02 1.247790e+02 -2.171874e+00 2.215188e-05 -3.250676e+01 -1.512331e+01 2.072616e-05 -2.618375e+01 -1.571184e+01 1.790437e-05 -5.036683e-06 -9.145448e-06 
1.204526e+02 1.247790e+02 -1.862564e+00 2.215188e-05 -3.250676e+01 -1.512331e+01 2.082556e-05 -2.629131e+01 -1.655211e+01 1.789752e-05 -5.319196e-06 -9.224377e-06 
1.215170e+02 1.247790e+02 -1.294387e+00 2.215188e-05 -3.250676e+01 -1.512331e+01 2.095856e-05 -2.658004e+01 -1.741751e+01 1.788404e-05 -5.610522e-06 -9.377855e-06 
1.225813e+02 1.247790e+02 -5.077570e-01 2.215188e-05 -3.250676e+01 -1.512331e+01 2.112853e-05 -2.706083e+01 -1.830755e+01 1.786310e-05 -5.910267e-06 -9.612134e-06 
1.236457e+02 1.247790e+02 4.413729e-01 2.215188e-05 -3.250676e+01 -1.512331e+01 2.133863e-05 -2.775818e+01 -1.919428e+01 1.783328e-05 -6.208210e-06 -9.938272e-06 
1.247100e+02 1.247790e+02 1.485490e+00 2.215188e-05 -3.250676e+01 -1.512331e+01 2.158916e-05 -2.871067e+01 -2.000252e+01 1.779271e-05 -6.476905e-06 -1.037115e-05 
1.257743e+02 1.247790e+02 2.550327e+00 2.215188e-05 -3.250676e+01 -1.512331e+01 2.187082e-05 -2.995292e+01 -2.058212e+01 1.774009e-05 -6.661745e-06 -1.091984e-05 
1.268387e+02 1.247790e+02 3.560140e+00 2.215188e-05 -3.250676e+01 -1.512331e+01 2.215209e-05 -3.145161e+01 -2.069838e+01 1.767777e-05 -6.679303e-06 -1.155848e-05 
1.279030e+02 1.247790e+02 4.443101e+00 2.215188e-05 -3.250676e+01 -1.512331e+01 2.237420e-05 -3.301013e+01 -2.013544e+01 1.761569e-05 -6.458788e-06 -1.218918e-05 
1.289674e+02 1.247790e+02 5.136405e+00 2.215188e-05 -3.250676e+01 -1.512331e+01 2.248439e-05 -3.430738e+01 -1.893023e+01 1.756817e-05 -6.025287e-06 -1.267293e-05 
1.300317e+02 1.247790e+02 5.590737e+00 2.215188e-05 -3.250676e+01 -1.512331e+01 2.248284e-05 -3.515418e+01 -1.739166e+01 1.754174e-05 -5.494445e-06 -1.294514e-05 
1.310961e+02 1.247790e+02 5.773780e+00 2.215188e-05 -3.250676e+01 -1.512331e+01 2.240380e-05 -3.558970e+01 -1.577381e+01 1.753281e-05 -4.952631e-06 -1.303849e-05 
1.321604e+02 1.247790e+02 5.672513e+00 2.215188e-05 -3.250676e+01 -1.512331e+01 2.226496e-05 -3.568623e+01 -1.412167e+01 1.753763e-05 -4.412199e-06 -1.298818e-05 
1.332248e+02 1.247790e+02 5.294141e+00 2.215188e-05 -3.250676e+01 -1.512331e+01 2.205572e-05 -3.538952e+01 -1.244003e+01 1.755842e-05 -3.873330e-06 -1.277318e-05 
1.342891e+02 1.247790e+02 4.665577e+00 2.215188e-05 -3.250676e+01 -1.512331e+01 2.176748e-05 -3.456465e+01 -1.093165e+01 1.759996e-05 -3.399302e-06 -1.234947e-05 
1.353535e+02 1.247790e+02 3.831531e+00 2.215188e-05 -3.250676e+01 -1.512331e+01 2.143679e-05 -3.323236e+01 -9.987159e+00 1.765920e-05 -3.109713e-06 -1.174813e-05 
1.364178e+02 1.247790e+02 2.851329e+00 2.215188e-05 -3.250676e+01 -1.512331e+01 2.113433e-05 -3.167724e+01 -9.808214e+00 1.772284e-05 -3.063883e-06 -1.109835e-05 
1.374822e+02 1.247790e+02 1.794693e+00 2.215188e-05 -3.250676e+01 -1.512331e+01 2.090533e-05 -3.020857e+01 -1.023678e+01 1.777879e-05 -3.210693e-06 -1.051850e-05 
1.385465e+02 1.247790e+02 7.367820e-01 2.215188e-05 -3.250676e+01 -1.512331e+01 2.075324e-05 -2.897178e+01 -1.099629e+01 1.782279e-05 -3.463203e-06 -1.005243e-05 
1.396109e+02 1.247790e+02 -2.471536e-01 2.215188e-05 -3.250676e+01 -1.512331e+01 2.066335e-05 -2.798855e+01 -1.188383e+01 1.785551e-05 -3.757485e-06 -9.697207e-06 
1.406752e+02 1.247790e+02 -1.087127e+00 2.215188e-05 -3.250676e+01 -1.512331e+01 2.062048e-05 -2.723853e+01 -1.279156e+01 1.787884e-05 -4.059203e-06 -9.437913e-06 
1.417396e+02 1.247790e+02 -1.723389e+00 2.215188e-05 -3.250676e+01 -1.512331e+01 2.061436e-05 -2.669897e+01 -1.367533e+01 1.789436e-05 -4.354013e-06 -9.262094e-06 
1.428039e+02 1.247790e+02 -2.110683e+00 2.215188e-05 -3.250676e+01 -1.512331e+01 2.063947e-05 -2.635401e+01 -1.452741e+01 1.790307e-05 -4.639187e-06 -9.162190e-06 
1.438683e+02 1.247790e+02 -2.221461e+00 2.215188e-05 -3.250676e+01 -1.512331e+01 2.069387e-05 -2.619416e+01 -1.535945e+01 1.790547e-05 -4.918356e-06 -9.134575e-06 
1.449326e+02 1.247790e+02 -2.047843e+00 2.215188e-05 -3.250676e+01 -1.512331e+01 2.077811e-05 -2.621437e+01 -1.619100e+01 1.790169e-05 -5.197870e-06 -9.178336e-06 
1.459970e+02 1.247790e+02 -1.602178e+00 2.215188e-05 -3.250676e+01 -1.512331e+01 2.089434e-05 -2.641387e+01 -1.704040e+01 1.789152e-05 -5.483785e-06 -9.294891e-06 
1.470613e+02 1.247790e+02 -9.161670e-01 2.215188e-05 -3.250676e+01 -1.512331e+01 2.104569e-05 -2.679866e+01 -1.791594e+01 1.787439e-05 -5.778763e-06 -9.488591e-06 
1.481257e+02 1.247790e+02 -3.860583e-02 2.215188e-05 -3.250676e+01 -1.512331e+01 2.123560e-05 -2.738600e+01 -1.880533e+01 1.784915e-05 -6.078199e-06 -9.768010e-06 
1.491900e+02 1.247790e+02 9.680840e-01 2.215188e-05 -3.250676e+01 -1.512331e+01 2.146627e-05 -2.820821e+01 -1.965987e+01 1.781411e-05 -6.364302e-06 -1.014661e-05 
