# 1 , 2 , 3 , 4      , 5      , 6      , 7      , 8      , 9      ,                           10 (pm), 11 (pm), 12 (pm)  
# xm, ym, zm, IGRF_In, IGRF_Ic, IGRF_Dc, In_siB0, Ic_siB0, Dc_siB0,                           Bx_siB0, By_siB0, Bz_siB0  
1.002300e+02 1.247790e+02 2.007864e+00 2.215188e-05 -3.250676e+01 -1.512331e+01 2.205378e-05 -3.187473e+01 -2.067723e+01 1.752178e-05 -6.612975e-06 -1.164580e-05 
1.012943e+02 1.247790e+02 3.055164e+00 2.215188e-05 -3.250676e+01 -1.512331e+01 2.236356e-05 -3.319359e+01 -2.106793e+01 1.746344e-05 -6.727351e-06 -1.224337e-05 
1.023587e+02 1.247790e+02 4.011530e+00 2.215188e-05 -3.250676e+01 -1.512331e+01 2.264865e-05 -3.469904e+01 -2.086807e+01 1.739921e-05 -6.633007e-06 -1.289310e-05 
1.034230e+02 1.247790e+02 4.808937e+00 2.215188e-05 -3.250676e+01 -1.512331e+01 2.284145e-05 -3.612331e+01 -1.995559e+01 1.734238e-05 -6.296892e-06 -1.346561e-05 
1.044874e+02 1.247790e+02 5.390665e+00 2.215188e-05 -3.250676e+01 -1.512331e+01 2.290789e-05 -3.718345e+01 -1.852782e+01 1.730487e-05 -5.799474e-06 -1.384482e-05 
1.055517e+02 1.247790e+02 5.715335e+00 2.215188e-05 -3.250676e+01 -1.512331e+01 2.287113e-05 -3.781167e+01 -1.691225e+01 1.728743e-05 -5.256362e-06 -1.402156e-05 
1.066161e+02 1.247790e+02 5.759853e+00 2.215188e-05 -3.250676e+01 -1.512331e+01 2.276368e-05 -3.808776e+01 -1.525686e+01 1.728509e-05 -4.714677e-06 -1.404218e-05 
1.076804e+02 1.247790e+02 5.521053e+00 2.215188e-05 -3.250676e+01 -1.512331e+01 2.258827e-05 -3.803035e+01 -1.355507e+01 1.729682e-05 -4.170186e-06 -1.391615e-05 
1.087448e+02 1.247790e+02 5.015920e+00 2.215188e-05 -3.250676e+01 -1.512331e+01 2.232775e-05 -3.752935e+01 -1.188653e+01 1.732715e-05 -3.647149e-06 -1.360134e-05 
1.098091e+02 1.247790e+02 4.280385e+00 2.215188e-05 -3.250676e+01 -1.512331e+01 2.199053e-05 -3.649305e+01 -1.057982e+01 1.737829e-05 -3.245923e-06 -1.307832e-05 
1.108735e+02 1.247790e+02 3.366767e+00 2.215188e-05 -3.250676e+01 -1.512331e+01 2.163894e-05 -3.507222e+01 -9.990677e+00 1.744137e-05 -3.072457e-06 -1.243392e-05 
1.119378e+02 1.247790e+02 2.340052e+00 2.215188e-05 -3.250676e+01 -1.512331e+01 2.134285e-05 -3.358786e+01 -1.013311e+01 1.750209e-05 -3.128033e-06 -1.180719e-05 
1.130022e+02 1.247790e+02 1.273271e+00 2.215188e-05 -3.250676e+01 -1.512331e+01 2.112902e-05 -3.226837e+01 -1.075175e+01 1.755215e-05 -3.332935e-06 -1.128048e-05 
1.140665e+02 1.247790e+02 2.423037e-01 2.215188e-05 -3.250676e+01 -1.512331e+01 2.099000e-05 -3.118708e+01 -1.159229e+01 1.759027e-05 -3.608298e-06 -1.086934e-05 
1.151309e+02 1.247790e+02 -6.795161e-01 2.215188e-05 -3.250676e+01 -1.512331e+01 2.090945e-05 -3.033993e+01 -1.249949e+01 1.761804e-05 -3.905663e-06 -1.056197e-05 
1.161952e+02 1.247790e+02 -1.426619e+00 2.215188e-05 -3.250676e+01 -1.512331e+01 2.087404e-05 -2.970527e+01 -1.340022e+01 1.763729e-05 -4.201867e-06 -1.034389e-05 
1.172596e+02 1.247790e+02 -1.945863e+00 2.215188e-05 -3.250676e+01 -1.512331e+01 2.087567e-05 -2.926506e+01 -1.427074e+01 1.764929e-05 -4.489151e-06 -1.020508e-05 
1.183239e+02 1.247790e+02 -2.200315e+00 2.215188e-05 -3.250676e+01 -1.512331e+01 2.091058e-05 -2.900769e+01 -1.511475e+01 1.765480e-05 -4.768505e-06 -1.014010e-05 
1.193883e+02 1.247790e+02 -2.171874e+00 2.215188e-05 -3.250676e+01 -1.512331e+01 2.097808e-05 -2.892633e+01 -1.594928e+01 1.765411e-05 -5.045326e-06 -1.014678e-05 
1.204526e+02 1.247790e+02 -1.862564e+00 2.215188e-05 -3.250676e+01 -1.512331e+01 2.107959e-05 -2.901787e+01 -1.679461e+01 1.764719e-05 -5.326190e-06 -1.022534e-05 
1.215170e+02 1.247790e+02 -1.294387e+00 2.215188e-05 -3.250676e+01 -1.512331e+01 2.121787e-05 -2.928413e+01 -1.766535e+01 1.763366e-05 -5.615873e-06 -1.037853e-05 
1.225813e+02 1.247790e+02 -5.077570e-01 2.215188e-05 -3.250676e+01 -1.512331e+01 2.139647e-05 -2.973554e+01 -1.856100e+01 1.761269e-05 -5.913980e-06 -1.061260e-05 
1.236457e+02 1.247790e+02 4.413729e-01 2.215188e-05 -3.250676e+01 -1.512331e+01 2.161891e-05 -3.039601e+01 -1.945330e+01 1.758285e-05 -6.210288e-06 -1.093860e-05 
1.247100e+02 1.247790e+02 1.485490e+00 2.215188e-05 -3.250676e+01 -1.512331e+01 2.188598e-05 -3.130376e+01 -2.026629e+01 1.754227e-05 -6.477350e-06 -1.137141e-05 
1.257743e+02 1.247790e+02 2.550327e+00 2.215188e-05 -3.250676e+01 -1.512331e+01 2.218874e-05 -3.249426e+01 -2.084827e+01 1.748964e-05 -6.660557e-06 -1.192013e-05 
1.268387e+02 1.247790e+02 3.560140e+00 2.215188e-05 -3.250676e+01 -1.512331e+01 2.249472e-05 -3.393847e+01 -2.096203e+01 1.742734e-05 -6.676481e-06 -1.255886e-05 
1.279030e+02 1.247790e+02 4.443101e+00 2.215188e-05 -3.250676e+01 -1.512331e+01 2.274161e-05 -3.544928e+01 -2.038908e+01 1.736530e-05 -6.454330e-06 -1.318973e-05 
1.289674e+02 1.247790e+02 5.136405e+00 2.215188e-05 -3.250676e+01 -1.512331e+01 2.287156e-05 -3.671597e+01 -1.916603e+01 1.731781e-05 -6.019189e-06 -1.367373e-05 
1.300317e+02 1.247790e+02 5.590737e+00 2.215188e-05 -3.250676e+01 -1.512331e+01 2.288222e-05 -3.755193e+01 -1.760461e+01 1.729144e-05 -5.486702e-06 -1.394626e-05 
1.310961e+02 1.247790e+02 5.773780e+00 2.215188e-05 -3.250676e+01 -1.512331e+01 2.280889e-05 -3.799191e+01 -1.596180e+01 1.728259e-05 -4.943235e-06 -1.404002e-05 
1.321604e+02 1.247790e+02 5.672513e+00 2.215188e-05 -3.250676e+01 -1.512331e+01 2.267052e-05 -3.810532e+01 -1.428325e+01 1.728748e-05 -4.401142e-06 -1.399018e-05 
1.332248e+02 1.247790e+02 5.294141e+00 2.215188e-05 -3.250676e+01 -1.512331e+01 2.245562e-05 -3.784045e+01 -1.257390e+01 1.730838e-05 -3.860604e-06 -1.377573e-05 
1.342891e+02 1.247790e+02 4.665577e+00 2.215188e-05 -3.250676e+01 -1.512331e+01 2.215344e-05 -3.706607e+01 -1.103942e+01 1.735003e-05 -3.384894e-06 -1.335267e-05 
1.353535e+02 1.247790e+02 3.831531e+00 2.215188e-05 -3.250676e+01 -1.512331e+01 2.180073e-05 -3.579848e+01 -1.007615e+01 1.740939e-05 -3.093610e-06 -1.275203e-05 
1.364178e+02 1.247790e+02 2.851329e+00 2.215188e-05 -3.250676e+01 -1.512331e+01 2.147264e-05 -3.430857e+01 -9.888909e+00 1.747318e-05 -3.046073e-06 -1.210305e-05 
1.374822e+02 1.247790e+02 1.794693e+00 2.215188e-05 -3.250676e+01 -1.512331e+01 2.121941e-05 -3.289431e+01 -1.031755e+01 1.752928e-05 -3.191158e-06 -1.152407e-05 
1.385465e+02 1.247790e+02 7.367820e-01 2.215188e-05 -3.250676e+01 -1.512331e+01 2.104694e-05 -3.169804e+01 -1.108164e+01 1.757345e-05 -3.441927e-06 -1.105896e-05 
1.396109e+02 1.247790e+02 -2.471536e-01 2.215188e-05 -3.250676e+01 -1.512331e+01 2.094091e-05 -3.074307e+01 -1.197541e+01 1.760635e-05 -3.734447e-06 -1.070477e-05 
1.406752e+02 1.247790e+02 -1.087127e+00 2.215188e-05 -3.250676e+01 -1.512331e+01 2.088588e-05 -3.001156e+01 -1.288951e+01 1.762987e-05 -4.034384e-06 -1.044659e-05 
1.417396e+02 1.247790e+02 -1.723389e+00 2.215188e-05 -3.250676e+01 -1.512331e+01 2.087120e-05 -2.948265e+01 -1.377922e+01 1.764560e-05 -4.327390e-06 -1.027197e-05 
1.428039e+02 1.247790e+02 -2.110683e+00 2.215188e-05 -3.250676e+01 -1.512331e+01 2.089110e-05 -2.914164e+01 -1.463670e+01 1.765453e-05 -4.610736e-06 -1.017335e-05 
1.438683e+02 1.247790e+02 -2.221461e+00 2.215188e-05 -3.250676e+01 -1.512331e+01 2.094354e-05 -2.897958e+01 -1.547374e+01 1.765716e-05 -4.888051e-06 -1.014710e-05 
1.449326e+02 1.247790e+02 -2.047843e+00 2.215188e-05 -3.250676e+01 -1.512331e+01 2.102899e-05 -2.899147e+01 -1.631017e+01 1.765363e-05 -5.165684e-06 -1.019232e-05 
1.459970e+02 1.247790e+02 -1.602178e+00 2.215188e-05 -3.250676e+01 -1.512331e+01 2.114958e-05 -2.917636e+01 -1.716455e+01 1.764373e-05 -5.449688e-06 -1.031041e-05 
1.470613e+02 1.247790e+02 -9.161670e-01 2.215188e-05 -3.250676e+01 -1.512331e+01 2.130859e-05 -2.953982e+01 -1.804528e+01 1.762687e-05 -5.742723e-06 -1.050574e-05 
1.481257e+02 1.247790e+02 -3.860583e-02 2.215188e-05 -3.250676e+01 -1.512331e+01 2.150972e-05 -3.009852e+01 -1.893990e+01 1.760192e-05 -6.040183e-06 -1.078688e-05 
1.491900e+02 1.247790e+02 9.680840e-01 2.215188e-05 -3.250676e+01 -1.512331e+01 2.175571e-05 -3.088414e+01 -1.979912e+01 1.756719e-05 -6.324274e-06 -1.116729e-05 
