# 1    , 2      , 3      , 4      , 5      , 6      , 7       
# dmeas, Bx_siB0, By_siB0, Bz_siB0, In_siB0, Ic_siB0, Dc_siB0 
0.000000e+00 1.776853e-05 -6.571835e-06 -1.062410e-05 2.172053e-05 -2.928324e+01 -2.029732e+01 
0.000000e+00 1.771050e-05 -6.688243e-06 -1.122353e-05 2.200823e-05 -3.066182e+01 -2.068868e+01 
0.000000e+00 1.764657e-05 -6.595894e-06 -1.187503e-05 2.226935e-05 -3.222501e+01 -2.049462e+01 
0.000000e+00 1.759003e-05 -6.261740e-06 -1.244921e-05 2.244106e-05 -3.369359e+01 -1.959483e+01 
0.000000e+00 1.755278e-05 -5.766250e-06 -1.283001e-05 2.249353e-05 -3.477719e+01 -1.818583e+01 
0.000000e+00 1.753560e-05 -5.225036e-06 -1.300825e-05 2.245023e-05 -3.541019e+01 -1.659234e+01 
0.000000e+00 1.753350e-05 -4.685220e-06 -1.303029e-05 2.234196e-05 -3.567737e+01 -1.496076e+01 
0.000000e+00 1.754546e-05 -4.142570e-06 -1.290559e-05 2.217112e-05 -3.559769e+01 -1.328453e+01 
0.000000e+00 1.757601e-05 -3.621350e-06 -1.259202e-05 2.192235e-05 -3.505708e+01 -1.164227e+01 
0.000000e+00 1.762735e-05 -3.221917e-06 -1.207017e-05 2.160539e-05 -3.396349e+01 -1.035815e+01 
0.000000e+00 1.769061e-05 -3.050224e-06 -1.142684e-05 2.127991e-05 -3.247815e+01 -9.782777e+00 
0.000000e+00 1.775151e-05 -3.107551e-06 -1.080111e-05 2.101040e-05 -3.093623e+01 -9.929491e+00 
0.000000e+00 1.780173e-05 -3.314186e-06 -1.027532e-05 2.081988e-05 -2.957311e+01 -1.054614e+01 
0.000000e+00 1.784000e-05 -3.591267e-06 -9.865007e-06 2.069979e-05 -2.846197e+01 -1.138176e+01 
0.000000e+00 1.786791e-05 -3.890333e-06 -9.558402e-06 2.063395e-05 -2.759616e+01 -1.228316e+01 
0.000000e+00 1.788727e-05 -4.188225e-06 -9.340999e-06 2.060946e-05 -2.695165e+01 -1.317815e+01 
0.000000e+00 1.789938e-05 -4.477186e-06 -9.202789e-06 2.061854e-05 -2.650882e+01 -1.404329e+01 
0.000000e+00 1.790498e-05 -4.758206e-06 -9.138329e-06 2.065763e-05 -2.625523e+01 -1.488224e+01 
0.000000e+00 1.790437e-05 -5.036683e-06 -9.145448e-06 2.072616e-05 -2.618375e+01 -1.571184e+01 
0.000000e+00 1.789752e-05 -5.319196e-06 -9.224377e-06 2.082556e-05 -2.629131e+01 -1.655211e+01 
0.000000e+00 1.788404e-05 -5.610522e-06 -9.377855e-06 2.095856e-05 -2.658004e+01 -1.741751e+01 
0.000000e+00 1.786310e-05 -5.910267e-06 -9.612134e-06 2.112853e-05 -2.706083e+01 -1.830755e+01 
0.000000e+00 1.783328e-05 -6.208210e-06 -9.938272e-06 2.133863e-05 -2.775818e+01 -1.919428e+01 
0.000000e+00 1.779271e-05 -6.476905e-06 -1.037115e-05 2.158916e-05 -2.871067e+01 -2.000252e+01 
0.000000e+00 1.774009e-05 -6.661745e-06 -1.091984e-05 2.187082e-05 -2.995292e+01 -2.058212e+01 
0.000000e+00 1.767777e-05 -6.679303e-06 -1.155848e-05 2.215209e-05 -3.145161e+01 -2.069838e+01 
0.000000e+00 1.761569e-05 -6.458788e-06 -1.218918e-05 2.237420e-05 -3.301013e+01 -2.013544e+01 
0.000000e+00 1.756817e-05 -6.025287e-06 -1.267293e-05 2.248439e-05 -3.430738e+01 -1.893023e+01 
0.000000e+00 1.754174e-05 -5.494445e-06 -1.294514e-05 2.248284e-05 -3.515418e+01 -1.739166e+01 
0.000000e+00 1.753281e-05 -4.952631e-06 -1.303849e-05 2.240380e-05 -3.558970e+01 -1.577381e+01 
0.000000e+00 1.753763e-05 -4.412199e-06 -1.298818e-05 2.226496e-05 -3.568623e+01 -1.412167e+01 
0.000000e+00 1.755842e-05 -3.873330e-06 -1.277318e-05 2.205572e-05 -3.538952e+01 -1.244003e+01 
0.000000e+00 1.759996e-05 -3.399302e-06 -1.234947e-05 2.176748e-05 -3.456465e+01 -1.093165e+01 
0.000000e+00 1.765920e-05 -3.109713e-06 -1.174813e-05 2.143679e-05 -3.323236e+01 -9.987159e+00 
0.000000e+00 1.772284e-05 -3.063883e-06 -1.109835e-05 2.113433e-05 -3.167724e+01 -9.808214e+00 
0.000000e+00 1.777879e-05 -3.210693e-06 -1.051850e-05 2.090533e-05 -3.020857e+01 -1.023678e+01 
0.000000e+00 1.782279e-05 -3.463203e-06 -1.005243e-05 2.075324e-05 -2.897178e+01 -1.099629e+01 
0.000000e+00 1.785551e-05 -3.757485e-06 -9.697207e-06 2.066335e-05 -2.798855e+01 -1.188383e+01 
0.000000e+00 1.787884e-05 -4.059203e-06 -9.437913e-06 2.062048e-05 -2.723853e+01 -1.279156e+01 
0.000000e+00 1.789436e-05 -4.354013e-06 -9.262094e-06 2.061436e-05 -2.669897e+01 -1.367533e+01 
0.000000e+00 1.790307e-05 -4.639187e-06 -9.162190e-06 2.063947e-05 -2.635401e+01 -1.452741e+01 
0.000000e+00 1.790547e-05 -4.918356e-06 -9.134575e-06 2.069387e-05 -2.619416e+01 -1.535945e+01 
0.000000e+00 1.790169e-05 -5.197870e-06 -9.178336e-06 2.077811e-05 -2.621437e+01 -1.619100e+01 
0.000000e+00 1.789152e-05 -5.483785e-06 -9.294891e-06 2.089434e-05 -2.641387e+01 -1.704040e+01 
0.000000e+00 1.787439e-05 -5.778763e-06 -9.488591e-06 2.104569e-05 -2.679866e+01 -1.791594e+01 
0.000000e+00 1.784915e-05 -6.078199e-06 -9.768010e-06 2.123560e-05 -2.738600e+01 -1.880533e+01 
0.000000e+00 1.781411e-05 -6.364302e-06 -1.014661e-05 2.146627e-05 -2.820821e+01 -1.965987e+01 
