# 1,2,3, 4    , 5    , 6    , 7    , 8    , 9     
# x,y,z, Bx_si, By_si, Bz_si, In_si, Ic_si, Dc_si 
1.002300e+02 1.247790e+02 2.007864e+00 -1.697935e-06 -2.657660e-07 -1.280295e-06 2.143075e-06 3.668465e+01 -9.889593e+01 
1.012943e+02 1.247790e+02 3.055164e+00 -1.814343e-06 -3.238005e-07 -6.808700e-07 1.964757e-06 2.027593e+01 -1.001189e+02 
1.023587e+02 1.247790e+02 4.011530e+00 -1.721994e-06 -3.877262e-07 -2.936947e-08 1.765350e-06 9.532527e-01 -1.026892e+02 
1.034230e+02 1.247790e+02 4.808937e+00 -1.387840e-06 -4.442720e-07 5.448090e-07 1.555730e-06 -2.049925e+01 -1.077508e+02 
1.044874e+02 1.247790e+02 5.390665e+00 -8.923502e-07 -4.815166e-07 9.256116e-07 1.372918e-06 -4.239151e+01 -1.183515e+02 
1.055517e+02 1.247790e+02 5.715335e+00 -3.511360e-07 -4.986973e-07 1.103853e-06 1.261145e-06 -6.107793e+01 -1.448504e+02 
1.066161e+02 1.247790e+02 5.759853e+00 1.886801e-07 -5.008001e-07 1.125890e-06 1.246607e-06 -6.457705e+01 1.593557e+02 
1.076804e+02 1.247790e+02 5.521053e+00 7.313298e-07 -4.888355e-07 1.001188e-06 1.332734e-06 -4.869690e+01 1.237596e+02 
1.087448e+02 1.247790e+02 5.015920e+00 1.252550e-06 -4.582927e-07 6.876237e-07 1.500580e-06 -2.727350e+01 1.100970e+02 
1.098091e+02 1.247790e+02 4.280385e+00 1.651983e-06 -4.069529e-07 1.657663e-07 1.709425e-06 -5.564826e+00 1.038388e+02 
1.108735e+02 1.247790e+02 3.366767e+00 1.823676e-06 -3.436854e-07 -4.775607e-07 1.916241e-06 1.443121e+01 1.006726e+02 
1.119378e+02 1.247790e+02 2.340052e+00 1.766349e-06 -2.827900e-07 -1.103295e-06 2.101718e-06 3.166481e+01 9.909578e+01 
1.130022e+02 1.247790e+02 1.273271e+00 1.559714e-06 -2.325702e-07 -1.629084e-06 2.267313e-06 4.593147e+01 9.848094e+01 
1.140665e+02 1.247790e+02 2.423037e-01 1.282633e-06 -1.942981e-07 -2.039393e-06 2.417028e-06 5.753939e+01 9.861389e+01 
1.151309e+02 1.247790e+02 -6.795161e-01 9.835671e-07 -1.663931e-07 -2.345998e-06 2.549274e-06 6.696431e+01 9.960199e+01 
1.161952e+02 1.247790e+02 -1.426619e+00 6.856750e-07 -1.470302e-07 -2.563401e-06 2.657591e-06 7.470011e+01 1.021027e+02 
1.172596e+02 1.247790e+02 -1.945863e+00 3.967141e-07 -1.349180e-07 -2.701611e-06 2.733914e-06 8.118349e+01 1.087826e+02 
1.183239e+02 1.247790e+02 -2.200315e+00 1.156943e-07 -1.293209e-07 -2.766071e-06 2.771508e-06 8.641046e+01 1.381832e+02 
1.193883e+02 1.247790e+02 -2.171874e+00 -1.627831e-07 -1.299312e-07 -2.758952e-06 2.766803e-06 8.568280e+01 -1.285964e+02 
1.204526e+02 1.247790e+02 -1.862564e+00 -4.452955e-07 -1.367825e-07 -2.680023e-06 2.720206e-06 8.013961e+01 -1.070755e+02 
1.215170e+02 1.247790e+02 -1.294387e+00 -7.366221e-07 -1.502595e-07 -2.526545e-06 2.636023e-06 7.342926e+01 -1.015293e+02 
1.225813e+02 1.247790e+02 -5.077570e-01 -1.036367e-06 -1.711991e-07 -2.292266e-06 2.521478e-06 6.538076e+01 -9.938007e+01 
1.236457e+02 1.247790e+02 4.413729e-01 -1.334310e-06 -2.010165e-07 -1.966128e-06 2.384628e-06 5.553794e+01 -9.856730e+01 
1.247100e+02 1.247790e+02 1.485490e+00 -1.603005e-06 -2.415861e-07 -1.533252e-06 2.231334e-06 4.340461e+01 -9.857045e+01 
1.257743e+02 1.247790e+02 2.550327e+00 -1.787845e-06 -2.942102e-07 -9.845589e-07 2.062112e-06 2.851910e+01 -9.934491e+01 
1.268387e+02 1.247790e+02 3.560140e+00 -1.805403e-06 -3.565301e-07 -3.459231e-07 1.872500e-06 1.064589e+01 -1.011710e+02 
1.279030e+02 1.247790e+02 4.443101e+00 -1.584888e-06 -4.186052e-07 2.847767e-07 1.663791e-06 -9.855353e+00 -1.047953e+02 
1.289674e+02 1.247790e+02 5.136405e+00 -1.151387e-06 -4.661316e-07 7.685343e-07 1.460690e-06 -3.174533e+01 -1.120402e+02 
1.300317e+02 1.247790e+02 5.590737e+00 -6.205453e-07 -4.925605e-07 1.040742e-06 1.307990e-06 -5.271961e+01 -1.284409e+02 
1.310961e+02 1.247790e+02 5.773780e+00 -7.873070e-08 -5.014873e-07 1.134093e-06 1.242520e-06 -6.588630e+01 -1.710777e+02 
1.321604e+02 1.247790e+02 5.672513e+00 4.617012e-07 -4.966748e-07 1.083778e-06 1.278448e-06 -5.796559e+01 1.370899e+02 
1.332248e+02 1.247790e+02 5.294141e+00 1.000570e-06 -4.758780e-07 8.687751e-07 1.407966e-06 -3.810048e+01 1.154361e+02 
1.342891e+02 1.247790e+02 4.665577e+00 1.474598e-06 -4.343385e-07 4.450730e-07 1.600369e-06 -1.614723e+01 1.064122e+02 
1.353535e+02 1.247790e+02 3.831531e+00 1.764187e-06 -3.751011e-07 -1.562720e-07 1.810381e-06 4.951933e+00 1.020035e+02 
1.364178e+02 1.247790e+02 2.851329e+00 1.810017e-06 -3.114563e-07 -8.060534e-07 2.005714e-06 2.369567e+01 9.976348e+01 
1.374822e+02 1.247790e+02 1.794693e+00 1.663207e-06 -2.555081e-07 -1.385900e-06 2.179968e-06 3.947514e+01 9.873371e+01 
1.385465e+02 1.247790e+02 7.367820e-01 1.410697e-06 -2.115054e-07 -1.851969e-06 2.337646e-06 5.239503e+01 9.852683e+01 
1.396109e+02 1.247790e+02 -2.471536e-01 1.116415e-06 -1.787854e-07 -2.207193e-06 2.479929e-06 6.287609e+01 9.909823e+01 
1.406752e+02 1.247790e+02 -1.087127e+00 8.146974e-07 -1.554565e-07 -2.466487e-06 2.602202e-06 7.141394e+01 1.008030e+02 
1.417396e+02 1.247790e+02 -1.723389e+00 5.198873e-07 -1.399377e-07 -2.642306e-06 2.696599e-06 7.848317e+01 1.050652e+02 
1.428039e+02 1.247790e+02 -2.110683e+00 2.347131e-07 -1.312315e-07 -2.742210e-06 2.755363e-06 8.439932e+01 1.192102e+02 
1.438683e+02 1.247790e+02 -2.221461e+00 -4.445579e-08 -1.288342e-07 -2.769825e-06 2.773176e-06 8.718305e+01 -1.609624e+02 
1.449326e+02 1.247790e+02 -2.047843e+00 -3.239703e-07 -1.326146e-07 -2.726064e-06 2.748448e-06 8.268252e+01 -1.122613e+02 
1.459970e+02 1.247790e+02 -1.602178e+00 -6.098854e-07 -1.427751e-07 -2.609509e-06 2.683632e-06 7.650235e+01 -1.031758e+02 
1.470613e+02 1.247790e+02 -9.161670e-01 -9.048629e-07 -1.599136e-07 -2.415809e-06 2.584663e-06 6.917503e+01 -1.000222e+02 
1.481257e+02 1.247790e+02 -3.860583e-02 -1.204299e-06 -1.851504e-07 -2.136390e-06 2.459426e-06 6.030256e+01 -9.874029e+01 
1.491900e+02 1.247790e+02 9.680840e-01 -1.490402e-06 -2.201866e-07 -1.757787e-06 2.315080e-06 4.940051e+01 -9.840388e+01 
