# 1    , 2      , 3      , 4      , 5      , 6      , 7       
# dmeas, Bx_siB0, By_siB0, Bz_siB0, In_siB0, Ic_siB0, Dc_siB0 
0.000000e+00 2.676595e-05 1.574865e-06 3.692483e-05 4.563266e-05 5.401545e+01 3.367308e+00 
0.000000e+00 2.676564e-05 1.574181e-06 3.692359e-05 4.563144e-05 5.401490e+01 3.365888e+00 
0.000000e+00 2.676533e-05 1.573510e-06 3.692241e-05 4.563029e-05 5.401438e+01 3.364494e+00 
0.000000e+00 2.676504e-05 1.572851e-06 3.692130e-05 4.562919e-05 5.401389e+01 3.363127e+00 
0.000000e+00 2.676477e-05 1.572205e-06 3.692024e-05 4.562816e-05 5.401343e+01 3.361783e+00 
0.000000e+00 2.676451e-05 1.571571e-06 3.691925e-05 4.562718e-05 5.401300e+01 3.360461e+00 
0.000000e+00 2.676426e-05 1.570947e-06 3.691831e-05 4.562625e-05 5.401259e+01 3.359161e+00 
0.000000e+00 2.676403e-05 1.570332e-06 3.691743e-05 4.562539e-05 5.401222e+01 3.357879e+00 
0.000000e+00 2.676381e-05 1.569727e-06 3.691661e-05 4.562457e-05 5.401187e+01 3.356616e+00 
0.000000e+00 2.676361e-05 1.569131e-06 3.691584e-05 4.562381e-05 5.401154e+01 3.355369e+00 
0.000000e+00 2.676342e-05 1.568543e-06 3.691513e-05 4.562311e-05 5.401124e+01 3.354137e+00 
0.000000e+00 2.676325e-05 1.567961e-06 3.691447e-05 4.562245e-05 5.401097e+01 3.352919e+00 
0.000000e+00 2.676309e-05 1.567387e-06 3.691387e-05 4.562185e-05 5.401072e+01 3.351713e+00 
0.000000e+00 2.676294e-05 1.566818e-06 3.691332e-05 4.562130e-05 5.401050e+01 3.350519e+00 
0.000000e+00 2.676281e-05 1.566256e-06 3.691282e-05 4.562080e-05 5.401030e+01 3.349334e+00 
0.000000e+00 2.676269e-05 1.565698e-06 3.691237e-05 4.562035e-05 5.401012e+01 3.348159e+00 
0.000000e+00 2.676258e-05 1.565144e-06 3.691198e-05 4.561995e-05 5.400997e+01 3.346991e+00 
0.000000e+00 2.676249e-05 1.564594e-06 3.691164e-05 4.561960e-05 5.400985e+01 3.345830e+00 
0.000000e+00 2.676241e-05 1.564048e-06 3.691135e-05 4.561930e-05 5.400974e+01 3.344674e+00 
0.000000e+00 2.676235e-05 1.563504e-06 3.691111e-05 4.561905e-05 5.400966e+01 3.343522e+00 
0.000000e+00 2.676230e-05 1.562963e-06 3.691092e-05 4.561885e-05 5.400961e+01 3.342373e+00 
0.000000e+00 2.676226e-05 1.562423e-06 3.691078e-05 4.561869e-05 5.400957e+01 3.341226e+00 
0.000000e+00 2.676223e-05 1.561884e-06 3.691069e-05 4.561859e-05 5.400956e+01 3.340080e+00 
0.000000e+00 2.676222e-05 1.561347e-06 3.691065e-05 4.561853e-05 5.400958e+01 3.338933e+00 
0.000000e+00 2.676223e-05 1.560809e-06 3.691066e-05 4.561853e-05 5.400962e+01 3.337785e+00 
0.000000e+00 2.676224e-05 1.560271e-06 3.691072e-05 4.561857e-05 5.400968e+01 3.336635e+00 
0.000000e+00 2.676227e-05 1.559732e-06 3.691084e-05 4.561866e-05 5.400976e+01 3.335481e+00 
0.000000e+00 2.676232e-05 1.559191e-06 3.691100e-05 4.561879e-05 5.400987e+01 3.334322e+00 
0.000000e+00 2.676237e-05 1.558649e-06 3.691121e-05 4.561898e-05 5.401000e+01 3.333158e+00 
0.000000e+00 2.676245e-05 1.558104e-06 3.691147e-05 4.561922e-05 5.401015e+01 3.331987e+00 
0.000000e+00 2.676253e-05 1.557556e-06 3.691179e-05 4.561950e-05 5.401033e+01 3.330807e+00 
0.000000e+00 2.676263e-05 1.557005e-06 3.691215e-05 4.561984e-05 5.401053e+01 3.329619e+00 
0.000000e+00 2.676274e-05 1.556449e-06 3.691257e-05 4.562022e-05 5.401076e+01 3.328419e+00 
0.000000e+00 2.676287e-05 1.555889e-06 3.691304e-05 4.562066e-05 5.401101e+01 3.327209e+00 
0.000000e+00 2.676300e-05 1.555324e-06 3.691356e-05 4.562114e-05 5.401129e+01 3.325985e+00 
0.000000e+00 2.676316e-05 1.554753e-06 3.691414e-05 4.562168e-05 5.401159e+01 3.324748e+00 
0.000000e+00 2.676332e-05 1.554175e-06 3.691476e-05 4.562226e-05 5.401192e+01 3.323495e+00 
0.000000e+00 2.676351e-05 1.553591e-06 3.691545e-05 4.562290e-05 5.401228e+01 3.322226e+00 
0.000000e+00 2.676370e-05 1.552999e-06 3.691618e-05 4.562359e-05 5.401266e+01 3.320938e+00 
0.000000e+00 2.676391e-05 1.552398e-06 3.691698e-05 4.562433e-05 5.401306e+01 3.319632e+00 
0.000000e+00 2.676413e-05 1.551789e-06 3.691782e-05 4.562513e-05 5.401350e+01 3.318305e+00 
0.000000e+00 2.676437e-05 1.551171e-06 3.691873e-05 4.562598e-05 5.401396e+01 3.316955e+00 
0.000000e+00 2.676462e-05 1.550542e-06 3.691969e-05 4.562689e-05 5.401445e+01 3.315583e+00 
0.000000e+00 2.676489e-05 1.549902e-06 3.692071e-05 4.562785e-05 5.401497e+01 3.314185e+00 
0.000000e+00 2.676517e-05 1.549251e-06 3.692180e-05 4.562887e-05 5.401553e+01 3.312760e+00 
0.000000e+00 2.676547e-05 1.548587e-06 3.692294e-05 4.562994e-05 5.401611e+01 3.311307e+00 
0.000000e+00 2.676578e-05 1.547910e-06 3.692414e-05 4.563108e-05 5.401672e+01 3.309824e+00 
