# 1, 2, 3, 4   , 5   , 6   , 7   , 8   , 9   , 10  
# x, y, z, Bx_si, By_si, Bz_si, In_si, Ic_si, Dc_si, dmeas 
4.994137e+05 4.171917e+06 1.820996e+03 -4.097245e-07 -1.204909e-07 1.458737e-06 1.519969e-06 7.368156e+01 -1.636126e+02 0.000000e+00 
4.994125e+05 4.171917e+06 1.820996e+03 -4.105977e-07 -1.162902e-07 1.455363e-06 1.516640e-06 7.365757e+01 -1.641867e+02 1.193423e+00 
4.994119e+05 4.171917e+06 1.820996e+03 -4.110310e-07 -1.142912e-07 1.453728e-06 1.515036e-06 7.364464e+01 -1.644609e+02 1.769253e+00 
4.994112e+05 4.171917e+06 1.820996e+03 -4.110858e-07 -1.119626e-07 1.452836e-06 1.514021e-06 7.365565e+01 -1.647646e+02 2.544114e+00 
4.994107e+05 4.171917e+06 1.820996e+03 -4.113821e-07 -1.102754e-07 1.451623e-06 1.512813e-06 7.364831e+01 -1.649940e+02 3.046614e+00 
4.994098e+05 4.171917e+06 1.820996e+03 -4.121334e-07 -1.073125e-07 1.448985e-06 1.510274e-06 7.362126e+01 -1.654052e+02 3.926416e+00 
4.994089e+05 4.171917e+06 1.820996e+03 -4.127284e-07 -1.043422e-07 1.446712e-06 1.508047e-06 7.360280e+01 -1.658123e+02 4.827358e+00 
4.994078e+05 4.171918e+06 1.820996e+03 -4.134874e-07 -1.008512e-07 1.443928e-06 1.505347e-06 7.357671e+01 -1.662930e+02 5.899917e+00 
4.994070e+05 4.171918e+06 1.820996e+03 -4.147783e-07 -9.777777e-08 1.440133e-06 1.501860e-06 7.351607e+01 -1.667355e+02 6.929513e+00 
4.994060e+05 4.171918e+06 1.820996e+03 -4.150174e-07 -9.485270e-08 1.438705e-06 1.500369e-06 7.351629e+01 -1.671261e+02 7.915333e+00 
4.994054e+05 4.171918e+06 1.820996e+03 -4.153617e-07 -9.289471e-08 1.437358e-06 1.499050e-06 7.350520e+01 -1.673934e+02 8.550228e+00 
4.994047e+05 4.171918e+06 1.820996e+03 -4.157436e-07 -9.079003e-08 1.435893e-06 1.497623e-06 7.349227e+01 -1.676812e+02 9.238180e+00 
4.994035e+05 4.171918e+06 1.820996e+03 -4.162661e-07 -8.731124e-08 1.433732e-06 1.495489e-06 7.347672e+01 -1.681540e+02 1.040235e+01 
4.994028e+05 4.171918e+06 1.820996e+03 -4.166129e-07 -8.526795e-08 1.432387e-06 1.494179e-06 7.346482e+01 -1.684330e+02 1.109014e+01 
4.994019e+05 4.171918e+06 1.820996e+03 -4.172092e-07 -8.245846e-08 1.430292e-06 1.492179e-06 7.344080e+01 -1.688200e+02 1.203872e+01 
4.994011e+05 4.171918e+06 1.820996e+03 -4.171461e-07 -8.035878e-08 1.429861e-06 1.491634e-06 7.345317e+01 -1.690961e+02 1.285054e+01 
4.994004e+05 4.171917e+06 1.820996e+03 -4.170770e-07 -7.837206e-08 1.429496e-06 1.491159e-06 7.346536e+01 -1.693578e+02 1.362540e+01 
4.993996e+05 4.171917e+06 1.820996e+03 -4.173264e-07 -7.618991e-08 1.428380e-06 1.490046e-06 7.345875e+01 -1.696536e+02 1.440332e+01 
4.993991e+05 4.171917e+06 1.820996e+03 -4.174146e-07 -7.473531e-08 1.427821e-06 1.489460e-06 7.345897e+01 -1.698491e+02 1.493949e+01 
4.993979e+05 4.171917e+06 1.820996e+03 -4.169208e-07 -7.174145e-08 1.428259e-06 1.489595e-06 7.350079e+01 -1.702365e+02 1.626430e+01 
4.993970e+05 4.171916e+06 1.820996e+03 -4.166709e-07 -6.950291e-08 1.428362e-06 1.489517e-06 7.352479e+01 -1.705299e+02 1.721142e+01 
4.993962e+05 4.171916e+06 1.820996e+03 -4.165109e-07 -6.739446e-08 1.428310e-06 1.489327e-06 7.354267e+01 -1.708088e+02 1.807974e+01 
4.993953e+05 4.171916e+06 1.820996e+03 -4.167850e-07 -6.489262e-08 1.427146e-06 1.488176e-06 7.353446e+01 -1.711502e+02 1.900653e+01 
4.993943e+05 4.171916e+06 1.820996e+03 -4.165749e-07 -6.218096e-08 1.427153e-06 1.488008e-06 7.355730e+01 -1.715103e+02 2.013334e+01 
4.993933e+05 4.171915e+06 1.820996e+03 -4.166796e-07 -5.971279e-08 1.426454e-06 1.487266e-06 7.355905e+01 -1.718447e+02 2.108767e+01 
4.993922e+05 4.171915e+06 1.820996e+03 -4.163942e-07 -5.702964e-08 1.426729e-06 1.487344e-06 7.358624e+01 -1.722013e+02 2.223481e+01 
4.993916e+05 4.171915e+06 1.820996e+03 -4.170221e-07 -5.532002e-08 1.424863e-06 1.485666e-06 7.355133e+01 -1.724436e+02 2.291623e+01 
4.993909e+05 4.171915e+06 1.820996e+03 -4.174104e-07 -5.340413e-08 1.423584e-06 1.484478e-06 7.353227e+01 -1.727091e+02 2.364760e+01 
4.993897e+05 4.171915e+06 1.820996e+03 -4.167483e-07 -5.045808e-08 1.424835e-06 1.485389e-06 7.358371e+01 -1.730965e+02 2.503997e+01 
4.993884e+05 4.171914e+06 1.820996e+03 -4.160739e-07 -4.736785e-08 1.426201e-06 1.486409e-06 7.363670e+01 -1.735051e+02 2.649174e+01 
4.993917e+05 4.171909e+06 1.820996e+03 -4.077302e-07 -5.754110e-08 1.452022e-06 1.509279e-06 7.416751e+01 -1.719672e+02 3.265152e+01 
