# 1      , 2      , 3      , 4    , 5     , 6      , 7      , 8      ,                    9              , 10  , 11  , 12  , 13    , 14
# IGRF_In, IGRF_Ic, IGRF_Dc, dmeas, height, In_siB0, Ic_siB0, Dc_siB0,                    height m (-poh), In_m, Ic_m, Dc_m, min hP, max hP
4.515083e-05 5.339026e+01 3.316879e+00 0.000000e+00 1.819779e+03 4.719411e-05 5.300965e+01 3.935214e+00 1.820400e+03 4.817614e+01 5.413224e+01 6.356975e+00 1.817435e+03 1.821298e+03
4.515083e-05 5.339026e+01 3.316879e+00 1.193423e+00 1.819447e+03 4.670764e-05 5.275429e+01 5.391853e+00 1.819700e+03 4.559492e+01 5.292490e+01 1.219199e+01 1.817435e+03 1.821298e+03
4.515083e-05 5.339026e+01 3.316879e+00 1.769253e+00 1.819290e+03 4.643154e-05 5.262572e+01 5.548449e+00 1.818800e+03 4.320028e+01 4.996617e+01 1.801658e+01 1.817435e+03 1.821298e+03
4.515083e-05 5.339026e+01 3.316879e+00 2.544114e+00 1.819003e+03 4.614934e-05 5.246241e+01 5.569090e+00 1.818000e+03 4.150291e+01 5.079342e+01 7.418807e+00 1.817435e+03 1.821298e+03
4.515083e-05 5.339026e+01 3.316879e+00 3.046614e+00 1.818854e+03 4.597747e-05 5.237507e+01 5.527423e+00 1.817200e+03 4.149106e+01 5.155668e+01 6.287807e+00 1.817435e+03 1.821298e+03
4.515083e-05 5.339026e+01 3.316879e+00 3.926416e+00 1.818634e+03 4.572145e-05 5.225409e+01 5.378542e+00 1.816200e+03 4.218076e+01 5.129716e+01 4.923478e+00 1.817435e+03 1.821298e+03
4.515083e-05 5.339026e+01 3.316879e+00 4.827358e+00 1.818375e+03 4.552275e-05 5.214245e+01 5.150506e+00 1.815500e+03 4.316458e+01 4.933158e+01 2.510465e+00 1.817435e+03 1.821298e+03
4.515083e-05 5.339026e+01 3.316879e+00 5.899917e+00 1.818146e+03 4.542984e-05 5.190956e+01 4.761422e+00 1.815300e+03 4.394570e+01 5.035318e+01 2.304263e+00 1.817435e+03 1.821298e+03
4.515083e-05 5.339026e+01 3.316879e+00 6.929513e+00 1.818100e+03 4.549848e-05 5.187484e+01 4.552412e+00 1.814800e+03 4.362866e+01 4.997195e+01 7.937590e+00 1.817435e+03 1.821298e+03
4.515083e-05 5.339026e+01 3.316879e+00 7.915333e+00 1.817843e+03 4.540489e-05 5.174222e+01 4.504802e+00 1.814800e+03 4.159104e+01 4.905141e+01 6.672095e+00 1.817435e+03 1.821298e+03
4.515083e-05 5.339026e+01 3.316879e+00 8.550228e+00 1.817713e+03 4.531106e-05 5.165886e+01 4.452845e+00 1.814200e+03 4.044973e+01 4.773404e+01 4.675692e+00 1.817435e+03 1.821298e+03
4.515083e-05 5.339026e+01 3.316879e+00 9.238180e+00 1.817577e+03 4.515914e-05 5.153344e+01 4.314387e+00 1.813800e+03 3.985020e+01 4.712525e+01 3.319947e+00 1.817435e+03 1.821298e+03
4.515083e-05 5.339026e+01 3.316879e+00 1.040235e+01 1.817435e+03 4.495082e-05 5.144155e+01 3.234789e+00 1.814300e+03 4.143609e+01 5.017818e+01 2.404392e+00 1.817435e+03 1.821298e+03
4.515083e-05 5.339026e+01 3.316879e+00 1.109014e+01 1.817554e+03 4.507190e-05 5.165489e+01 2.929198e+00 1.814300e+03 4.114614e+01 5.101671e+01 1.948938e+00 1.817435e+03 1.821298e+03
4.515083e-05 5.339026e+01 3.316879e+00 1.203872e+01 1.817742e+03 4.512557e-05 5.179121e+01 2.867299e+00 1.814800e+03 4.098395e+01 5.096040e+01 4.302144e-01 1.817435e+03 1.821298e+03
4.515083e-05 5.339026e+01 3.316879e+00 1.285054e+01 1.817795e+03 4.508195e-05 5.179402e+01 2.841407e+00 1.815400e+03 4.076417e+01 5.114410e+01 -2.326853e+00 1.817435e+03 1.821298e+03
4.515083e-05 5.339026e+01 3.316879e+00 1.362540e+01 1.817875e+03 4.491429e-05 5.178373e+01 2.763249e+00 1.816300e+03 4.105505e+01 5.167365e+01 -2.137588e+00 1.817435e+03 1.821298e+03
4.515083e-05 5.339026e+01 3.316879e+00 1.440332e+01 1.818020e+03 4.468633e-05 5.186770e+01 2.467478e+00 1.816800e+03 4.121745e+01 5.262184e+01 -4.450424e+00 1.817435e+03 1.821298e+03
4.515083e-05 5.339026e+01 3.316879e+00 1.493949e+01 1.818117e+03 4.456940e-05 5.197518e+01 2.058768e+00 1.817400e+03 4.192059e+01 5.386834e+01 -5.931534e+00 1.817435e+03 1.821298e+03
4.515083e-05 5.339026e+01 3.316879e+00 1.626430e+01 1.818536e+03 4.475027e-05 5.232516e+01 1.045669e+00 1.818500e+03 4.445489e+01 5.490702e+01 -5.376565e+00 1.817435e+03 1.821298e+03
4.515083e-05 5.339026e+01 3.316879e+00 1.721142e+01 1.818889e+03 4.499362e-05 5.253420e+01 5.893101e-01 1.819000e+03 4.407515e+01 5.413085e+01 -3.013635e+00 1.817435e+03 1.821298e+03
4.515083e-05 5.339026e+01 3.316879e+00 1.807974e+01 1.819215e+03 4.528463e-05 5.269050e+01 3.020706e-01 1.819700e+03 4.420464e+01 5.480463e+01 -5.831457e+00 1.817435e+03 1.821298e+03
4.515083e-05 5.339026e+01 3.316879e+00 1.900653e+01 1.819623e+03 4.559023e-05 5.282840e+01 1.346187e-01 1.820500e+03 4.510398e+01 5.581140e+01 -2.477611e+00 1.817435e+03 1.821298e+03
4.515083e-05 5.339026e+01 3.316879e+00 2.013334e+01 1.820027e+03 4.596475e-05 5.303506e+01 1.295169e-01 1.820800e+03 4.515915e+01 5.570225e+01 -7.043123e-01 1.817435e+03 1.821298e+03
4.515083e-05 5.339026e+01 3.316879e+00 2.108767e+01 1.820339e+03 4.620971e-05 5.317238e+01 4.641333e-01 1.820800e+03 4.470850e+01 5.472727e+01 -7.536459e-01 1.817435e+03 1.821298e+03
4.515083e-05 5.339026e+01 3.316879e+00 2.223481e+01 1.820561e+03 4.639696e-05 5.321157e+01 6.801610e-01 1.820900e+03 4.461638e+01 5.455403e+01 -1.969148e+00 1.817435e+03 1.821298e+03
4.515083e-05 5.339026e+01 3.316879e+00 2.291623e+01 1.820800e+03 4.650696e-05 5.324309e+01 7.157340e-01 1.821200e+03 4.536908e+01 5.480711e+01 -3.208555e+00 1.817435e+03 1.821298e+03
4.515083e-05 5.339026e+01 3.316879e+00 2.364760e+01 1.821034e+03 4.666649e-05 5.326435e+01 7.435303e-01 1.821500e+03 4.523852e+01 5.621565e+01 -2.175035e+00 1.817435e+03 1.821298e+03
4.515083e-05 5.339026e+01 3.316879e+00 2.503997e+01 1.821220e+03 4.695003e-05 5.332400e+01 1.027205e+00 1.822000e+03 4.529983e+01 5.603488e+01 2.996579e-01 1.817435e+03 1.821298e+03
4.515083e-05 5.339026e+01 3.316879e+00 2.644982e+01 1.821298e+03 4.709341e-05 5.339715e+01 2.139214e+00 1.822500e+03 4.718896e+01 5.691682e+01 3.097087e-01 1.817435e+03 1.821298e+03
