# 1    , 2      , 3      , 4      , 5      , 6      , 7       
# dmeas, Bx_siB0, By_siB0, Bz_siB0, In_siB0, Ic_siB0, Dc_siB0 
0.000000e+00 2.832883e-05 1.948758e-06 3.769568e-05 4.719411e-05 5.300965e+01 3.935214e+00 
1.193423e+00 2.814399e-05 2.656353e-06 3.718149e-05 4.670764e-05 5.275429e+01 5.391853e+00 
1.769253e+00 2.805278e-05 2.725119e-06 3.689855e-05 4.643154e-05 5.262572e+01 5.548449e+00 
2.544114e+00 2.798524e-05 2.728735e-06 3.659430e-05 4.614934e-05 5.246241e+01 5.569090e+00 
3.046614e+00 2.793826e-05 2.703645e-06 3.641526e-05 4.597747e-05 5.237507e+01 5.527423e+00 
3.926416e+00 2.786565e-05 2.623551e-06 3.615348e-05 4.572145e-05 5.225409e+01 5.378542e+00 
4.827358e+00 2.782452e-05 2.507997e-06 3.594198e-05 4.552275e-05 5.214245e+01 5.150506e+00 
5.899917e+00 2.792916e-05 2.326341e-06 3.575501e-05 4.542984e-05 5.190956e+01 4.761422e+00 
6.929513e+00 2.800130e-05 2.229525e-06 3.579202e-05 4.549848e-05 5.187484e+01 4.552412e+00 
7.915333e+00 2.802788e-05 2.208205e-06 3.565341e-05 4.540489e-05 5.174222e+01 4.504802e+00 
8.550228e+00 2.802353e-05 2.182294e-06 3.553888e-05 4.531106e-05 5.165886e+01 4.452845e+00 
9.238180e+00 2.801199e-05 2.113306e-06 3.535831e-05 4.515914e-05 5.153344e+01 4.314387e+00 
1.040235e+01 2.797377e-05 1.581016e-06 3.515032e-05 4.495082e-05 5.144155e+01 3.234789e+00 
1.109014e+01 2.792592e-05 1.428934e-06 3.534936e-05 4.507190e-05 5.165489e+01 2.929198e+00 
1.203872e+01 2.787652e-05 1.396213e-06 3.545796e-05 4.512557e-05 5.179121e+01 2.867299e+00 
1.285054e+01 2.784847e-05 1.382192e-06 3.542505e-05 4.508195e-05 5.179402e+01 2.841407e+00 
1.362540e+01 2.775309e-05 1.339509e-06 3.528832e-05 4.491429e-05 5.178373e+01 2.763249e+00 
1.440332e+01 2.756730e-05 1.187937e-06 3.514969e-05 4.468633e-05 5.186770e+01 2.467478e+00 
1.493949e+01 2.743715e-05 9.863041e-07 3.510928e-05 4.456940e-05 5.197518e+01 2.058768e+00 
1.626430e+01 2.734589e-05 4.991278e-07 3.541948e-05 4.475027e-05 5.232516e+01 1.045669e+00 
1.721142e+01 2.736762e-05 2.814969e-07 3.571218e-05 4.499362e-05 5.253420e+01 5.893101e-01 
1.807974e+01 2.744755e-05 1.447083e-07 3.601818e-05 4.528463e-05 5.269050e+01 3.020706e-01 
1.900653e+01 2.754574e-05 6.471992e-08 3.632764e-05 4.559023e-05 5.282840e+01 1.346187e-01 
2.013334e+01 2.763974e-05 6.247963e-08 3.672600e-05 4.596475e-05 5.303506e+01 1.295169e-01 
2.108767e+01 2.769763e-05 2.243738e-07 3.698822e-05 4.620971e-05 5.317238e+01 4.641333e-01 
2.223481e+01 2.778342e-05 3.298338e-07 3.715711e-05 4.639696e-05 5.321157e+01 6.801610e-01 
2.291623e+01 2.782858e-05 3.476504e-07 3.726053e-05 4.650696e-05 5.324309e+01 7.157340e-01 
2.364760e+01 2.790999e-05 3.622097e-07 3.739870e-05 4.666649e-05 5.326435e+01 7.435303e-01 
2.503997e+01 2.803824e-05 5.027267e-07 3.765514e-05 4.695003e-05 5.332400e+01 1.027205e+00 
2.649174e+01 2.806057e-05 1.048166e-06 3.780601e-05 4.709341e-05 5.339715e+01 2.139214e+00 
3.265152e+01 2.764482e-05 2.236821e-08 3.774559e-05 4.678639e-05 5.378099e+01 4.635963e-02 
