# 1, 2, 3, 4   , 5   , 6   , 7   , 8   , 9   , 10  
# x, y, z, Bx_si, By_si, Bz_si, In_si, Ic_si, Dc_si, dmeas 
4.994137e+05 4.171917e+06 1.819779e+03 3.908583e-07 1.447729e-06 -1.452378e-06 2.087605e-06 4.408425e+01 1.510852e+01 0.000000e+00 
4.994125e+05 4.171917e+06 1.819447e+03 1.098453e-06 1.262888e-06 -9.381866e-07 1.918770e-06 2.927173e+01 4.101655e+01 1.193423e+00 
4.994119e+05 4.171917e+06 1.819290e+03 1.167219e-06 1.171682e-06 -6.552481e-07 1.778929e-06 2.161318e+01 4.489066e+01 1.769253e+00 
4.994112e+05 4.171917e+06 1.819003e+03 1.170835e-06 1.104138e-06 -3.509957e-07 1.647171e-06 1.230349e+01 4.667929e+01 2.544114e+00 
4.994107e+05 4.171917e+06 1.818854e+03 1.145745e-06 1.057165e-06 -1.719630e-07 1.568407e-06 6.294667e+00 4.730266e+01 3.046614e+00 
4.994098e+05 4.171917e+06 1.818634e+03 1.065651e-06 9.845528e-07 8.982446e-08 1.453624e-06 -3.542761e+00 4.726521e+01 3.926416e+00 
4.994089e+05 4.171917e+06 1.818375e+03 9.500968e-07 9.434230e-07 3.013150e-07 1.372415e-06 -1.268266e+01 4.520194e+01 4.827358e+00 
4.994078e+05 4.171918e+06 1.818146e+03 7.684408e-07 1.048063e-06 4.882900e-07 1.388296e-06 -2.059250e+01 3.624890e+01 5.899917e+00 
4.994070e+05 4.171918e+06 1.818100e+03 6.716250e-07 1.120197e-06 4.512805e-07 1.381874e-06 -1.906081e+01 3.094521e+01 6.929513e+00 
4.994060e+05 4.171918e+06 1.817843e+03 6.503051e-07 1.146776e-06 5.898892e-07 1.444286e-06 -2.410623e+01 2.955637e+01 7.915333e+00 
4.994054e+05 4.171918e+06 1.817713e+03 6.243945e-07 1.142426e-06 7.044230e-07 1.480276e-06 -2.841618e+01 2.865886e+01 8.550228e+00 
4.994047e+05 4.171918e+06 1.817577e+03 5.554059e-07 1.130890e-06 8.849857e-07 1.539671e-06 -3.508485e+01 2.615672e+01 9.238180e+00 
4.994035e+05 4.171918e+06 1.817435e+03 2.311592e-08 1.092675e-06 1.092983e-06 1.545666e-06 -4.500166e+01 1.211931e+00 1.040235e+01 
4.994028e+05 4.171918e+06 1.817554e+03 -1.289660e-07 1.044823e-06 8.939391e-07 1.381092e-06 -4.033608e+01 -7.036619e+00 1.109014e+01 
4.994019e+05 4.171918e+06 1.817742e+03 -1.616869e-07 9.954246e-07 7.853415e-07 1.278192e-06 -3.790950e+01 -9.225981e+00 1.203872e+01 
4.994011e+05 4.171918e+06 1.817795e+03 -1.757081e-07 9.673720e-07 8.182459e-07 1.279144e-06 -3.976816e+01 -1.029466e+01 1.285054e+01 
4.994004e+05 4.171917e+06 1.817875e+03 -2.183909e-07 8.719898e-07 9.549819e-07 1.311507e-06 -4.673203e+01 -1.406057e+01 1.362540e+01 
4.993996e+05 4.171917e+06 1.818020e+03 -3.699628e-07 6.862014e-07 1.093610e-06 1.343030e-06 -5.451683e+01 -2.833115e+01 1.440332e+01 
4.993991e+05 4.171917e+06 1.818117e+03 -5.715959e-07 5.560524e-07 1.134025e-06 1.386336e-06 -5.488521e+01 -4.578971e+01 1.493949e+01 
4.993979e+05 4.171917e+06 1.818536e+03 -1.058772e-06 4.647942e-07 8.238169e-07 1.419756e-06 -3.546831e+01 -6.629883e+01 1.626430e+01 
4.993970e+05 4.171916e+06 1.818889e+03 -1.276403e-06 4.865228e-07 5.311156e-07 1.465603e-06 -2.124686e+01 -6.913480e+01 1.721142e+01 
4.993962e+05 4.171916e+06 1.819215e+03 -1.413192e-06 5.664524e-07 2.251245e-07 1.539045e-06 -8.411143e+00 -6.815751e+01 1.807974e+01 
4.993953e+05 4.171916e+06 1.819623e+03 -1.493180e-06 6.646356e-07 -8.433692e-08 1.636594e-06 2.953873e+00 -6.600548e+01 1.900653e+01 
4.993943e+05 4.171916e+06 1.820027e+03 -1.495420e-06 7.586414e-07 -4.827037e-07 1.744942e-06 1.605919e+01 -6.310087e+01 2.013334e+01 
4.993933e+05 4.171915e+06 1.820339e+03 -1.333526e-06 8.165294e-07 -7.449178e-07 1.732026e-06 2.547293e+01 -5.852051e+01 2.108767e+01 
4.993922e+05 4.171915e+06 1.820561e+03 -1.228066e-06 9.023166e-07 -9.138134e-07 1.776901e-06 3.094892e+01 -5.369357e+01 2.223481e+01 
4.993916e+05 4.171915e+06 1.820800e+03 -1.210250e-06 9.474819e-07 -1.017226e-06 1.843143e-06 3.349731e+01 -5.194327e+01 2.291623e+01 
4.993909e+05 4.171915e+06 1.821034e+03 -1.195690e-06 1.028889e-06 -1.155395e-06 1.955307e-06 3.622105e+01 -4.928807e+01 2.364760e+01 
4.993897e+05 4.171915e+06 1.821220e+03 -1.055173e-06 1.157140e-06 -1.411837e-06 2.108471e-06 4.203639e+01 -4.236107e+01 2.503997e+01 
4.993884e+05 4.171914e+06 1.821298e+03 -5.097341e-07 1.179470e-06 -1.562714e-06 2.023130e-06 5.057208e+01 -2.337266e+01 2.649174e+01 
4.993917e+05 4.171909e+06 1.820029e+03 -1.535532e-06 7.637235e-07 -1.502293e-06 2.279916e-06 4.121793e+01 -6.355575e+01 3.265152e+01 
