# 1 , 2 , 3 , 4      , 5      , 6      , 7      , 8      , 9      , 10 (pm), 11 (pm), 12 (pm)  
# xm, ym, zm, IGRF_In, IGRF_Ic, IGRF_Dc, In_siB0, Ic_siB0, Dc_siB0, Bx_siB0, By_siB0, Bz_siB0  
1.002300e+02 1.247790e+02 1.207864e+00 4.518274e-05 5.346856e+01 3.327694e+00 4.460914e-05 5.229914e+01 7.720161e+00 2.703296e-05 3.664686e-06 3.529540e-05 
1.012943e+02 1.247790e+02 2.255164e+00 4.518274e-05 5.346856e+01 3.327694e+00 4.521993e-05 5.273081e+01 8.238878e+00 2.710079e-05 3.924056e-06 3.598598e-05 
1.023587e+02 1.247790e+02 3.211530e+00 4.518274e-05 5.346856e+01 3.327694e+00 4.595052e-05 5.327764e+01 8.335398e+00 2.718532e-05 3.983064e-06 3.683129e-05 
1.034230e+02 1.247790e+02 4.008937e+00 4.518274e-05 5.346856e+01 3.327694e+00 4.670183e-05 5.388445e+01 7.741570e+00 2.727590e-05 3.708000e-06 3.772714e-05 
1.044874e+02 1.247790e+02 4.590665e+00 4.518274e-05 5.346856e+01 3.327694e+00 4.729652e-05 5.441543e+01 6.395108e+00 2.735077e-05 3.065516e-06 3.846425e-05 
1.055517e+02 1.247790e+02 4.915335e+00 4.518274e-05 5.346856e+01 3.327694e+00 4.760574e-05 5.474338e+01 4.575127e+00 2.739235e-05 2.191968e-06 3.887365e-05 
1.066161e+02 1.247790e+02 4.959853e+00 4.518274e-05 5.346856e+01 3.327694e+00 4.761892e-05 5.483365e+01 2.608322e+00 2.739782e-05 1.248115e-06 3.892767e-05 
1.076804e+02 1.247790e+02 4.721053e+00 4.518274e-05 5.346856e+01 3.327694e+00 4.734285e-05 5.468192e+01 7.084531e-01 2.736753e-05 3.384123e-07 3.862964e-05 
1.087448e+02 1.247790e+02 4.215920e+00 4.518274e-05 5.346856e+01 3.327694e+00 4.677880e-05 5.428899e+01 -8.310513e-01 2.730178e-05 -3.960287e-07 3.798304e-05 
1.098091e+02 1.247790e+02 3.480385e+00 4.518274e-05 5.346856e+01 3.327694e+00 4.602632e-05 5.373598e+01 -1.666757e+00 2.721337e-05 -7.918713e-07 3.711102e-05 
1.108735e+02 1.247790e+02 2.566767e+00 4.518274e-05 5.346856e+01 3.327694e+00 4.526823e-05 5.316707e+01 -1.740964e+00 2.712504e-05 -8.244630e-07 3.623210e-05 
1.119378e+02 1.247790e+02 1.540052e+00 4.518274e-05 5.346856e+01 3.327694e+00 4.462711e-05 5.267595e+01 -1.300932e+00 2.705144e-05 -6.143231e-07 3.548833e-05 
1.130022e+02 1.247790e+02 4.732709e-01 4.518274e-05 5.346856e+01 3.327694e+00 4.412914e-05 5.228268e+01 -6.083093e-01 2.699520e-05 -2.866188e-07 3.490785e-05 
1.140665e+02 1.247790e+02 -5.576963e-01 4.518274e-05 5.346856e+01 3.327694e+00 4.375586e-05 5.197515e+01 1.659414e-01 2.695363e-05 7.806399e-08 3.446840e-05 
1.151309e+02 1.247790e+02 -1.479516e+00 4.518274e-05 5.346856e+01 3.327694e+00 4.348326e-05 5.173831e+01 9.424340e-01 2.692355e-05 4.428940e-07 3.414265e-05 
1.161952e+02 1.247790e+02 -2.226619e+00 4.518274e-05 5.346856e+01 3.327694e+00 4.329428e-05 5.156260e+01 1.683932e+00 2.690266e-05 7.909013e-07 3.391188e-05 
1.172596e+02 1.247790e+02 -2.745863e+00 4.518274e-05 5.346856e+01 3.327694e+00 4.317841e-05 5.144276e+01 2.388187e+00 2.688956e-05 1.121453e-06 3.376491e-05 
1.183239e+02 1.247790e+02 -3.000315e+00 4.518274e-05 5.346856e+01 3.327694e+00 4.313025e-05 5.137642e+01 3.063802e+00 2.688347e-05 1.438923e-06 3.369610e-05 
1.193883e+02 1.247790e+02 -2.971874e+00 4.518274e-05 5.346856e+01 3.327694e+00 4.314808e-05 5.136267e+01 3.729514e+00 2.688412e-05 1.752424e-06 3.370356e-05 
1.204526e+02 1.247790e+02 -2.662564e+00 4.518274e-05 5.346856e+01 3.327694e+00 4.323235e-05 5.140096e+01 4.405839e+00 2.689152e-05 2.071946e-06 3.378742e-05 
1.215170e+02 1.247790e+02 -2.094387e+00 4.518274e-05 5.346856e+01 3.327694e+00 4.338607e-05 5.149169e+01 5.109050e+00 2.690606e-05 2.405586e-06 3.395038e-05 
1.225813e+02 1.247790e+02 -1.307757e+00 4.518274e-05 5.346856e+01 3.327694e+00 4.361566e-05 5.163728e+01 5.848371e+00 2.692862e-05 2.758281e-06 3.419893e-05 
1.236457e+02 1.247790e+02 -3.586271e-01 4.518274e-05 5.346856e+01 3.327694e+00 4.393163e-05 5.184406e+01 6.610186e+00 2.696070e-05 3.124317e-06 3.454485e-05 
1.247100e+02 1.247790e+02 6.854902e-01 4.518274e-05 5.346856e+01 3.327694e+00 4.435239e-05 5.212611e+01 7.356574e+00 2.700493e-05 3.486517e-06 3.501018e-05 
1.257743e+02 1.247790e+02 1.750327e+00 4.518274e-05 5.346856e+01 3.327694e+00 4.489814e-05 5.250410e+01 7.988776e+00 2.706448e-05 3.798259e-06 3.562205e-05 
1.268387e+02 1.247790e+02 2.760140e+00 4.518274e-05 5.346856e+01 3.327694e+00 4.557654e-05 5.299678e+01 8.327079e+00 2.714150e-05 3.972618e-06 3.639750e-05 
1.279030e+02 1.247790e+02 3.643101e+00 4.518274e-05 5.346856e+01 3.327694e+00 4.633697e-05 5.358716e+01 8.096388e+00 2.723143e-05 3.873855e-06 3.729018e-05 
1.289674e+02 1.247790e+02 4.336405e+00 4.518274e-05 5.346856e+01 3.327694e+00 4.703226e-05 5.417539e+01 7.101090e+00 2.731711e-05 3.403053e-06 3.813435e-05 
1.300317e+02 1.247790e+02 4.790737e+00 4.518274e-05 5.346856e+01 3.327694e+00 4.748911e-05 5.461234e+01 5.464694e+00 2.737622e-05 2.619005e-06 3.871562e-05 
1.310961e+02 1.247790e+02 4.973780e+00 4.518274e-05 5.346856e+01 3.327694e+00 4.764534e-05 5.481878e+01 3.537942e+00 2.739924e-05 1.694022e-06 3.894215e-05 
1.321604e+02 1.247790e+02 4.872513e+00 4.518274e-05 5.346856e+01 3.327694e+00 4.751272e-05 5.478640e+01 1.578864e+00 2.738668e-05 7.548686e-07 3.881827e-05 
1.332248e+02 1.247790e+02 4.494141e+00 4.518274e-05 5.346856e+01 3.327694e+00 4.708618e-05 5.450769e+01 -1.831435e-01 2.733780e-05 -8.738439e-08 3.833726e-05 
1.342891e+02 1.247790e+02 3.865577e+00 4.518274e-05 5.346856e+01 3.327694e+00 4.640582e-05 5.401626e+01 -1.393361e+00 2.725794e-05 -6.630092e-07 3.755084e-05 
1.353535e+02 1.247790e+02 3.031531e+00 4.518274e-05 5.346856e+01 3.327694e+00 4.562872e-05 5.343804e+01 -1.821047e+00 2.716693e-05 -8.637444e-07 3.664959e-05 
1.364178e+02 1.247790e+02 2.051329e+00 4.518274e-05 5.346856e+01 3.327694e+00 4.492328e-05 5.290358e+01 -1.594073e+00 2.708536e-05 -7.537584e-07 3.583178e-05 
1.374822e+02 1.247790e+02 9.946926e-01 4.518274e-05 5.346856e+01 3.327694e+00 4.435626e-05 5.246326e+01 -9.954842e-01 2.702086e-05 -4.695206e-07 3.517287e-05 
1.385465e+02 1.247790e+02 -6.321798e-02 4.518274e-05 5.346856e+01 3.327694e+00 4.392583e-05 5.211660e+01 -2.453280e-01 2.697269e-05 -1.154919e-07 3.466899e-05 
1.396109e+02 1.247790e+02 -1.047154e+00 4.518274e-05 5.346856e+01 3.327694e+00 4.360677e-05 5.184710e+01 5.373291e-01 2.693743e-05 2.526310e-07 3.429084e-05 
1.406752e+02 1.247790e+02 -1.887127e+00 4.518274e-05 5.346856e+01 3.327694e+00 4.337961e-05 5.164339e+01 1.298993e+00 2.691248e-05 6.102563e-07 3.401671e-05 
1.417396e+02 1.247790e+02 -2.523389e+00 4.518274e-05 5.346856e+01 3.327694e+00 4.322914e-05 5.149697e+01 2.022107e+00 2.689580e-05 9.496126e-07 3.383005e-05 
1.428039e+02 1.247790e+02 -2.910683e+00 4.518274e-05 5.346856e+01 3.327694e+00 4.314883e-05 5.140524e+01 2.709842e+00 2.688649e-05 1.272563e-06 3.372415e-05 
1.438683e+02 1.247790e+02 -3.021461e+00 4.518274e-05 5.346856e+01 3.327694e+00 4.313500e-05 5.136644e+01 3.377914e+00 2.688400e-05 1.586805e-06 3.369512e-05 
1.449326e+02 1.247790e+02 -2.847843e+00 4.518274e-05 5.346856e+01 3.327694e+00 4.318710e-05 5.137990e+01 4.046186e+00 2.688821e-05 1.901988e-06 3.374215e-05 
1.459970e+02 1.247790e+02 -2.402178e+00 4.518274e-05 5.346856e+01 3.327694e+00 4.330694e-05 5.144554e+01 4.734218e+00 2.689932e-05 2.227700e-06 3.386672e-05 
1.470613e+02 1.247790e+02 -1.716167e+00 4.518274e-05 5.346856e+01 3.327694e+00 4.349847e-05 5.156410e+01 5.454931e+00 2.691787e-05 2.570528e-06 3.407253e-05 
1.481257e+02 1.247790e+02 -8.386058e-01 4.518274e-05 5.346856e+01 3.327694e+00 4.377125e-05 5.174076e+01 6.206629e+00 2.694518e-05 2.930338e-06 3.436993e-05 
1.491900e+02 1.247790e+02 1.680840e-01 4.518274e-05 5.346856e+01 3.327694e+00 4.413844e-05 5.198424e+01 6.967744e+00 2.698314e-05 3.297694e-06 3.477409e-05 
