# 1 , 2 , 3 , 4      , 5      , 6      , 7      , 8      , 9      , 10 (pm), 11 (pm), 12 (pm)  
# xm, ym, zm, IGRF_In, IGRF_Ic, IGRF_Dc, In_siB0, Ic_siB0, Dc_siB0, Bx_siB0, By_siB0, Bz_siB0  
1.002300e+02 1.247790e+02 1.207864e+00 4.518274e-05 5.346856e+01 3.327694e+00 4.443440e-05 5.197859e+01 7.686984e+00 2.712368e-05 3.660991e-06 3.500456e-05 
1.012943e+02 1.247790e+02 2.255164e+00 4.518274e-05 5.346856e+01 3.327694e+00 4.504379e-05 5.241677e+01 8.204488e+00 2.719162e-05 3.920546e-06 3.569577e-05 
1.023587e+02 1.247790e+02 3.211530e+00 4.518274e-05 5.346856e+01 3.327694e+00 4.577256e-05 5.297107e+01 8.301151e+00 2.727626e-05 3.979736e-06 3.654168e-05 
1.034230e+02 1.247790e+02 4.008937e+00 4.518274e-05 5.346856e+01 3.327694e+00 4.652189e-05 5.358529e+01 7.709650e+00 2.736695e-05 3.704850e-06 3.743809e-05 
1.044874e+02 1.247790e+02 4.590665e+00 4.518274e-05 5.346856e+01 3.327694e+00 4.711502e-05 5.412201e+01 6.367907e+00 2.744192e-05 3.062541e-06 3.817574e-05 
1.055517e+02 1.247790e+02 4.915335e+00 4.518274e-05 5.346856e+01 3.327694e+00 4.742353e-05 5.445301e+01 4.554196e+00 2.748359e-05 2.189165e-06 3.858563e-05 
1.066161e+02 1.247790e+02 4.959853e+00 4.518274e-05 5.346856e+01 3.327694e+00 4.743695e-05 5.454365e+01 2.594189e+00 2.748914e-05 1.245481e-06 3.864013e-05 
1.076804e+02 1.247790e+02 4.721053e+00 4.518274e-05 5.346856e+01 3.327694e+00 4.716203e-05 5.438970e+01 7.009458e-01 2.745894e-05 3.359443e-07 3.834255e-05 
1.087448e+02 1.247790e+02 4.215920e+00 4.518274e-05 5.346856e+01 3.327694e+00 4.660006e-05 5.399188e+01 -8.330949e-01 2.739328e-05 -3.983331e-07 3.769636e-05 
1.098091e+02 1.247790e+02 3.480385e+00 4.518274e-05 5.346856e+01 3.327694e+00 4.585031e-05 5.343207e+01 -1.665664e+00 2.730494e-05 -7.940144e-07 3.682473e-05 
1.108735e+02 1.247790e+02 2.566767e+00 4.518274e-05 5.346856e+01 3.327694e+00 4.509498e-05 5.285607e+01 -1.739278e+00 2.721668e-05 -8.264469e-07 3.594617e-05 
1.119378e+02 1.247790e+02 1.540052e+00 4.518274e-05 5.346856e+01 3.327694e+00 4.445629e-05 5.235877e+01 -1.300392e+00 2.714314e-05 -6.161500e-07 3.520273e-05 
1.130022e+02 1.247790e+02 4.732709e-01 4.518274e-05 5.346856e+01 3.327694e+00 4.396030e-05 5.196058e+01 -6.097842e-01 2.708695e-05 -2.882903e-07 3.462256e-05 
1.140665e+02 1.247790e+02 -5.576963e-01 4.518274e-05 5.346856e+01 3.327694e+00 4.358860e-05 5.164931e+01 1.621624e-01 2.704545e-05 7.654605e-08 3.418339e-05 
1.151309e+02 1.247790e+02 -1.479516e+00 4.518274e-05 5.346856e+01 3.327694e+00 4.331725e-05 5.140970e+01 9.363341e-01 2.701541e-05 4.415282e-07 3.385789e-05 
1.161952e+02 1.247790e+02 -2.226619e+00 4.518274e-05 5.346856e+01 3.327694e+00 4.312920e-05 5.123205e+01 1.675626e+00 2.699457e-05 7.896863e-07 3.362734e-05 
1.172596e+02 1.247790e+02 -2.745863e+00 4.518274e-05 5.346856e+01 3.327694e+00 4.301401e-05 5.111105e+01 2.377800e+00 2.698150e-05 1.120387e-06 3.348057e-05 
1.183239e+02 1.247790e+02 -3.000315e+00 4.518274e-05 5.346856e+01 3.327694e+00 4.296627e-05 5.104425e+01 3.051433e+00 2.697545e-05 1.438006e-06 3.341193e-05 
1.193883e+02 1.247790e+02 -2.971874e+00 4.518274e-05 5.346856e+01 3.327694e+00 4.298425e-05 5.103074e+01 3.715202e+00 2.697612e-05 1.751655e-06 3.341954e-05 
1.204526e+02 1.247790e+02 -2.662564e+00 4.518274e-05 5.346856e+01 3.327694e+00 4.306841e-05 5.106997e+01 4.389557e+00 2.698355e-05 2.071324e-06 3.350352e-05 
1.215170e+02 1.247790e+02 -2.094387e+00 4.518274e-05 5.346856e+01 3.327694e+00 4.322176e-05 5.116238e+01 5.090720e+00 2.699811e-05 2.405110e-06 3.366657e-05 
1.225813e+02 1.247790e+02 -1.307757e+00 4.518274e-05 5.346856e+01 3.327694e+00 4.345071e-05 5.131041e+01 5.827889e+00 2.702069e-05 2.757950e-06 3.391519e-05 
1.236457e+02 1.247790e+02 -3.586271e-01 4.518274e-05 5.346856e+01 3.327694e+00 4.376574e-05 5.152048e+01 6.587500e+00 2.705278e-05 3.124132e-06 3.426116e-05 
1.247100e+02 1.247790e+02 6.854902e-01 4.518274e-05 5.346856e+01 3.327694e+00 4.418522e-05 5.180682e+01 7.331767e+00 2.709700e-05 3.486477e-06 3.472651e-05 
1.257743e+02 1.247790e+02 1.750327e+00 4.518274e-05 5.346856e+01 3.327694e+00 4.472926e-05 5.219022e+01 7.962256e+00 2.715656e-05 3.798364e-06 3.533837e-05 
1.268387e+02 1.247790e+02 2.760140e+00 4.518274e-05 5.346856e+01 3.327694e+00 4.540547e-05 5.268947e+01 8.299837e+00 2.723357e-05 3.972869e-06 3.611379e-05 
1.279030e+02 1.247790e+02 3.643101e+00 4.518274e-05 5.346856e+01 3.327694e+00 4.616338e-05 5.328700e+01 8.070285e+00 2.732349e-05 3.874251e-06 3.700641e-05 
1.289674e+02 1.247790e+02 4.336405e+00 4.518274e-05 5.346856e+01 3.327694e+00 4.685623e-05 5.388162e+01 7.078603e+00 2.740915e-05 3.403596e-06 3.785050e-05 
1.300317e+02 1.247790e+02 4.790737e+00 4.518274e-05 5.346856e+01 3.327694e+00 4.731131e-05 5.432269e+01 5.447922e+00 2.746824e-05 2.619695e-06 3.843167e-05 
1.310961e+02 1.247790e+02 4.973780e+00 4.518274e-05 5.346856e+01 3.327694e+00 4.746669e-05 5.453056e+01 3.527869e+00 2.749123e-05 1.694858e-06 3.865806e-05 
1.321604e+02 1.247790e+02 4.872513e+00 4.518274e-05 5.346856e+01 3.327694e+00 4.733411e-05 5.449706e+01 1.575634e+00 2.747864e-05 7.558530e-07 3.853403e-05 
1.332248e+02 1.247790e+02 4.494141e+00 4.518274e-05 5.346856e+01 3.327694e+00 4.690858e-05 5.421456e+01 -1.801623e-01 2.742973e-05 -8.625100e-08 3.805283e-05 
1.342891e+02 1.247790e+02 3.865577e+00 4.518274e-05 5.346856e+01 3.327694e+00 4.623008e-05 5.371690e+01 -1.385994e+00 2.734982e-05 -6.617257e-07 3.726620e-05 
1.353535e+02 1.247790e+02 3.031531e+00 4.518274e-05 5.346856e+01 3.327694e+00 4.545521e-05 5.313125e+01 -1.811903e+00 2.725877e-05 -8.623096e-07 3.636471e-05 
1.364178e+02 1.247790e+02 2.051329e+00 4.518274e-05 5.346856e+01 3.327694e+00 4.475184e-05 5.258973e+01 -1.585347e+00 2.717715e-05 -7.521708e-07 3.554664e-05 
1.374822e+02 1.247790e+02 9.946926e-01 4.518274e-05 5.346856e+01 3.327694e+00 4.418648e-05 5.214348e+01 -9.884365e-01 2.711259e-05 -4.677785e-07 3.488744e-05 
1.385465e+02 1.247790e+02 -6.321798e-02 4.518274e-05 5.346856e+01 3.327694e+00 4.375728e-05 5.179212e+01 -2.404787e-01 2.706436e-05 -1.135937e-07 3.438324e-05 
1.396109e+02 1.247790e+02 -1.047154e+00 4.518274e-05 5.346856e+01 3.327694e+00 4.343911e-05 5.151895e+01 5.398663e-01 2.702904e-05 2.546872e-07 3.400475e-05 
1.406752e+02 1.247790e+02 -1.887127e+00 4.518274e-05 5.346856e+01 3.327694e+00 4.321251e-05 5.131249e+01 1.299291e+00 2.700401e-05 6.124725e-07 3.373025e-05 
1.417396e+02 1.247790e+02 -2.523389e+00 4.518274e-05 5.346856e+01 3.327694e+00 4.306233e-05 5.116409e+01 2.020304e+00 2.698726e-05 9.519911e-07 3.354319e-05 
1.428039e+02 1.247790e+02 -2.910683e+00 4.518274e-05 5.346856e+01 3.327694e+00 4.298203e-05 5.107112e+01 2.706067e+00 2.697787e-05 1.275107e-06 3.343686e-05 
1.438683e+02 1.247790e+02 -3.021461e+00 4.518274e-05 5.346856e+01 3.327694e+00 4.296795e-05 5.103179e+01 3.372247e+00 2.697529e-05 1.589515e-06 3.340737e-05 
1.449326e+02 1.247790e+02 -2.847843e+00 4.518274e-05 5.346856e+01 3.327694e+00 4.301954e-05 5.104541e+01 4.038642e+00 2.697940e-05 1.904869e-06 3.345391e-05 
1.459970e+02 1.247790e+02 -2.402178e+00 4.518274e-05 5.346856e+01 3.327694e+00 4.313860e-05 5.111195e+01 4.724750e+00 2.699042e-05 2.230755e-06 3.357797e-05 
1.470613e+02 1.247790e+02 -1.716167e+00 4.518274e-05 5.346856e+01 3.327694e+00 4.332908e-05 5.123214e+01 5.443454e+00 2.700887e-05 2.573759e-06 3.378323e-05 
1.481257e+02 1.247790e+02 -8.386058e-01 4.518274e-05 5.346856e+01 3.327694e+00 4.360053e-05 5.141126e+01 6.193068e+00 2.703608e-05 2.933748e-06 3.408005e-05 
1.491900e+02 1.247790e+02 1.680840e-01 4.518274e-05 5.346856e+01 3.327694e+00 4.396605e-05 5.165812e+01 6.952104e+00 2.707392e-05 3.301288e-06 3.448360e-05 
