# 1,2,3, 4    , 5    , 6    , 7    , 8    , 9     
# x,y,z, Bx_si, By_si, Bz_si, In_si, Ic_si, Dc_si 
1.002300e+02 1.247790e+02 1.207864e+00 2.099791e-06 2.733759e-07 1.301143e-06 2.485323e-06 -3.156938e+01 8.258227e+01 
1.012943e+02 1.247790e+02 2.255164e+00 2.359346e-06 3.413202e-07 6.099261e-07 2.460696e-06 -1.435135e+01 8.176829e+01 
1.023587e+02 1.247790e+02 3.211530e+00 2.418536e-06 4.259616e-07 -2.359755e-07 2.467072e-06 5.488734e+00 8.001129e+01 
1.034230e+02 1.247790e+02 4.008937e+00 2.143650e-06 5.166469e-07 -1.132392e-06 2.478805e-06 2.718274e+01 7.644942e+01 
1.044874e+02 1.247790e+02 4.590665e+00 1.501341e-06 5.916192e-07 -1.870037e-06 2.470036e-06 4.920824e+01 6.849256e+01 
1.055517e+02 1.247790e+02 4.915335e+00 6.279648e-07 6.332894e-07 -2.279934e-06 2.448162e-06 6.863589e+01 4.475812e+01 
1.066161e+02 1.247790e+02 4.959853e+00 -3.157192e-07 6.388440e-07 -2.334432e-06 2.440773e-06 7.302484e+01 -2.629876e+01 
1.076804e+02 1.247790e+02 4.721053e+00 -1.225256e-06 6.086422e-07 -2.036848e-06 2.453660e-06 5.611173e+01 -6.358425e+01 
1.087448e+02 1.247790e+02 4.215920e+00 -1.959533e-06 5.429770e-07 -1.390662e-06 2.463440e-06 3.436900e+01 -7.451221e+01 
1.098091e+02 1.247790e+02 3.480385e+00 -2.355214e-06 4.546405e-07 -5.190251e-07 2.454205e-06 1.220934e+01 -7.907425e+01 
1.108735e+02 1.247790e+02 2.566767e+00 -2.387647e-06 3.663780e-07 3.595332e-07 2.442203e-06 -8.465668e+00 -8.127616e+01 
1.119378e+02 1.247790e+02 1.540052e+00 -2.177350e-06 2.928377e-07 1.102967e-06 2.458281e-06 -2.665866e+01 -8.234010e+01 
1.130022e+02 1.247790e+02 4.732709e-01 -1.849490e-06 2.366541e-07 1.683141e-06 2.511889e-06 -4.207247e+01 -8.270826e+01 
1.140665e+02 1.247790e+02 -5.576963e-01 -1.484654e-06 1.951471e-07 2.122312e-06 2.597400e-06 -5.479462e+01 -8.251181e+01 
1.151309e+02 1.247790e+02 -1.479516e+00 -1.119672e-06 1.651086e-07 2.447813e-06 2.696797e-06 -6.518589e+01 -8.161153e+01 
1.161952e+02 1.247790e+02 -2.226619e+00 -7.715137e-07 1.442686e-07 2.678361e-06 2.790997e-06 -7.366692e+01 -7.940834e+01 
1.172596e+02 1.247790e+02 -2.745863e+00 -4.408125e-07 1.312046e-07 2.825132e-06 2.862325e-06 -8.075351e+01 -7.342475e+01 
1.183239e+02 1.247790e+02 -3.000315e+00 -1.231936e-07 1.251511e-07 2.893768e-06 2.899092e-06 -8.652720e+01 -4.454839e+01 
1.193883e+02 1.247790e+02 -2.971874e+00 1.904552e-07 1.258249e-07 2.886157e-06 2.895170e-06 -8.547791e+01 5.654911e+01 
1.204526e+02 1.247790e+02 -2.662564e+00 5.101239e-07 1.332491e-07 2.802181e-06 2.851351e-06 -7.934419e+01 7.536091e+01 
1.215170e+02 1.247790e+02 -2.094387e+00 8.439099e-07 1.478132e-07 2.639126e-06 2.774710e-06 -7.201467e+01 8.006526e+01 
1.225813e+02 1.247790e+02 -1.307757e+00 1.196750e-06 1.703893e-07 2.390507e-06 2.678762e-06 -6.317542e+01 8.189688e+01 
1.236457e+02 1.247790e+02 -3.586271e-01 1.562932e-06 2.024774e-07 2.044537e-06 2.581450e-06 -5.237384e+01 8.261846e+01 
1.247100e+02 1.247790e+02 6.854902e-01 1.925277e-06 2.467043e-07 1.579190e-06 2.502278e-06 -3.913138e+01 8.269793e+01 
1.257743e+02 1.247790e+02 1.750327e+00 2.237164e-06 3.062598e-07 9.673274e-07 2.456506e-06 -2.319002e+01 8.220487e+01 
1.268387e+02 1.247790e+02 2.760140e+00 2.411669e-06 3.832733e-07 1.919088e-07 2.449465e-06 -4.493571e+00 8.096982e+01 
1.279030e+02 1.247790e+02 3.643101e+00 2.313051e-06 4.731874e-07 -7.007138e-07 2.462745e-06 1.653049e+01 7.843836e+01 
1.289674e+02 1.247790e+02 4.336405e+00 1.842396e-06 5.588516e-07 -1.544804e-06 2.468432e-06 3.874269e+01 7.312594e+01 
1.300317e+02 1.247790e+02 4.790737e+00 1.058495e-06 6.179399e-07 -2.125969e-06 2.453977e-06 6.003562e+01 5.972399e+01 
1.310961e+02 1.247790e+02 4.973780e+00 1.336582e-07 6.409329e-07 -2.352362e-06 2.441775e-06 7.444679e+01 1.177947e+01 
1.321604e+02 1.247790e+02 4.872513e+00 -8.053470e-07 6.283414e-07 -2.228328e-06 2.451294e-06 6.537323e+01 -5.203822e+01 
1.332248e+02 1.247790e+02 4.494141e+00 -1.647451e-06 5.794289e-07 -1.747129e-06 2.470282e-06 4.501234e+01 -7.062260e+01 
1.342891e+02 1.247790e+02 3.865577e+00 -2.222926e-06 4.995222e-07 -9.604971e-07 2.472544e-06 2.285902e+01 -7.733522e+01 
1.353535e+02 1.247790e+02 3.031531e+00 -2.423510e-06 4.084665e-07 -5.901438e-08 2.458399e-06 1.375529e+00 -8.043309e+01 
1.364178e+02 1.247790e+02 2.051329e+00 -2.313371e-06 3.268476e-07 7.590587e-07 2.456559e-06 -1.799853e+01 -8.195812e+01 
1.374822e+02 1.247790e+02 9.946926e-01 -2.028979e-06 2.622935e-07 1.418264e-06 2.489382e-06 -3.473107e+01 -8.263402e+01 
1.385465e+02 1.247790e+02 -6.321798e-02 -1.674794e-06 2.140644e-07 1.922459e-06 2.558634e-06 -4.870846e+01 -8.271621e+01 
1.396109e+02 1.247790e+02 -1.047154e+00 -1.306513e-06 1.787384e-07 2.300952e-06 2.652038e-06 -6.018286e+01 -8.220997e+01 
1.406752e+02 1.247790e+02 -1.887127e+00 -9.487275e-07 1.537102e-07 2.575452e-06 2.748939e-06 -6.953560e+01 -8.079706e+01 
1.417396e+02 1.247790e+02 -2.523389e+00 -6.092089e-07 1.369598e-07 2.762511e-06 2.832201e-06 -7.726338e+01 -7.732966e+01 
1.428039e+02 1.247790e+02 -2.910683e+00 -2.860932e-07 1.275666e-07 2.868842e-06 2.885893e-06 -8.376863e+01 -6.596830e+01 
1.438683e+02 1.247790e+02 -3.021461e+00 2.831532e-08 1.249891e-07 2.898333e-06 2.901165e-06 -8.746819e+01 1.276447e+01 
1.449326e+02 1.247790e+02 -2.847843e+00 3.436691e-07 1.291023e-07 2.851790e-06 2.875323e-06 -8.266451e+01 6.941088e+01 
1.459970e+02 1.247790e+02 -2.402178e+00 6.695545e-07 1.401176e-07 2.727732e-06 2.812198e-06 -7.592174e+01 7.818029e+01 
1.470613e+02 1.247790e+02 -1.716167e+00 1.012559e-06 1.585698e-07 2.522475e-06 2.722737e-06 -6.788774e+01 8.109959e+01 
1.481257e+02 1.247790e+02 -8.386058e-01 1.372548e-06 1.857761e-07 2.225652e-06 2.621436e-06 -5.810524e+01 8.229179e+01 
1.491900e+02 1.247790e+02 1.680840e-01 1.740088e-06 2.236200e-07 1.822105e-06 2.529423e-06 -4.608453e+01 8.267701e+01 
