# 1, 2, 3, 4   , 5   , 6   , 7   , 8   , 9   , 10  
# x, y, z, Bx_si, By_si, Bz_si, In_si, Ic_si, Dc_si, dmeas 
4.993953e+05 4.171925e+06 1.822535e+03 -4.399443e-07 -6.408282e-08 1.430662e-06 1.498149e-06 7.273704e+01 -1.717125e+02 0.000000e+00 
4.993962e+05 4.171924e+06 1.822535e+03 -4.392129e-07 -6.670620e-08 1.432626e-06 1.499925e-06 7.277162e+01 -1.713641e+02 9.620478e-01 
4.993973e+05 4.171925e+06 1.822535e+03 -4.390287e-07 -6.954436e-08 1.433847e-06 1.501166e-06 7.277619e+01 -1.709988e+02 2.028275e+00 
4.993979e+05 4.171925e+06 1.822535e+03 -4.389748e-07 -7.134296e-08 1.434543e-06 1.501899e-06 7.277561e+01 -1.707689e+02 2.709292e+00 
4.993984e+05 4.171925e+06 1.822535e+03 -4.389237e-07 -7.258378e-08 1.435052e-06 1.502431e-06 7.277589e+01 -1.706101e+02 3.174380e+00 
4.993991e+05 4.171925e+06 1.822535e+03 -4.385572e-07 -7.452378e-08 1.436292e-06 1.503602e-06 7.279135e+01 -1.703559e+02 3.862771e+00 
4.993998e+05 4.171925e+06 1.822535e+03 -4.385318e-07 -7.656606e-08 1.437071e-06 1.504442e-06 7.278843e+01 -1.700962e+02 4.630336e+00 
4.994002e+05 4.171925e+06 1.822535e+03 -4.377447e-07 -7.781953e-08 1.438711e-06 1.505843e-06 7.282716e+01 -1.699196e+02 5.134470e+00 
4.994013e+05 4.171924e+06 1.822535e+03 -4.371293e-07 -8.096833e-08 1.440810e-06 1.507837e-06 7.285229e+01 -1.695062e+02 6.220264e+00 
4.994021e+05 4.171924e+06 1.822535e+03 -4.364441e-07 -8.328778e-08 1.442727e-06 1.509597e-06 7.288262e+01 -1.691960e+02 7.005136e+00 
4.994032e+05 4.171925e+06 1.822535e+03 -4.367132e-07 -8.627588e-08 1.443488e-06 1.510570e-06 7.286089e+01 -1.688247e+02 8.172788e+00 
4.994043e+05 4.171925e+06 1.822535e+03 -4.366318e-07 -8.962229e-08 1.444965e-06 1.512152e-06 7.285634e+01 -1.684007e+02 9.369099e+00 
4.994047e+05 4.171925e+06 1.822535e+03 -4.367853e-07 -9.079872e-08 1.445234e-06 1.512524e-06 7.284530e+01 -1.682566e+02 9.837178e+00 
4.994054e+05 4.171925e+06 1.822535e+03 -4.367992e-07 -9.263463e-08 1.445994e-06 1.513365e-06 7.283964e+01 -1.680263e+02 1.049914e+01 
4.994062e+05 4.171925e+06 1.822535e+03 -4.364263e-07 -9.506363e-08 1.447572e-06 1.514915e-06 7.285197e+01 -1.677116e+02 1.129336e+01 
4.994072e+05 4.171925e+06 1.822535e+03 -4.357844e-07 -9.838795e-08 1.449939e-06 1.517205e-06 7.287497e+01 -1.672775e+02 1.235151e+01 
4.994078e+05 4.171926e+06 1.822535e+03 -4.357953e-07 -9.996787e-08 1.450634e-06 1.517976e-06 7.286966e+01 -1.670803e+02 1.290625e+01 
4.994085e+05 4.171925e+06 1.822535e+03 -4.350019e-07 -1.025576e-07 1.452914e-06 1.520100e-06 7.290168e+01 -1.667340e+02 1.370221e+01 
4.994092e+05 4.171926e+06 1.822535e+03 -4.350200e-07 -1.047047e-07 1.453880e-06 1.521175e-06 7.289383e+01 -1.664669e+02 1.444500e+01 
4.994103e+05 4.171926e+06 1.822535e+03 -4.343544e-07 -1.082720e-07 1.456470e-06 1.523710e-06 7.291521e+01 -1.660031e+02 1.552930e+01 
4.994112e+05 4.171925e+06 1.822535e+03 -4.334848e-07 -1.113281e-07 1.459119e-06 1.526215e-06 7.294777e+01 -1.655965e+02 1.642657e+01 
4.994122e+05 4.171926e+06 1.822535e+03 -4.333266e-07 -1.144397e-07 1.460843e-06 1.528048e-06 7.294410e+01 -1.652062e+02 1.741807e+01 
4.994127e+05 4.171926e+06 1.822535e+03 -4.335769e-07 -1.159116e-07 1.461238e-06 1.528608e-06 7.292624e+01 -1.650327e+02 1.798827e+01 
4.994132e+05 4.171926e+06 1.822535e+03 -4.331540e-07 -1.177151e-07 1.462701e-06 1.530024e-06 7.294013e+01 -1.647963e+02 1.850146e+01 
4.994136e+05 4.171926e+06 1.822535e+03 -4.330547e-07 -1.192461e-07 1.463605e-06 1.530978e-06 7.293903e+01 -1.646046e+02 1.897297e+01 
4.994142e+05 4.171926e+06 1.822535e+03 -4.318526e-07 -1.216522e-07 1.466414e-06 1.533514e-06 7.298813e+01 -1.642676e+02 1.970544e+01 
4.994151e+05 4.171925e+06 1.822535e+03 -4.304994e-07 -1.251831e-07 1.470025e-06 1.536871e-06 7.303924e+01 -1.637863e+02 2.069326e+01 
4.994160e+05 4.171925e+06 1.822535e+03 -4.291626e-07 -1.286825e-07 1.473629e-06 1.540235e-06 7.308872e+01 -1.633089e+02 2.165647e+01 
