# 1, 2, 3, 4   , 5   , 6   , 7   , 8   , 9   , 10  
# x, y, z, Bx_si, By_si, Bz_si, In_si, Ic_si, Dc_si, dmeas 
4.993953e+05 4.171925e+06 1.820661e+03 -6.918971e-07 8.021971e-07 -5.151386e-08 1.060611e-06 2.783950e+00 -4.077786e+01 0.000000e+00 
4.993962e+05 4.171924e+06 1.820338e+03 -7.283557e-07 9.891167e-07 3.166378e-07 1.268508e-06 -1.445469e+01 -3.636681e+01 9.620478e-01 
4.993973e+05 4.171925e+06 1.820060e+03 -5.033891e-07 1.126024e-06 6.608208e-07 1.399291e-06 -2.818071e+01 -2.408702e+01 2.028275e+00 
4.993979e+05 4.171925e+06 1.819908e+03 -3.063748e-07 1.255885e-06 7.647860e-07 1.502002e-06 -3.060908e+01 -1.370961e+01 2.709292e+00 
4.993984e+05 4.171925e+06 1.819807e+03 -1.698436e-07 1.308679e-06 8.042426e-07 1.545411e-06 -3.135956e+01 -7.394655e+00 3.174380e+00 
4.993991e+05 4.171925e+06 1.819684e+03 1.218399e-07 1.352881e-06 7.940438e-07 1.573416e-06 -3.030893e+01 5.146149e+00 3.862771e+00 
4.993998e+05 4.171925e+06 1.819787e+03 2.683922e-07 1.437845e-06 5.077570e-07 1.548305e-06 -1.914402e+01 1.057331e+01 4.630336e+00 
4.994002e+05 4.171925e+06 1.819663e+03 2.826319e-07 1.470108e-06 5.209590e-07 1.585086e-06 -1.918764e+01 1.088247e+01 5.134470e+00 
4.994013e+05 4.171924e+06 1.819683e+03 2.760841e-07 1.537493e-06 3.942116e-07 1.611059e-06 -1.416357e+01 1.017998e+01 6.220264e+00 
4.994021e+05 4.171924e+06 1.819637e+03 2.708969e-07 1.555331e-06 3.920148e-07 1.626688e-06 -1.394495e+01 9.880273e+00 7.005136e+00 
4.994032e+05 4.171925e+06 1.819879e+03 2.789033e-07 1.638428e-06 1.908962e-07 1.672924e-06 -6.552251e+00 9.660636e+00 8.172788e+00 
4.994043e+05 4.171925e+06 1.820058e+03 2.253024e-07 1.658259e-06 7.585268e-08 1.675213e-06 -2.595207e+00 7.737217e+00 9.369099e+00 
4.994047e+05 4.171925e+06 1.820165e+03 2.111541e-07 1.654443e-06 2.362540e-08 1.668031e-06 -8.115444e-01 7.273250e+00 9.837178e+00 
4.994054e+05 4.171925e+06 1.820270e+03 1.964412e-07 1.629895e-06 -1.852169e-08 1.641795e-06 6.463884e-01 6.872359e+00 1.049914e+01 
4.994062e+05 4.171925e+06 1.820311e+03 1.928592e-07 1.549641e-06 -1.604373e-08 1.561679e-06 5.886321e-01 7.094218e+00 1.129336e+01 
4.994072e+05 4.171925e+06 1.820337e+03 2.020927e-07 1.417314e-06 3.917525e-08 1.432186e-06 -1.567434e+00 8.115017e+00 1.235151e+01 
4.994078e+05 4.171926e+06 1.820419e+03 2.283962e-07 1.361882e-06 9.456628e-08 1.384135e-06 -3.917590e+00 9.520272e+00 1.290625e+01 
4.994085e+05 4.171925e+06 1.820376e+03 3.978482e-07 1.294053e-06 2.760267e-07 1.381683e-06 -1.152384e+01 1.708970e+01 1.370221e+01 
4.994092e+05 4.171926e+06 1.820589e+03 7.088314e-07 1.291659e-06 1.949544e-07 1.486214e-06 -7.537509e+00 2.875692e+01 1.444500e+01 
4.994103e+05 4.171926e+06 1.820898e+03 9.275532e-07 1.358616e-06 -1.182795e-07 1.649297e-06 4.112504e+00 3.432211e+01 1.552930e+01 
4.994112e+05 4.171925e+06 1.821091e+03 9.996760e-07 1.393490e-06 -3.537203e-07 1.751081e-06 1.165400e+01 3.565528e+01 1.642657e+01 
4.994122e+05 4.171926e+06 1.821449e+03 9.995547e-07 1.442556e-06 -7.100206e-07 1.893200e-06 2.202662e+01 3.471829e+01 1.741807e+01 
4.994127e+05 4.171926e+06 1.821687e+03 9.488534e-07 1.485951e-06 -9.407405e-07 1.998341e-06 2.808369e+01 3.256025e+01 1.798827e+01 
4.994132e+05 4.171926e+06 1.821816e+03 7.923244e-07 1.559267e-06 -1.185881e-06 2.113151e-06 3.413820e+01 2.693690e+01 1.850146e+01 
4.994136e+05 4.171926e+06 1.821982e+03 4.776546e-07 1.604291e-06 -1.347543e-06 2.148901e-06 3.883538e+01 1.658015e+01 1.897297e+01 
4.994142e+05 4.171926e+06 1.821817e+03 -2.272042e-08 1.630975e-06 -1.284913e-06 2.076439e-06 3.822901e+01 -7.981114e-01 1.970544e+01 
4.994151e+05 4.171925e+06 1.821481e+03 -4.403548e-07 1.589774e-06 -8.637250e-07 1.862073e-06 2.763591e+01 -1.548231e+01 2.069326e+01 
4.994160e+05 4.171925e+06 1.821127e+03 -6.250593e-07 1.623706e-06 -3.844799e-07 1.781838e-06 1.246113e+01 -2.105463e+01 2.165647e+01 
