# 1      , 2      , 3      , 4    , 5     , 6      , 7      , 8      ,                    9              , 10  , 11  , 12  , 13    , 14      
# IGRF_In, IGRF_Ic, IGRF_Dc, dmeas, height, In_siB0, Ic_siB0, Dc_siB0,                    height m (-poh), In_m, Ic_m, Dc_m, min hP, max hP  
4.515083e-05 5.339026e+01 3.316879e+00 0.000000e+00 1.820661e+03 4.565554e-05 5.265248e+01 1.791771e+00 1.821700e+03 4.405051e+01 5.456049e+01 -1.468407e+00 1.819637e+03 1.821982e+03 
4.515083e-05 5.339026e+01 3.316879e+00 9.620478e-01 1.820338e+03 4.547705e-05 5.218508e+01 1.704879e+00 1.822200e+03 4.458053e+01 5.420457e+01 -2.710903e+00 1.819637e+03 1.821982e+03 
4.515083e-05 5.339026e+01 3.316879e+00 2.028275e+00 1.820060e+03 4.529485e-05 5.177384e+01 2.156255e+00 1.821700e+03 4.379545e+01 5.379538e+01 -7.000249e+00 1.819637e+03 1.821982e+03 
4.515083e-05 5.339026e+01 3.316879e+00 2.709292e+00 1.819908e+03 4.529880e-05 5.155551e+01 2.546822e+00 1.821800e+03 4.251821e+01 5.312775e+01 -6.550168e+00 1.819637e+03 1.821982e+03 
4.515083e-05 5.339026e+01 3.316879e+00 3.174380e+00 1.819807e+03 4.530471e-05 5.146592e+01 2.818951e+00 1.820800e+03 4.146271e+01 5.199592e+01 -5.011762e+00 1.819637e+03 1.821982e+03 
4.515083e-05 5.339026e+01 3.316879e+00 3.862771e+00 1.819684e+03 4.535007e-05 5.141468e+01 3.404716e+00 1.819500e+03 4.093667e+01 5.093989e+01 -7.730267e-01 1.819637e+03 1.821982e+03 
4.515083e-05 5.339026e+01 3.316879e+00 4.630336e+00 1.819787e+03 4.563252e-05 5.154674e+01 3.689902e+00 1.818800e+03 4.118642e+01 5.076538e+01 8.172899e-01 1.819637e+03 1.821982e+03 
4.515083e-05 5.339026e+01 3.316879e+00 5.134470e+00 1.819663e+03 4.564279e-05 5.150388e+01 3.714372e+00 1.818000e+03 4.268411e+01 5.107304e+01 1.510176e+00 1.819637e+03 1.821982e+03 
4.515083e-05 5.339026e+01 3.316879e+00 6.220264e+00 1.819683e+03 4.578359e-05 5.153716e+01 3.692443e+00 1.817500e+03 4.269671e+01 5.090095e+01 2.328506e+00 1.819637e+03 1.821982e+03 
4.515083e-05 5.339026e+01 3.316879e+00 7.005136e+00 1.819637e+03 4.579618e-05 5.152176e+01 3.679725e+00 1.817200e+03 4.386634e+01 5.017683e+01 1.628405e+00 1.819637e+03 1.821982e+03 
4.515083e-05 5.339026e+01 3.316879e+00 8.172788e+00 1.819879e+03 4.600558e-05 5.159626e+01 3.685051e+00 1.817000e+03 4.515074e+01 4.952832e+01 -9.637552e-01 1.819637e+03 1.821982e+03 
4.515083e-05 5.339026e+01 3.316879e+00 9.369099e+00 1.820058e+03 4.610596e-05 5.166910e+01 3.575319e+00 1.816300e+03 4.361501e+01 4.972351e+01 -3.762961e+00 1.819637e+03 1.821982e+03 
4.515083e-05 5.339026e+01 3.316879e+00 9.837178e+00 1.820165e+03 4.614403e-05 5.171388e+01 3.547498e+00 1.816500e+03 4.205843e+01 4.965739e+01 -2.414322e+00 1.819637e+03 1.821982e+03 
4.515083e-05 5.339026e+01 3.316879e+00 1.049914e+01 1.820270e+03 4.616139e-05 5.177105e+01 3.521090e+00 1.815900e+03 4.009426e+01 4.932981e+01 -2.682306e+00 1.819637e+03 1.821982e+03 
4.515083e-05 5.339026e+01 3.316879e+00 1.129336e+01 1.820311e+03 4.610978e-05 5.184755e+01 3.523813e+00 1.816000e+03 3.900407e+01 4.870306e+01 1.365837e+00 1.819637e+03 1.821982e+03 
4.515083e-05 5.339026e+01 3.316879e+00 1.235151e+01 1.820337e+03 4.598518e-05 5.193389e+01 3.558872e+00 1.816500e+03 4.095240e+01 5.056169e+01 5.981867e+00 1.819637e+03 1.821982e+03 
4.515083e-05 5.339026e+01 3.316879e+00 1.290625e+01 1.820419e+03 4.590847e-05 5.194401e+01 3.618991e+00 1.817000e+03 4.280531e+01 5.197529e+01 4.992380e+00 1.819637e+03 1.821982e+03 
4.515083e-05 5.339026e+01 3.316879e+00 1.370221e+01 1.820376e+03 4.573083e-05 5.185957e+01 3.970756e+00 1.817100e+03 4.393827e+01 5.222140e+01 3.731482e+00 1.819637e+03 1.821982e+03 
4.515083e-05 5.339026e+01 3.316879e+00 1.444500e+01 1.820589e+03 4.580748e-05 5.190169e+01 4.600010e+00 1.817400e+03 4.383608e+01 5.199796e+01 2.733497e+00 1.819637e+03 1.821982e+03 
4.515083e-05 5.339026e+01 3.316879e+00 1.552930e+01 1.820898e+03 4.610665e-05 5.205866e+01 5.029795e+00 1.817800e+03 4.390207e+01 5.207758e+01 1.861931e+00 1.819637e+03 1.821982e+03 
4.515083e-05 5.339026e+01 3.316879e+00 1.642657e+01 1.821091e+03 4.631777e-05 5.219759e+01 5.168619e+00 1.817700e+03 4.323971e+01 5.215844e+01 2.299341e+00 1.819637e+03 1.821982e+03 
4.515083e-05 5.339026e+01 3.316879e+00 1.741807e+01 1.821449e+03 4.662958e-05 5.241850e+01 5.159471e+00 1.817900e+03 4.205228e+01 5.051836e+01 2.336729e+00 1.819637e+03 1.821982e+03 
4.515083e-05 5.339026e+01 3.316879e+00 1.798827e+01 1.821687e+03 4.683616e-05 5.255311e+01 5.050023e+00 1.818000e+03 4.272658e+01 5.140391e+01 4.546601e+00 1.819637e+03 1.821982e+03 
4.515083e-05 5.339026e+01 3.316879e+00 1.850146e+01 1.821816e+03 4.706720e-05 5.267684e+01 4.724013e+00 1.818000e+03 4.332318e+01 5.106100e+01 1.070749e+01 1.819637e+03 1.821982e+03 
4.515083e-05 5.339026e+01 3.316879e+00 1.897297e+01 1.821982e+03 4.720839e-05 5.277581e+01 4.087386e+00 1.818600e+03 4.519098e+01 5.343799e+01 8.513252e+00 1.819637e+03 1.821982e+03 
4.515083e-05 5.339026e+01 3.316879e+00 1.970544e+01 1.821817e+03 4.715572e-05 5.273428e+01 3.082008e+00 1.819700e+03 4.598697e+01 5.354330e+01 7.038659e+00 1.819637e+03 1.821982e+03 
4.515083e-05 5.339026e+01 3.316879e+00 2.069326e+01 1.821481e+03 4.678430e-05 5.248098e+01 2.247833e+00 1.820100e+03 4.672545e+01 5.183955e+01 5.836828e+00 1.819637e+03 1.821982e+03 
4.515083e-05 5.339026e+01 3.316879e+00 2.165647e+01 1.821127e+03 4.642185e-05 5.209404e+01 1.874377e+00 1.821300e+03 4.821794e+01 5.418306e+01 2.486220e+00 1.819637e+03 1.821982e+03 
