# 1    , 2      , 3      , 4      , 5      , 6      , 7       
# dmeas, Bx_siB0, By_siB0, Bz_siB0, In_siB0, Ic_siB0, Dc_siB0 
0.000000e+00 2.768330e-05 8.660029e-07 3.629481e-05 4.565554e-05 5.265248e+01 1.791771e+00 
9.620478e-01 2.787022e-05 8.295443e-07 3.592666e-05 4.547705e-05 5.218508e+01 1.704879e+00 
2.028275e+00 2.800712e-05 1.054511e-06 3.558248e-05 4.529485e-05 5.177384e+01 2.156255e+00 
2.709292e+00 2.813698e-05 1.251525e-06 3.547851e-05 4.529880e-05 5.155551e+01 2.546822e+00 
3.174380e+00 2.818978e-05 1.388056e-06 3.543906e-05 4.530471e-05 5.146592e+01 2.818951e+00 
3.862771e+00 2.823398e-05 1.679740e-06 3.544926e-05 4.535007e-05 5.141468e+01 3.404716e+00 
4.630336e+00 2.831894e-05 1.826292e-06 3.573554e-05 4.563252e-05 5.154674e+01 3.689902e+00 
5.134470e+00 2.835121e-05 1.840532e-06 3.572234e-05 4.564279e-05 5.150388e+01 3.714372e+00 
6.220264e+00 2.841859e-05 1.833984e-06 3.584909e-05 4.578359e-05 5.153716e+01 3.692443e+00 
7.005136e+00 2.843643e-05 1.828797e-06 3.585129e-05 4.579618e-05 5.152176e+01 3.679725e+00 
8.172788e+00 2.851953e-05 1.836803e-06 3.605240e-05 4.600558e-05 5.159626e+01 3.685051e+00 
9.369099e+00 2.853936e-05 1.783202e-06 3.616745e-05 4.610596e-05 5.166910e+01 3.575319e+00 
9.837178e+00 2.853554e-05 1.769054e-06 3.621967e-05 4.614403e-05 5.171388e+01 3.547498e+00 
1.049914e+01 2.851100e-05 1.754341e-06 3.626182e-05 4.616139e-05 5.177105e+01 3.521090e+00 
1.129336e+01 2.843074e-05 1.750759e-06 3.625934e-05 4.610978e-05 5.184755e+01 3.523813e+00 
1.235151e+01 2.829841e-05 1.759993e-06 3.620412e-05 4.598518e-05 5.193389e+01 3.558872e+00 
1.290625e+01 2.824298e-05 1.786296e-06 3.614873e-05 4.590847e-05 5.194401e+01 3.618991e+00 
1.370221e+01 2.817515e-05 1.955748e-06 3.596727e-05 4.573083e-05 5.185957e+01 3.970756e+00 
1.444500e+01 2.817276e-05 2.266731e-06 3.604835e-05 4.580748e-05 5.190169e+01 4.600010e+00 
1.552930e+01 2.823972e-05 2.485453e-06 3.636158e-05 4.610665e-05 5.205866e+01 5.029795e+00 
1.642657e+01 2.827459e-05 2.557576e-06 3.659702e-05 4.631777e-05 5.219759e+01 5.168619e+00 
1.741807e+01 2.832366e-05 2.557455e-06 3.695332e-05 4.662958e-05 5.241850e+01 5.159471e+00 
1.798827e+01 2.836705e-05 2.506753e-06 3.718404e-05 4.683616e-05 5.255311e+01 5.050023e+00 
1.850146e+01 2.844037e-05 2.350224e-06 3.742918e-05 4.706720e-05 5.267684e+01 4.724013e+00 
1.897297e+01 2.848539e-05 2.035555e-06 3.759084e-05 4.720839e-05 5.277581e+01 4.087386e+00 
1.970544e+01 2.851208e-05 1.535180e-06 3.752821e-05 4.715572e-05 5.273428e+01 3.082008e+00 
2.069326e+01 2.847087e-05 1.117545e-06 3.710702e-05 4.678430e-05 5.248098e+01 2.247833e+00 
2.165647e+01 2.850481e-05 9.328407e-07 3.662778e-05 4.642185e-05 5.209404e+01 1.874377e+00 
