# 1    , 2      , 3      , 4      , 5      , 6      , 7       
# dmeas, Bx_siB0, By_siB0, Bz_siB0, In_siB0, Ic_siB0, Dc_siB0 
0.000000e+00 2.754538e-05 1.106051e-06 3.630186e-05 4.558284e-05 5.278702e+01 2.299407e+00 
6.652609e-01 2.761211e-05 1.179953e-06 3.627451e-05 4.560330e-05 5.269646e+01 2.446941e+00 
2.172761e+00 2.783714e-05 1.297696e-06 3.619888e-05 4.568314e-05 5.240946e+01 2.669051e+00 
2.484641e+00 2.786760e-05 1.336006e-06 3.620945e-05 4.571118e-05 5.238552e+01 2.744726e+00 
2.774589e+00 2.789793e-05 1.367908e-06 3.620603e-05 4.572791e-05 5.235131e+01 2.807112e+00 
3.445085e+00 2.794753e-05 1.459551e-06 3.620883e-05 4.576324e-05 5.229975e+01 2.989539e+00 
4.256897e+00 2.800914e-05 1.601027e-06 3.620281e-05 4.580086e-05 5.222661e+01 3.271517e+00 
5.141058e+00 2.809970e-05 1.695129e-06 3.614015e-05 4.581023e-05 5.208377e+01 3.452213e+00 
6.703861e+00 2.822140e-05 1.788139e-06 3.618577e-05 4.592445e-05 5.199354e+01 3.625476e+00 
7.631253e+00 2.827076e-05 1.808989e-06 3.626192e-05 4.601560e-05 5.200229e+01 3.661250e+00 
8.191205e+00 2.829598e-05 1.807226e-06 3.625959e-05 4.602919e-05 5.197593e+01 3.654441e+00 
9.289037e+00 2.830566e-05 1.802427e-06 3.639467e-05 4.614142e-05 5.207010e+01 3.643519e+00 
9.952520e+00 2.830879e-05 1.789388e-06 3.638444e-05 4.613477e-05 5.206004e+01 3.616834e+00 
1.101612e+01 2.827625e-05 1.778739e-06 3.638902e-05 4.611801e-05 5.209602e+01 3.599493e+00 
1.179387e+01 2.823808e-05 1.793623e-06 3.634547e-05 4.606082e-05 5.209920e+01 3.634423e+00 
1.253426e+01 2.820752e-05 1.838222e-06 3.625511e-05 4.597256e-05 5.205720e+01 3.728567e+00 
1.298376e+01 2.818232e-05 1.871351e-06 3.624643e-05 4.595159e-05 5.207313e+01 3.798954e+00 
1.351561e+01 2.815877e-05 1.936732e-06 3.621451e-05 4.591468e-05 5.206743e+01 3.934550e+00 
1.453271e+01 2.813680e-05 2.114928e-06 3.625864e-05 4.594390e-05 5.211025e+01 4.298605e+00 
1.567683e+01 2.815731e-05 2.276155e-06 3.642448e-05 4.609509e-05 5.220448e+01 4.621575e+00 
1.671968e+01 2.818816e-05 2.316672e-06 3.667119e-05 4.631107e-05 5.235826e+01 4.698351e+00 
1.761852e+01 2.823266e-05 2.275867e-06 3.684691e-05 4.647535e-05 5.245050e+01 4.608712e+00 
1.828124e+01 2.824325e-05 2.216654e-06 3.698516e-05 4.658859e-05 5.254840e+01 4.487624e+00 
1.915975e+01 2.827675e-05 2.010675e-06 3.712931e-05 4.671405e-05 5.263835e+01 4.067286e+00 
1.952192e+01 2.828243e-05 1.904512e-06 3.713769e-05 4.671971e-05 5.264620e+01 3.852428e+00 
2.027757e+01 2.831891e-05 1.705201e-06 3.710899e-05 4.671130e-05 5.260172e+01 3.445861e+00 
2.119139e+01 2.834692e-05 1.468125e-06 3.696292e-05 4.660430e-05 5.247828e+01 2.964776e+00 
2.204677e+01 2.836460e-05 1.357037e-06 3.675268e-05 4.644514e-05 5.230845e+01 2.739093e+00 
