# 1      , 2      , 3      , 4    , 5     , 6      , 7      , 8      ,                    9              , 10  , 11  , 12  , 13    , 14      
# IGRF_In, IGRF_Ic, IGRF_Dc, dmeas, height, In_siB0, Ic_siB0, Dc_siB0,                    height m (-poh), In_m, Ic_m, Dc_m, min hP, max hP  
4.515083e-05 5.339026e+01 3.316879e+00 0.000000e+00 1.821905e+03 4.558284e-05 5.278702e+01 2.299407e+00 1.821200e+03 4.416660e+01 5.417064e+01 -1.728288e+00 1.821033e+03 1.822919e+03 
4.515083e-05 5.339026e+01 3.316879e+00 6.652609e-01 1.821799e+03 4.560330e-05 5.269646e+01 2.446941e+00 1.820300e+03 4.431413e+01 5.446570e+01 -2.782710e+00 1.821033e+03 1.822919e+03 
4.515083e-05 5.339026e+01 3.316879e+00 2.172761e+00 1.821467e+03 4.568314e-05 5.240946e+01 2.669051e+00 1.820000e+03 4.409179e+01 5.319657e+01 -3.330224e+00 1.821033e+03 1.822919e+03 
4.515083e-05 5.339026e+01 3.316879e+00 2.484641e+00 1.821449e+03 4.571118e-05 5.238552e+01 2.744726e+00 1.819500e+03 4.362281e+01 5.331047e+01 -3.768971e+00 1.821033e+03 1.822919e+03 
4.515083e-05 5.339026e+01 3.316879e+00 2.774589e+00 1.821412e+03 4.572791e-05 5.235131e+01 2.807112e+00 1.819000e+03 4.321627e+01 5.296373e+01 -3.656749e+00 1.821033e+03 1.822919e+03 
4.515083e-05 5.339026e+01 3.316879e+00 3.445085e+00 1.821352e+03 4.576324e-05 5.229975e+01 2.989539e+00 1.818800e+03 4.271277e+01 5.255337e+01 -3.414551e+00 1.821033e+03 1.822919e+03 
4.515083e-05 5.339026e+01 3.316879e+00 4.256897e+00 1.821282e+03 4.580086e-05 5.222661e+01 3.271517e+00 1.818600e+03 4.229728e+01 5.088891e+01 -1.291003e+00 1.821033e+03 1.822919e+03 
4.515083e-05 5.339026e+01 3.316879e+00 5.141058e+00 1.821126e+03 4.581023e-05 5.208377e+01 3.452213e+00 1.818500e+03 4.225895e+01 5.119414e+01 -2.101686e-02 1.821033e+03 1.822919e+03 
4.515083e-05 5.339026e+01 3.316879e+00 6.703861e+00 1.821033e+03 4.592445e-05 5.199354e+01 3.625476e+00 1.818900e+03 4.304197e+01 5.096346e+01 1.270899e+00 1.821033e+03 1.822919e+03 
4.515083e-05 5.339026e+01 3.316879e+00 7.631253e+00 1.821101e+03 4.601560e-05 5.200229e+01 3.661250e+00 1.819400e+03 4.371422e+01 5.097687e+01 7.038680e-01 1.821033e+03 1.822919e+03 
4.515083e-05 5.339026e+01 3.316879e+00 8.191205e+00 1.821071e+03 4.602919e-05 5.197593e+01 3.654441e+00 1.820300e+03 4.415101e+01 5.030148e+01 1.035434e+00 1.821033e+03 1.822919e+03 
4.515083e-05 5.339026e+01 3.316879e+00 9.289037e+00 1.821314e+03 4.614142e-05 5.207010e+01 3.643519e+00 1.820000e+03 4.409595e+01 5.055193e+01 -6.821405e-01 1.821033e+03 1.822919e+03 
4.515083e-05 5.339026e+01 3.316879e+00 9.952520e+00 1.821308e+03 4.613477e-05 5.206004e+01 3.616834e+00 1.819300e+03 4.353840e+01 5.056360e+01 -7.897561e-01 1.821033e+03 1.822919e+03 
4.515083e-05 5.339026e+01 3.316879e+00 1.101612e+01 1.821388e+03 4.611801e-05 5.209602e+01 3.599493e+00 1.819300e+03 4.240188e+01 5.024130e+01 -7.058302e-01 1.821033e+03 1.822919e+03 
4.515083e-05 5.339026e+01 3.316879e+00 1.179387e+01 1.821387e+03 4.606082e-05 5.209920e+01 3.634423e+00 1.818900e+03 4.182468e+01 5.087974e+01 1.412970e+00 1.821033e+03 1.822919e+03 
4.515083e-05 5.339026e+01 3.316879e+00 1.253426e+01 1.821259e+03 4.597256e-05 5.205720e+01 3.728567e+00 1.819300e+03 4.279615e+01 5.237026e+01 2.212432e+00 1.821033e+03 1.822919e+03 
4.515083e-05 5.339026e+01 3.316879e+00 1.298376e+01 1.821309e+03 4.595159e-05 5.207313e+01 3.798954e+00 1.819600e+03 4.342191e+01 5.169547e+01 2.672560e+00 1.821033e+03 1.822919e+03 
4.515083e-05 5.339026e+01 3.316879e+00 1.351561e+01 1.821307e+03 4.591468e-05 5.206743e+01 3.934550e+00 1.819800e+03 4.368544e+01 5.200559e+01 2.382054e+00 1.821033e+03 1.822919e+03 
4.515083e-05 5.339026e+01 3.316879e+00 1.453271e+01 1.821470e+03 4.594390e-05 5.211025e+01 4.298605e+00 1.820100e+03 4.383858e+01 5.231307e+01 2.738345e+00 1.821033e+03 1.822919e+03 
4.515083e-05 5.339026e+01 3.316879e+00 1.567683e+01 1.821725e+03 4.609509e-05 5.220448e+01 4.621575e+00 1.820200e+03 4.397355e+01 5.174106e+01 3.013775e+00 1.821033e+03 1.822919e+03 
4.515083e-05 5.339026e+01 3.316879e+00 1.671968e+01 1.822101e+03 4.631107e-05 5.235826e+01 4.698351e+00 1.820400e+03 4.383498e+01 5.183831e+01 2.376106e+00 1.821033e+03 1.822919e+03 
4.515083e-05 5.339026e+01 3.316879e+00 1.761852e+01 1.822250e+03 4.647535e-05 5.245050e+01 4.608712e+00 1.820200e+03 4.347907e+01 5.166145e+01 3.883801e+00 1.821033e+03 1.822919e+03 
4.515083e-05 5.339026e+01 3.316879e+00 1.828124e+01 1.822544e+03 4.658859e-05 5.254840e+01 4.487624e+00 1.820800e+03 4.381645e+01 5.270028e+01 4.644055e+00 1.821033e+03 1.822919e+03 
4.515083e-05 5.339026e+01 3.316879e+00 1.915975e+01 1.822824e+03 4.671405e-05 5.263835e+01 4.067286e+00 1.821500e+03 4.455968e+01 5.350383e+01 6.156250e+00 1.821033e+03 1.822919e+03 
4.515083e-05 5.339026e+01 3.316879e+00 1.952192e+01 1.822919e+03 4.671971e-05 5.264620e+01 3.852428e+00 1.821900e+03 4.510349e+01 5.341084e+01 5.462110e+00 1.821033e+03 1.822919e+03 
4.515083e-05 5.339026e+01 3.316879e+00 2.027757e+01 1.822753e+03 4.671130e-05 5.260172e+01 3.445861e+00 1.822500e+03 4.566319e+01 5.301613e+01 5.421609e+00 1.821033e+03 1.822919e+03 
4.515083e-05 5.339026e+01 3.316879e+00 2.119139e+01 1.822449e+03 4.660430e-05 5.247828e+01 2.964776e+00 1.822200e+03 4.651560e+01 5.409598e+01 4.614064e+00 1.821033e+03 1.822919e+03 
4.515083e-05 5.339026e+01 3.316879e+00 2.204677e+01 1.822264e+03 4.644514e-05 5.230845e+01 2.739093e+00 1.822000e+03 4.658271e+01 5.257765e+01 1.367599e+00 1.821033e+03 1.822919e+03 
