# 1, 2, 3, 4   , 5   , 6   , 7   , 8   , 9   , 10  
# x, y, z, Bx_si, By_si, Bz_si, In_si, Ic_si, Dc_si, dmeas 
4.993950e+05 4.171925e+06 1.821905e+03 -4.518491e-07 6.642757e-07 -5.855512e-08 8.055175e-07 4.168653e+00 -3.422406e+01 0.000000e+00 
4.993956e+05 4.171926e+06 1.821799e+03 -3.779471e-07 7.310090e-07 -3.120507e-08 8.235241e-07 2.171578e+00 -2.733992e+01 6.652609e-01 
4.993971e+05 4.171926e+06 1.821467e+03 -2.602036e-07 9.560363e-07 4.442351e-08 9.918089e-07 -2.567159e+00 -1.522535e+01 2.172761e+00 
4.993974e+05 4.171926e+06 1.821449e+03 -2.218943e-07 9.865021e-07 3.385227e-08 1.011716e-06 -1.917489e+00 -1.267659e+01 2.484641e+00 
4.993977e+05 4.171926e+06 1.821412e+03 -1.899923e-07 1.016827e-06 3.727077e-08 1.035096e-06 -2.063499e+00 -1.058357e+01 2.774589e+00 
4.993983e+05 4.171926e+06 1.821352e+03 -9.834875e-08 1.066429e-06 3.447095e-08 1.071509e-06 -1.843551e+00 -5.269058e+00 3.445085e+00 
4.993991e+05 4.171926e+06 1.821282e+03 4.312681e-08 1.128038e-06 4.049064e-08 1.129588e-06 -2.054236e+00 2.189449e+00 4.256897e+00 
4.993999e+05 4.171926e+06 1.821126e+03 1.372285e-07 1.218602e-06 1.031533e-07 1.230635e-06 -4.808244e+00 6.425093e+00 5.141058e+00 
4.994014e+05 4.171925e+06 1.821033e+03 2.302386e-07 1.340304e-06 5.752761e-08 1.361151e-06 -2.422267e+00 9.747192e+00 6.703861e+00 
4.994023e+05 4.171925e+06 1.821101e+03 2.510891e-07 1.389664e-06 -1.862265e-08 1.412288e-06 7.555327e-01 1.024189e+01 7.631253e+00 
4.994029e+05 4.171925e+06 1.821071e+03 2.493263e-07 1.414880e-06 -1.628823e-08 1.436773e-06 6.495580e-01 9.993902e+00 8.191205e+00 
4.994039e+05 4.171926e+06 1.821314e+03 2.445273e-07 1.424565e-06 -1.513655e-07 1.453303e-06 5.978355e+00 9.739930e+00 9.289037e+00 
4.994045e+05 4.171926e+06 1.821308e+03 2.314883e-07 1.427687e-06 -1.411382e-07 1.453202e-06 5.573477e+00 9.209914e+00 9.952520e+00 
4.994056e+05 4.171926e+06 1.821388e+03 2.208393e-07 1.395147e-06 -1.457183e-07 1.420014e-06 5.889922e+00 8.994782e+00 1.101612e+01 
4.994064e+05 4.171926e+06 1.821387e+03 2.357228e-07 1.356982e-06 -1.021670e-07 1.381088e-06 4.242373e+00 9.854573e+00 1.179387e+01 
4.994070e+05 4.171925e+06 1.821259e+03 2.803217e-07 1.326422e-06 -1.181396e-08 1.355771e-06 4.992720e-01 1.193311e+01 1.253426e+01 
4.994075e+05 4.171925e+06 1.821309e+03 3.134508e-07 1.301221e-06 -3.125923e-09 1.338446e-06 1.338137e-01 1.354393e+01 1.298376e+01 
4.994080e+05 4.171925e+06 1.821307e+03 3.788324e-07 1.277675e-06 2.879104e-08 1.332965e-06 -1.237642e+00 1.651517e+01 1.351561e+01 
4.994090e+05 4.171926e+06 1.821470e+03 5.570276e-07 1.255698e-06 -1.534346e-08 1.373788e-06 6.399339e-01 2.392207e+01 1.453271e+01 
4.994101e+05 4.171925e+06 1.821725e+03 7.182547e-07 1.276206e-06 -1.811751e-07 1.475607e-06 7.052578e+00 2.937102e+01 1.567683e+01 
4.994111e+05 4.171926e+06 1.822101e+03 7.587721e-07 1.307063e-06 -4.278856e-07 1.570743e-06 1.580770e+01 3.013588e+01 1.671968e+01 
4.994120e+05 4.171925e+06 1.822250e+03 7.179665e-07 1.351562e-06 -6.036122e-07 1.645157e-06 2.152471e+01 2.797780e+01 1.761852e+01 
4.994124e+05 4.171926e+06 1.822544e+03 6.587538e-07 1.362152e-06 -7.418591e-07 1.685162e-06 2.611857e+01 2.580899e+01 1.828124e+01 
4.994133e+05 4.171926e+06 1.822824e+03 4.527752e-07 1.395648e-06 -8.860096e-07 1.714016e-06 3.112589e+01 1.797407e+01 1.915975e+01 
4.994136e+05 4.171926e+06 1.822919e+03 3.466123e-07 1.401332e-06 -8.943901e-07 1.698177e-06 3.178119e+01 1.389298e+01 1.952192e+01 
4.994143e+05 4.171926e+06 1.822753e+03 1.473014e-07 1.437807e-06 -8.656881e-07 1.684756e-06 3.091968e+01 5.849469e+00 2.027757e+01 
4.994151e+05 4.171925e+06 1.822449e+03 -8.977499e-08 1.465823e-06 -7.196176e-07 1.635404e-06 2.610544e+01 -3.504728e+00 2.119139e+01 
4.994160e+05 4.171925e+06 1.822264e+03 -2.008626e-07 1.483498e-06 -5.093776e-07 1.581321e-06 1.879127e+01 -7.710840e+00 2.204677e+01 
