# 1, 2, 3, 4   , 5   , 6   , 7   , 8   , 9   , 10  
# x, y, z, Bx_si, By_si, Bz_si, In_si, Ic_si, Dc_si, dmeas 
4.993950e+05 4.171925e+06 1.825699e+03 -4.424477e-07 -6.762384e-08 1.442025e-06 1.509890e-06 7.275634e+01 -1.713101e+02 0.000000e+00 
4.993956e+05 4.171926e+06 1.825699e+03 -4.426337e-07 -6.936539e-08 1.442307e-06 1.510293e-06 7.274320e+01 -1.710936e+02 6.652609e-01 
4.993971e+05 4.171926e+06 1.825699e+03 -4.420169e-07 -7.373896e-08 1.444509e-06 1.512423e-06 7.276471e+01 -1.705289e+02 2.172761e+00 
4.993974e+05 4.171926e+06 1.825699e+03 -4.421886e-07 -7.450970e-08 1.444534e-06 1.512534e-06 7.275425e+01 -1.704354e+02 2.484641e+00 
4.993977e+05 4.171926e+06 1.825699e+03 -4.422149e-07 -7.531048e-08 1.444763e-06 1.512801e-06 7.275105e+01 -1.703351e+02 2.774589e+00 
4.993983e+05 4.171926e+06 1.825699e+03 -4.423477e-07 -7.713070e-08 1.445201e-06 1.513349e-06 7.274005e+01 -1.701090e+02 3.445085e+00 
4.993991e+05 4.171926e+06 1.825699e+03 -4.420605e-07 -7.953332e-08 1.446397e-06 1.514532e-06 7.274855e+01 -1.698007e+02 4.256897e+00 
4.993999e+05 4.171926e+06 1.825699e+03 -4.407186e-07 -8.202680e-08 1.449012e-06 1.516772e-06 7.280928e+01 -1.694567e+02 5.141058e+00 
4.994014e+05 4.171925e+06 1.825699e+03 -4.391808e-07 -8.685657e-08 1.452757e-06 1.520174e-06 7.287260e+01 -1.688130e+02 6.703861e+00 
4.994023e+05 4.171925e+06 1.825699e+03 -4.388466e-07 -8.971828e-08 1.454240e-06 1.521660e-06 7.288052e+01 -1.684456e+02 7.631253e+00 
4.994029e+05 4.171925e+06 1.825699e+03 -4.383088e-07 -9.150334e-08 1.455612e-06 1.522923e-06 7.290167e+01 -1.682080e+02 8.191205e+00 
4.994039e+05 4.171926e+06 1.825699e+03 -4.386951e-07 -9.451814e-08 1.456241e-06 1.523819e-06 7.287256e+01 -1.678413e+02 9.289037e+00 
4.994045e+05 4.171926e+06 1.825699e+03 -4.382266e-07 -9.667886e-08 1.457684e-06 1.525199e-06 7.288843e+01 -1.675590e+02 9.952520e+00 
4.994056e+05 4.171926e+06 1.825699e+03 -4.378910e-07 -1.000736e-07 1.459453e-06 1.527013e-06 7.289304e+01 -1.671270e+02 1.101612e+01 
4.994064e+05 4.171926e+06 1.825699e+03 -4.373409e-07 -1.026728e-07 1.461204e-06 1.528701e-06 7.291053e+01 -1.667882e+02 1.179387e+01 
4.994070e+05 4.171925e+06 1.825699e+03 -4.361904e-07 -1.050367e-07 1.463653e-06 1.530874e-06 7.295794e+01 -1.664607e+02 1.253426e+01 
4.994075e+05 4.171925e+06 1.825699e+03 -4.361257e-07 -1.064769e-07 1.464322e-06 1.531595e-06 7.295538e+01 -1.662801e+02 1.298376e+01 
4.994080e+05 4.171925e+06 1.825699e+03 -4.357004e-07 -1.083116e-07 1.465628e-06 1.532851e-06 7.296877e+01 -1.660397e+02 1.351561e+01 
4.994090e+05 4.171926e+06 1.825699e+03 -4.356364e-07 -1.115718e-07 1.467069e-06 1.534444e-06 7.295826e+01 -1.656346e+02 1.453271e+01 
4.994101e+05 4.171925e+06 1.825699e+03 -4.345440e-07 -1.156463e-07 1.470203e-06 1.537433e-06 7.299347e+01 -1.650972e+02 1.567683e+01 
4.994111e+05 4.171926e+06 1.825699e+03 -4.344292e-07 -1.191152e-07 1.471849e-06 1.539239e-06 7.298313e+01 -1.646670e+02 1.671968e+01 
4.994120e+05 4.171925e+06 1.825699e+03 -4.332910e-07 -1.223970e-07 1.474738e-06 1.541939e-06 7.302225e+01 -1.642260e+02 1.761852e+01 
4.994124e+05 4.171926e+06 1.825699e+03 -4.341021e-07 -1.236174e-07 1.474255e-06 1.541802e-06 7.297743e+01 -1.641049e+02 1.828124e+01 
4.994133e+05 4.171926e+06 1.825699e+03 -4.337374e-07 -1.267863e-07 1.476140e-06 1.543759e-06 7.297917e+01 -1.637058e+02 1.915975e+01 
4.994136e+05 4.171926e+06 1.825699e+03 -4.334471e-07 -1.281556e-07 1.477123e-06 1.544731e-06 7.298603e+01 -1.635288e+02 1.952192e+01 
4.994143e+05 4.171926e+06 1.825699e+03 -4.322183e-07 -1.309067e-07 1.479911e-06 1.547283e-06 7.302998e+01 -1.631499e+02 2.027757e+01 
4.994151e+05 4.171925e+06 1.825699e+03 -4.309474e-07 -1.344157e-07 1.483120e-06 1.550299e-06 7.307110e+01 -1.626769e+02 2.119139e+01 
4.994160e+05 4.171925e+06 1.825699e+03 -4.303926e-07 -1.377409e-07 1.485352e-06 1.552573e-06 7.307840e+01 -1.622535e+02 2.204677e+01 
