# 1,2,3, 4    , 5    , 6    , 7    , 8    , 9     
# x,y,z, Bx_si, By_si, Bz_si, In_si, Ic_si, Dc_si 
1.002300e+02 1.247790e+02 1.207864e+00 2.099904e-06 2.734237e-07 1.301308e-06 2.485510e-06 -3.157120e+01 8.258139e+01 
1.012943e+02 1.247790e+02 2.255164e+00 2.359992e-06 3.416179e-07 6.109440e-07 2.461608e-06 -1.437037e+01 8.176343e+01 
1.023587e+02 1.247790e+02 3.211530e+00 2.419607e-06 4.265003e-07 -2.341538e-07 2.468041e-06 5.444088e+00 8.000325e+01 
1.034230e+02 1.247790e+02 4.008937e+00 2.145022e-06 5.173960e-07 -1.129886e-06 2.479004e-06 2.711528e+01 7.643885e+01 
1.044874e+02 1.247790e+02 4.590665e+00 1.502882e-06 5.925273e-07 -1.867029e-06 2.468915e-06 4.913161e+01 6.848262e+01 
1.055517e+02 1.247790e+02 4.915335e+00 6.295449e-07 6.342887e-07 -2.276656e-06 2.445774e-06 6.856816e+01 4.478494e+01 
1.066161e+02 1.247790e+02 4.959853e+00 -3.142164e-07 6.398568e-07 -2.331139e-06 2.437695e-06 7.299675e+01 -2.615441e+01 
1.076804e+02 1.247790e+02 4.721053e+00 -1.223929e-06 6.095892e-07 -2.033796e-06 2.450699e-06 5.608682e+01 -6.352397e+01 
1.087448e+02 1.247790e+02 4.215920e+00 -1.958457e-06 5.437859e-07 -1.388077e-06 2.461303e-06 3.433010e+01 -7.448214e+01 
1.098091e+02 1.247790e+02 3.480385e+00 -2.354438e-06 4.552533e-07 -5.170819e-07 2.453162e-06 1.216817e+01 -7.905636e+01 
1.108735e+02 1.247790e+02 2.566767e+00 -2.387189e-06 3.667562e-07 3.607234e-07 2.441988e-06 -8.494653e+00 -8.126565e+01 
1.119378e+02 1.247790e+02 1.540052e+00 -2.177204e-06 2.929645e-07 1.103364e-06 2.458344e-06 -2.666825e+01 -8.233631e+01 
1.130022e+02 1.247790e+02 4.732709e-01 -1.849622e-06 2.365340e-07 1.682769e-06 2.511725e-06 -4.206439e+01 -8.271244e+01 
1.140665e+02 1.247790e+02 -5.576963e-01 -1.485010e-06 1.948024e-07 2.121248e-06 2.596709e-06 -5.477554e+01 -8.252666e+01 
1.151309e+02 1.247790e+02 -1.479516e+00 -1.120185e-06 1.645749e-07 2.446177e-06 2.695493e-06 -6.516299e+01 -8.164204e+01 
1.161952e+02 1.247790e+02 -2.226619e+00 -7.721111e-07 1.435901e-07 2.676291e-06 2.789141e-06 -7.364583e+01 -7.946501e+01 
1.172596e+02 1.247790e+02 -2.745863e+00 -4.414227e-07 1.304298e-07 2.822779e-06 2.860061e-06 -8.073873e+01 -7.353886e+01 
1.183239e+02 1.247790e+02 -3.000315e+00 -1.237553e-07 1.243302e-07 2.891284e-06 2.896601e-06 -8.652794e+01 -4.486723e+01 
1.193883e+02 1.247790e+02 -2.971874e+00 1.899872e-07 1.250088e-07 2.883695e-06 2.892649e-06 -8.549064e+01 5.665566e+01 
1.204526e+02 1.247790e+02 -2.662564e+00 5.097754e-07 1.324886e-07 2.799892e-06 2.849003e-06 -7.934613e+01 7.543136e+01 
1.215170e+02 1.247790e+02 -2.094387e+00 8.436853e-07 1.471587e-07 2.637158e-06 2.772736e-06 -7.200867e+01 8.010580e+01 
1.225813e+02 1.247790e+02 -1.307757e+00 1.196635e-06 1.698889e-07 2.389003e-06 2.677337e-06 -6.316443e+01 8.191959e+01 
1.236457e+02 1.247790e+02 -3.586271e-01 1.562894e-06 2.021741e-07 2.043626e-06 2.580682e-06 -5.236283e+01 8.262922e+01 
1.247100e+02 1.247790e+02 6.854902e-01 1.925275e-06 2.466319e-07 1.578972e-06 2.502132e-06 -3.912768e+01 8.270005e+01 
1.257743e+02 1.247790e+02 1.750327e+00 2.237153e-06 3.064378e-07 9.678630e-07 2.456728e-06 -2.320139e+01 8.220035e+01 
1.268387e+02 1.247790e+02 2.760140e+00 2.411604e-06 3.837024e-07 1.932018e-07 2.449569e-06 -4.523716e+00 8.095963e+01 
1.279030e+02 1.247790e+02 3.643101e+00 2.312898e-06 4.738467e-07 -6.987235e-07 2.462162e-06 1.648621e+01 7.842194e+01 
1.289674e+02 1.247790e+02 4.336405e+00 1.842132e-06 5.596985e-07 -1.542242e-06 2.466824e-06 3.869637e+01 7.309954e+01 
1.300317e+02 1.247790e+02 4.790737e+00 1.058115e-06 6.189128e-07 -2.123019e-06 2.451503e-06 5.999788e+01 5.967577e+01 
1.310961e+02 1.247790e+02 4.973780e+00 1.331759e-07 6.419571e-07 -2.349248e-06 2.439018e-06 7.440670e+01 1.171994e+01 
1.321604e+02 1.247790e+02 4.872513e+00 -8.059004e-07 6.293367e-07 -2.225292e-06 2.448972e-06 6.532133e+01 -5.201332e+01 
1.332248e+02 1.247790e+02 4.494141e+00 -1.648027e-06 5.803182e-07 -1.744408e-06 2.468952e-06 4.495392e+01 -7.060136e+01 
1.342891e+02 1.247790e+02 3.865577e+00 -2.223463e-06 5.002397e-07 -9.582933e-07 2.472318e-06 2.280582e+01 -7.732059e+01 
1.353535e+02 1.247790e+02 3.031531e+00 -2.423938e-06 4.089640e-07 -5.747997e-08 2.458868e-06 1.339502e+00 -8.042331e+01 
1.364178e+02 1.247790e+02 2.051329e+00 -2.313618e-06 3.270983e-07 7.598352e-07 2.457065e-06 -1.801374e+01 -8.195288e+01 
1.374822e+02 1.247790e+02 9.946926e-01 -2.028977e-06 2.622922e-07 1.418260e-06 2.489379e-06 -3.473102e+01 -8.263405e+01 
1.385465e+02 1.247790e+02 -6.321798e-02 -1.674491e-06 2.138260e-07 1.921713e-06 2.557855e-06 -4.870300e+01 -8.272293e+01 
1.396109e+02 1.247790e+02 -1.047154e+00 -1.305877e-06 1.782931e-07 2.299550e-06 2.650478e-06 -6.018072e+01 -8.222540e+01 
1.406752e+02 1.247790e+02 -1.887127e+00 -9.477569e-07 1.530990e-07 2.573514e-06 2.746754e-06 -6.954210e+01 -8.082381e+01 
1.417396e+02 1.247790e+02 -2.523389e+00 -6.079333e-07 1.362296e-07 2.760179e-06 2.829617e-06 -7.728071e+01 -7.736945e+01 
1.428039e+02 1.247790e+02 -2.910683e+00 -2.845766e-07 1.267671e-07 2.866268e-06 2.883149e-06 -8.379687e+01 -6.598901e+01 
1.438683e+02 1.247790e+02 -3.021461e+00 2.997761e-08 1.241707e-07 2.895675e-06 2.898491e-06 -8.747412e+01 1.357277e+01 
1.449326e+02 1.247790e+02 -2.847843e+00 3.453567e-07 1.283155e-07 2.849210e-06 2.872931e-06 -8.263212e+01 6.961771e+01 
1.459970e+02 1.247790e+02 -2.402178e+00 6.711309e-07 1.394126e-07 2.725395e-06 2.810272e-06 -7.588248e+01 7.826497e+01 
1.470613e+02 1.247790e+02 -1.716167e+00 1.013883e-06 1.579951e-07 2.520548e-06 2.721412e-06 -6.784868e+01 8.114274e+01 
1.481257e+02 1.247790e+02 -8.386058e-01 1.373488e-06 1.853768e-07 2.224297e-06 2.620751e-06 -5.807330e+01 8.231336e+01 
1.491900e+02 1.247790e+02 1.680840e-01 1.740533e-06 2.234341e-07 1.821466e-06 2.529252e-06 -4.606769e+01 8.268489e+01 
