# 1    , 2      , 3      , 4      , 5      , 6      , 7       
# dmeas, Bx_siB0, By_siB0, Bz_siB0, In_siB0, Ic_siB0, Dc_siB0 
0.000000e+00 2.712372e-05 3.661104e-06 3.500439e-05 4.443431e-05 5.197839e+01 7.687206e+00 
0.000000e+00 2.719192e-05 3.921192e-06 3.569476e-05 4.504322e-05 5.241559e+01 8.205731e+00 
0.000000e+00 2.727680e-05 3.980807e-06 3.653985e-05 4.577151e-05 5.296901e+01 8.303192e+00 
0.000000e+00 2.736770e-05 3.706222e-06 3.743559e-05 4.652043e-05 5.358254e+01 7.712262e+00 
0.000000e+00 2.744283e-05 3.064082e-06 3.817273e-05 4.711321e-05 5.411881e+01 6.370875e+00 
0.000000e+00 2.748459e-05 2.190745e-06 3.858236e-05 4.742152e-05 5.444960e+01 4.557304e+00 
0.000000e+00 2.749016e-05 1.246984e-06 3.863684e-05 4.743489e-05 5.454028e+01 2.597219e+00 
0.000000e+00 2.745989e-05 3.372712e-07 3.833950e-05 4.716011e-05 5.438659e+01 7.036898e-01 
0.000000e+00 2.739409e-05 -3.972571e-07 3.769378e-05 4.659844e-05 5.398922e+01 -8.308202e-01 
0.000000e+00 2.730555e-05 -7.932375e-07 3.682278e-05 4.584910e-05 5.343004e+01 -1.663998e+00 
0.000000e+00 2.721706e-05 -8.259892e-07 3.594498e-05 4.509425e-05 5.285479e+01 -1.738291e+00 
0.000000e+00 2.714326e-05 -6.160035e-07 3.520234e-05 4.445605e-05 5.235833e+01 -1.300077e+00 
0.000000e+00 2.708683e-05 -2.884221e-07 3.462293e-05 4.396052e-05 5.196100e+01 -6.100655e-01 
0.000000e+00 2.704510e-05 7.618967e-08 3.418445e-05 4.358922e-05 5.165053e+01 1.614095e-01 
0.000000e+00 2.701487e-05 4.410146e-07 3.385952e-05 4.331819e-05 5.141161e+01 9.352636e-01 
0.000000e+00 2.699389e-05 7.890889e-07 3.362941e-05 4.313038e-05 5.123449e+01 1.674401e+00 
0.000000e+00 2.698073e-05 1.119777e-06 3.348292e-05 4.301534e-05 5.111384e+01 2.376574e+00 
0.000000e+00 2.697463e-05 1.437445e-06 3.341442e-05 4.296766e-05 5.104721e+01 3.050336e+00 
0.000000e+00 2.697531e-05 1.751187e-06 3.342200e-05 4.298563e-05 5.103368e+01 3.714324e+00 
0.000000e+00 2.698279e-05 2.070975e-06 3.350581e-05 4.306970e-05 5.107270e+01 4.388945e+00 
0.000000e+00 2.699746e-05 2.404885e-06 3.366854e-05 4.322288e-05 5.116471e+01 5.090370e+00 
0.000000e+00 2.702019e-05 2.757835e-06 3.391670e-05 4.345157e-05 5.131218e+01 5.827754e+00 
0.000000e+00 2.705247e-05 3.124094e-06 3.426207e-05 4.376627e-05 5.152153e+01 6.587494e+00 
0.000000e+00 2.709693e-05 3.486475e-06 3.472673e-05 4.418535e-05 5.180706e+01 7.331782e+00 
0.000000e+00 2.715674e-05 3.798353e-06 3.533784e-05 4.472895e-05 5.218963e+01 7.962180e+00 
0.000000e+00 2.723400e-05 3.972804e-06 3.611250e-05 4.540470e-05 5.268806e+01 8.299573e+00 
0.000000e+00 2.732415e-05 3.874098e-06 3.700442e-05 4.616216e-05 5.328490e+01 8.069776e+00 
0.000000e+00 2.741000e-05 3.403332e-06 3.784794e-05 4.685464e-05 5.387897e+01 7.077843e+00 
0.000000e+00 2.746921e-05 2.619315e-06 3.842872e-05 4.730946e-05 5.431969e+01 5.446945e+00 
0.000000e+00 2.749226e-05 1.694376e-06 3.865495e-05 4.746472e-05 5.452740e+01 3.526737e+00 
0.000000e+00 2.747964e-05 7.552996e-07 3.853099e-05 4.733221e-05 5.449396e+01 1.574423e+00 
0.000000e+00 2.743062e-05 -8.682739e-08 3.805011e-05 4.690690e-05 5.421174e+01 -1.813604e-01 
0.000000e+00 2.735054e-05 -6.622634e-07 3.726399e-05 4.622873e-05 5.371455e+01 -1.387084e+00 
0.000000e+00 2.725926e-05 -8.627382e-07 3.636318e-05 4.545429e-05 5.312957e+01 -1.812770e+00 
0.000000e+00 2.717740e-05 -7.524179e-07 3.554586e-05 4.475138e-05 5.258887e+01 -1.585853e+00 
0.000000e+00 2.711259e-05 -4.677772e-07 3.488744e-05 4.418648e-05 5.214349e+01 -9.884336e-01 
0.000000e+00 2.706413e-05 -1.132909e-07 3.438399e-05 4.375772e-05 5.179297e+01 -2.398397e-01 
0.000000e+00 2.702859e-05 2.553226e-07 3.400615e-05 4.343994e-05 5.152056e+01 5.412221e-01 
0.000000e+00 2.700340e-05 6.134431e-07 3.373219e-05 4.321366e-05 5.131470e+01 1.301379e+00 
0.000000e+00 2.698653e-05 9.532667e-07 3.354552e-05 4.306371e-05 5.116675e+01 2.023063e+00 
0.000000e+00 2.697707e-05 1.276623e-06 3.343943e-05 4.298357e-05 5.107403e+01 2.709361e+00 
0.000000e+00 2.697447e-05 1.591178e-06 3.341003e-05 4.296957e-05 5.103476e+01 3.375867e+00 
0.000000e+00 2.697862e-05 1.906557e-06 3.345649e-05 4.302113e-05 5.104827e+01 4.042326e+00 
0.000000e+00 2.698971e-05 2.232331e-06 3.358030e-05 4.314006e-05 5.111449e+01 4.728197e+00 
0.000000e+00 2.700830e-05 2.575083e-06 3.378515e-05 4.333031e-05 5.123420e+01 5.446354e+00 
0.000000e+00 2.703568e-05 2.934688e-06 3.408140e-05 4.360140e-05 5.141267e+01 6.195128e+00 
0.000000e+00 2.707373e-05 3.301733e-06 3.448423e-05 4.396647e-05 5.165877e+01 6.953078e+00 
