# 1, 2, 3, 4   , 5   , 6   , 7   , 8   , 9   , 10  
# x, y, z, Bx_si, By_si, Bz_si, In_si, Ic_si, Dc_si, dmeas 
1.002300e+02 1.247790e+02 1.000000e+00 0.000000e+00 0.000000e+00 0.000000e+00 6.037031e-07 7.262276e+01 1.758060e+02 
1.012943e+02 1.247790e+02 1.000000e+00 0.000000e+00 0.000000e+00 0.000000e+00 6.026171e-07 7.257251e+01 1.760201e+02 
1.023587e+02 1.247790e+02 1.000000e+00 0.000000e+00 0.000000e+00 0.000000e+00 6.015871e-07 7.252441e+01 1.762294e+02 
1.034230e+02 1.247790e+02 1.000000e+00 0.000000e+00 0.000000e+00 0.000000e+00 6.006119e-07 7.247848e+01 1.764342e+02 
1.044874e+02 1.247790e+02 1.000000e+00 0.000000e+00 0.000000e+00 0.000000e+00 5.996903e-07 7.243472e+01 1.766348e+02 
1.055517e+02 1.247790e+02 1.000000e+00 0.000000e+00 0.000000e+00 0.000000e+00 5.988214e-07 7.239313e+01 1.768315e+02 
1.066161e+02 1.247790e+02 1.000000e+00 0.000000e+00 0.000000e+00 0.000000e+00 5.980041e-07 7.235374e+01 1.770245e+02 
1.076804e+02 1.247790e+02 1.000000e+00 0.000000e+00 0.000000e+00 0.000000e+00 5.972375e-07 7.231654e+01 1.772140e+02 
1.087448e+02 1.247790e+02 1.000000e+00 0.000000e+00 0.000000e+00 0.000000e+00 5.965208e-07 7.228153e+01 1.774004e+02 
1.098091e+02 1.247790e+02 1.000000e+00 0.000000e+00 0.000000e+00 0.000000e+00 5.958532e-07 7.224873e+01 1.775838e+02 
1.108735e+02 1.247790e+02 1.000000e+00 0.000000e+00 0.000000e+00 0.000000e+00 5.952340e-07 7.221814e+01 1.777644e+02 
1.119378e+02 1.247790e+02 1.000000e+00 0.000000e+00 0.000000e+00 0.000000e+00 5.946624e-07 7.218975e+01 1.779425e+02 
1.130022e+02 1.247790e+02 1.000000e+00 0.000000e+00 0.000000e+00 0.000000e+00 5.941379e-07 7.216358e+01 1.781183e+02 
1.140665e+02 1.247790e+02 1.000000e+00 0.000000e+00 0.000000e+00 0.000000e+00 5.936599e-07 7.213962e+01 1.782920e+02 
1.151309e+02 1.247790e+02 1.000000e+00 0.000000e+00 0.000000e+00 0.000000e+00 5.932278e-07 7.211789e+01 1.784638e+02 
1.161952e+02 1.247790e+02 1.000000e+00 0.000000e+00 0.000000e+00 0.000000e+00 5.928412e-07 7.209837e+01 1.786339e+02 
1.172596e+02 1.247790e+02 1.000000e+00 0.000000e+00 0.000000e+00 0.000000e+00 5.924996e-07 7.208107e+01 1.788024e+02 
1.183239e+02 1.247790e+02 1.000000e+00 0.000000e+00 0.000000e+00 0.000000e+00 5.922028e-07 7.206600e+01 1.789696e+02 
1.193883e+02 1.247790e+02 1.000000e+00 0.000000e+00 0.000000e+00 0.000000e+00 5.919504e-07 7.205315e+01 1.791357e+02 
1.204526e+02 1.247790e+02 1.000000e+00 0.000000e+00 0.000000e+00 0.000000e+00 5.917421e-07 7.204252e+01 1.793009e+02 
1.215170e+02 1.247790e+02 1.000000e+00 0.000000e+00 0.000000e+00 0.000000e+00 5.915777e-07 7.203412e+01 1.794652e+02 
1.225813e+02 1.247790e+02 1.000000e+00 0.000000e+00 0.000000e+00 0.000000e+00 5.914570e-07 7.202795e+01 1.796290e+02 
1.236457e+02 1.247790e+02 1.000000e+00 0.000000e+00 0.000000e+00 0.000000e+00 5.913799e-07 7.202400e+01 1.797924e+02 
1.247100e+02 1.247790e+02 1.000000e+00 0.000000e+00 0.000000e+00 0.000000e+00 5.913463e-07 7.202228e+01 1.799556e+02 
1.257743e+02 1.247790e+02 1.000000e+00 0.000000e+00 0.000000e+00 0.000000e+00 5.913562e-07 7.202279e+01 -1.798813e+02 
1.268387e+02 1.247790e+02 1.000000e+00 0.000000e+00 0.000000e+00 0.000000e+00 5.914096e-07 7.202552e+01 -1.797181e+02 
1.279030e+02 1.247790e+02 1.000000e+00 0.000000e+00 0.000000e+00 0.000000e+00 5.915065e-07 7.203048e+01 -1.795546e+02 
1.289674e+02 1.247790e+02 1.000000e+00 0.000000e+00 0.000000e+00 0.000000e+00 5.916471e-07 7.203767e+01 -1.793905e+02 
1.300317e+02 1.247790e+02 1.000000e+00 0.000000e+00 0.000000e+00 0.000000e+00 5.918314e-07 7.204708e+01 -1.792258e+02 
1.310961e+02 1.247790e+02 1.000000e+00 0.000000e+00 0.000000e+00 0.000000e+00 5.920598e-07 7.205872e+01 -1.790603e+02 
1.321604e+02 1.247790e+02 1.000000e+00 0.000000e+00 0.000000e+00 0.000000e+00 5.923324e-07 7.207258e+01 -1.788937e+02 
1.332248e+02 1.247790e+02 1.000000e+00 0.000000e+00 0.000000e+00 0.000000e+00 5.926495e-07 7.208867e+01 -1.787259e+02 
1.342891e+02 1.247790e+02 1.000000e+00 0.000000e+00 0.000000e+00 0.000000e+00 5.930115e-07 7.210697e+01 -1.785567e+02 
1.353535e+02 1.247790e+02 1.000000e+00 0.000000e+00 0.000000e+00 0.000000e+00 5.934187e-07 7.212750e+01 -1.783858e+02 
1.364178e+02 1.247790e+02 1.000000e+00 0.000000e+00 0.000000e+00 0.000000e+00 5.938717e-07 7.215025e+01 -1.782132e+02 
1.374822e+02 1.247790e+02 1.000000e+00 0.000000e+00 0.000000e+00 0.000000e+00 5.943708e-07 7.217522e+01 -1.780386e+02 
1.385465e+02 1.247790e+02 1.000000e+00 0.000000e+00 0.000000e+00 0.000000e+00 5.949167e-07 7.220240e+01 -1.778618e+02 
1.396109e+02 1.247790e+02 1.000000e+00 0.000000e+00 0.000000e+00 0.000000e+00 5.955098e-07 7.223179e+01 -1.776825e+02 
1.406752e+02 1.247790e+02 1.000000e+00 0.000000e+00 0.000000e+00 0.000000e+00 5.961510e-07 7.226339e+01 -1.775007e+02 
1.417396e+02 1.247790e+02 1.000000e+00 0.000000e+00 0.000000e+00 0.000000e+00 5.968408e-07 7.229719e+01 -1.773160e+02 
1.428039e+02 1.247790e+02 1.000000e+00 0.000000e+00 0.000000e+00 0.000000e+00 5.975801e-07 7.233320e+01 -1.771282e+02 
1.438683e+02 1.247790e+02 1.000000e+00 0.000000e+00 0.000000e+00 0.000000e+00 5.983696e-07 7.237140e+01 -1.769371e+02 
1.449326e+02 1.247790e+02 1.000000e+00 0.000000e+00 0.000000e+00 0.000000e+00 5.992103e-07 7.241179e+01 -1.767425e+02 
1.459970e+02 1.247790e+02 1.000000e+00 0.000000e+00 0.000000e+00 0.000000e+00 6.001031e-07 7.245436e+01 -1.765440e+02 
1.470613e+02 1.247790e+02 1.000000e+00 0.000000e+00 0.000000e+00 0.000000e+00 6.010489e-07 7.249911e+01 -1.763415e+02 
1.481257e+02 1.247790e+02 1.000000e+00 0.000000e+00 0.000000e+00 0.000000e+00 6.020490e-07 7.254603e+01 -1.761347e+02 
1.491900e+02 1.247790e+02 1.000000e+00 0.000000e+00 0.000000e+00 0.000000e+00 6.031043e-07 7.259511e+01 -1.759233e+02 
